time,last_price,volume,money,bid1_price,bid2_price,bid3_price,bid4_price,bid5_price,bid1_volume,bid2_volume,bid3_volume,bid4_volume,bid5_volume,ask1_price,ask2_price,ask3_price,ask4_price,ask5_price,ask1_volume,ask2_volume,ask3_volume,ask4_volume,ask5_volume
85551000,0.0,0,0.0,0.0,0.0,0.0,0.0,0.0,0,0,0,0,0,0.0,0.0,0.0,0.0,0.0,0,0,0,0,0
85851000,0.0,0,0.0,0.0,0.0,0.0,0.0,0.0,0,0,0,0,0,0.0,0.0,0.0,0.0,0.0,0,0,0,0,0
85951000,0.0,0,0.0,0.0,0.0,0.0,0.0,0.0,0,0,0,0,0,0.0,0.0,0.0,0.0,0.0,0,0,0,0,0
90351000,0.0,0,0.0,0.0,0.0,0.0,0.0,0.0,0,0,0,0,0,0.0,0.0,0.0,0.0,0.0,0,0,0,0,0
90451000,0.0,0,0.0,0.0,0.0,0.0,0.0,0.0,0,0,0,0,0,0.0,0.0,0.0,0.0,0.0,0,0,0,0,0
90751000,0.0,0,0.0,0.0,0.0,0.0,0.0,0.0,0,0,0,0,0,0.0,0.0,0.0,0.0,0.0,0,0,0,0,0
90851000,0.0,0,0.0,0.0,0.0,0.0,0.0,0.0,0,0,0,0,0,0.0,0.0,0.0,0.0,0.0,0,0,0,0,0
91151000,0.0,0,0.0,0.0,0.0,0.0,0.0,0.0,0,0,0,0,0,0.0,0.0,0.0,0.0,0.0,0,0,0,0,0
91251000,0.0,0,0.0,0.0,0.0,0.0,0.0,0.0,0,0,0,0,0,0.0,0.0,0.0,0.0,0.0,0,0,0,0,0
91351000,0.0,0,0.0,0.0,0.0,0.0,0.0,0.0,0,0,0,0,0,0.0,0.0,0.0,0.0,0.0,0,0,0,0,0
91500000,0.0,0,0.0,6.59,0.0,0.0,0.0,0.0,15100,0,0,0,0,6.59,0.0,0.0,0.0,0.0,15100,5800,0,0,0
91509000,0.0,0,0.0,6.53,0.0,0.0,0.0,0.0,21700,0,0,0,0,6.53,0.0,0.0,0.0,0.0,21700,12800,0,0,0
91527000,0.0,0,0.0,6.53,0.0,0.0,0.0,0.0,21700,0,0,0,0,6.53,0.0,0.0,0.0,0.0,21700,16600,0,0,0
91536000,0.0,0,0.0,6.53,0.0,0.0,0.0,0.0,21800,0,0,0,0,6.53,0.0,0.0,0.0,0.0,21800,16500,0,0,0
91554000,0.0,0,0.0,6.5,0.0,0.0,0.0,0.0,53000,6300,0,0,0,6.5,0.0,0.0,0.0,0.0,53000,0,0,0,0
91630000,0.0,0,0.0,6.53,0.0,0.0,0.0,0.0,21800,0,0,0,0,6.53,0.0,0.0,0.0,0.0,21800,16500,0,0,0
91657000,0.0,0,0.0,6.53,0.0,0.0,0.0,0.0,24800,0,0,0,0,6.53,0.0,0.0,0.0,0.0,24800,13500,0,0,0
91742000,0.0,0,0.0,6.52,0.0,0.0,0.0,0.0,26300,0,0,0,0,6.52,0.0,0.0,0.0,0.0,26300,900,0,0,0
91751000,0.0,0,0.0,6.47,0.0,0.0,0.0,0.0,78600,0,0,0,0,6.47,0.0,0.0,0.0,0.0,78600,0,0,0,0
91818000,0.0,0,0.0,6.47,0.0,0.0,0.0,0.0,79100,1000,0,0,0,6.47,0.0,0.0,0.0,0.0,79100,0,0,0,0
91903000,0.0,0,0.0,6.47,0.0,0.0,0.0,0.0,79100,3000,0,0,0,6.47,0.0,0.0,0.0,0.0,79100,0,0,0,0
91912000,0.0,0,0.0,6.47,0.0,0.0,0.0,0.0,82100,0,0,0,0,6.47,0.0,0.0,0.0,0.0,82100,199200,0,0,0
91939000,0.0,0,0.0,6.46,0.0,0.0,0.0,0.0,86800,3200,0,0,0,6.46,0.0,0.0,0.0,0.0,86800,0,0,0,0
91957000,0.0,0,0.0,6.46,0.0,0.0,0.0,0.0,86800,8400,0,0,0,6.46,0.0,0.0,0.0,0.0,86800,0,0,0,0
92000000,0.0,0,0.0,6.46,0.0,0.0,0.0,0.0,87000,9600,0,0,0,6.46,0.0,0.0,0.0,0.0,87000,0,0,0,0
92027000,0.0,0,0.0,6.47,0.0,0.0,0.0,0.0,89700,0,0,0,0,6.47,0.0,0.0,0.0,0.0,89700,208800,0,0,0
92054000,0.0,0,0.0,6.46,0.0,0.0,0.0,0.0,94300,18400,0,0,0,6.46,0.0,0.0,0.0,0.0,94300,0,0,0,0
92121000,0.0,0,0.0,6.46,0.0,0.0,0.0,0.0,94300,21600,0,0,0,6.46,0.0,0.0,0.0,0.0,94300,0,0,0,0
92148000,0.0,0,0.0,6.46,0.0,0.0,0.0,0.0,127400,0,0,0,0,6.46,0.0,0.0,0.0,0.0,127400,8900,0,0,0
92242000,0.0,0,0.0,6.46,0.0,0.0,0.0,0.0,144300,6600,0,0,0,6.46,0.0,0.0,0.0,0.0,144300,0,0,0,0
92309000,0.0,0,0.0,6.46,0.0,0.0,0.0,0.0,157300,0,0,0,0,6.46,0.0,0.0,0.0,0.0,157300,7900,0,0,0
92336000,0.0,0,0.0,6.46,0.0,0.0,0.0,0.0,178900,600,0,0,0,6.46,0.0,0.0,0.0,0.0,178900,0,0,0,0
92403000,0.0,0,0.0,6.46,0.0,0.0,0.0,0.0,194200,0,0,0,0,6.46,0.0,0.0,0.0,0.0,194200,3700,0,0,0
92430000,0.0,0,0.0,6.46,0.0,0.0,0.0,0.0,195800,0,0,0,0,6.46,0.0,0.0,0.0,0.0,195800,33800,0,0,0
92457000,0.0,0,0.0,6.46,0.0,0.0,0.0,0.0,205500,0,0,0,0,6.46,0.0,0.0,0.0,0.0,205500,41800,0,0,0
92651000,6.46,206300,1332698.0,6.45,6.44,6.43,6.42,6.41,34600,10600,73300,55700,66800,6.46,6.47,6.48,6.49,6.5,52500,222500,231900,200000,216900
92951000,6.46,206300,1332698.0,6.45,6.44,6.43,6.42,6.41,34600,10600,73300,55700,66800,6.46,6.47,6.48,6.49,6.5,52500,222500,231900,200000,216900
93000000,6.45,312700,2019513.0,6.45,6.44,6.43,6.42,6.41,12700,18600,74500,56900,74900,6.46,6.47,6.48,6.49,6.5,11100,223600,231900,200000,217900
93021000,6.44,607900,3922234.0,6.43,6.42,6.41,6.4,6.39,59100,89700,132000,183200,170200,6.44,6.45,6.46,6.47,6.48,13000,60000,142500,232800,233200
93024000,6.44,612400,3951209.0,6.43,6.42,6.41,6.4,6.39,59100,89700,132000,170300,170200,6.44,6.45,6.46,6.47,6.48,11000,60000,142300,232800,233200
93027000,6.44,616600,3978222.0,6.43,6.42,6.41,6.4,6.39,62300,89700,132700,169500,170200,6.44,6.45,6.46,6.47,6.48,12000,60000,142300,232800,233200
93045000,6.45,694600,4480354.0,6.44,6.43,6.42,6.41,6.4,9700,70000,102900,133200,178700,6.45,6.46,6.47,6.48,6.49,77700,138900,246800,233200,308700
93048000,6.45,723000,4663346.0,6.44,6.43,6.42,6.41,6.4,24900,58400,102900,133200,180700,6.45,6.46,6.47,6.48,6.49,47700,138900,246800,233200,308700
93051000,6.45,731500,4718153.0,6.44,6.43,6.42,6.41,6.4,36500,60200,102900,136200,181000,6.45,6.46,6.47,6.48,6.49,42600,138900,246800,233200,308700
93112000,6.46,868500,5601437.0,6.45,6.44,6.43,6.42,6.41,20200,46100,116000,102600,141700,6.46,6.47,6.48,6.49,6.5,151000,246800,233200,253400,225500
93115000,6.45,876300,5651757.0,6.44,6.43,6.42,6.41,6.4,47200,117000,104100,145000,187800,6.45,6.46,6.47,6.48,6.49,300,225800,246800,233200,253400
93118000,6.44,935000,6029821.0,6.43,6.42,6.41,6.4,6.39,125400,104100,145000,188300,171300,6.44,6.45,6.46,6.47,6.48,37700,178500,244200,246800,233200
93139000,6.41,1240500,7992553.0,6.41,6.4,6.39,6.38,6.37,159200,195700,176300,138900,13100,6.43,6.44,6.45,6.46,6.47,123100,52500,37800,179300,236800
93142000,6.42,1271000,8188431.0,6.42,6.41,6.4,6.39,6.38,3100,166200,201300,176300,138900,6.43,6.44,6.45,6.46,6.47,108200,52300,37800,179300,236800
93145000,6.43,1345900,8668674.0,6.42,6.41,6.4,6.39,6.38,3200,112700,202200,176300,136900,6.43,6.44,6.45,6.46,6.47,108800,52300,39000,180300,236800
93148000,6.42,1362200,8773308.0,6.41,6.4,6.39,6.38,6.37,111900,201900,176300,136900,14300,6.42,6.43,6.44,6.45,6.46,3800,112400,52300,39000,180200
93206000,6.43,1579900,10172205.0,6.43,6.42,6.41,6.4,6.39,1500,41800,151100,239500,181700,6.44,6.45,6.46,6.47,6.48,51600,43900,176600,236800,233200
93209000,6.43,1588500,10227503.0,6.43,6.42,6.41,6.4,6.39,700,49200,151300,238600,181700,6.44,6.45,6.46,6.47,6.48,36300,65500,176600,236800,233200
93212000,6.44,1599500,10298307.0,6.43,6.42,6.41,6.4,6.39,24100,57600,154300,238600,181700,6.44,6.45,6.46,6.47,6.48,27400,65800,176600,236800,233200
93215000,6.44,1604600,10331119.0,6.43,6.42,6.41,6.4,6.39,22400,54600,157200,237800,183300,6.44,6.45,6.46,6.47,6.48,25500,65800,176600,236800,233200
93233000,6.44,1667000,10732844.0,6.44,6.43,6.42,6.41,6.4,8700,22100,63000,157400,234800,6.45,6.46,6.47,6.48,6.49,207500,170300,237300,233200,259500
93236000,6.44,1700300,10947113.0,6.43,6.42,6.41,6.4,6.39,5100,69700,164800,235400,186600,6.44,6.45,6.46,6.47,6.48,37000,207700,170300,237300,233200
93239000,6.44,1711800,11021070.0,6.42,6.41,6.4,6.39,6.38,95200,166800,238400,187500,192400,6.43,6.44,6.45,6.46,6.47,300,35800,208100,170300,237300
93242000,6.44,1716200,11049390.0,6.43,6.42,6.41,6.4,6.39,27200,96600,168600,238700,187500,6.44,6.45,6.46,6.47,6.48,7800,208100,170300,237300,233200
93300000,6.43,1749800,11265612.0,6.43,6.42,6.41,6.4,6.39,90400,98500,172500,243000,187500,6.44,6.45,6.46,6.47,6.48,6900,212000,144100,237300,233200
93303000,6.44,1751000,11273340.0,6.43,6.42,6.41,6.4,6.39,92800,98500,172500,246000,187500,6.44,6.45,6.46,6.47,6.48,11700,213000,144100,237300,233200
93306000,6.44,1754300,11294592.0,6.43,6.42,6.41,6.4,6.39,84500,98500,172500,247200,187500,6.44,6.45,6.46,6.47,6.48,13500,213000,144100,237300,233200
93309000,6.43,1756300,11307457.0,6.43,6.42,6.41,6.4,6.39,85500,102500,170200,246300,207200,6.44,6.45,6.46,6.47,6.48,14500,213000,143100,237300,233200
93327000,6.43,1871400,12047663.0,6.42,6.41,6.4,6.39,6.38,110700,174100,224500,207200,195900,6.43,6.44,6.45,6.46,6.47,2500,61500,208300,143000,237300
93330000,6.43,1878300,12092026.0,6.43,6.42,6.41,6.4,6.39,400,118400,179100,224500,207200,6.44,6.45,6.46,6.47,6.48,62600,228300,143000,237300,233200
93333000,6.43,1882800,12120956.0,6.42,6.41,6.4,6.39,6.38,119000,168100,225000,207200,195900,6.43,6.44,6.45,6.46,6.47,3200,68900,228300,143000,237300
93354000,6.43,1975700,12718402.0,6.42,6.41,6.4,6.39,6.38,132100,186900,244600,208400,202400,6.43,6.44,6.45,6.46,6.47,5600,90000,224200,143000,237300
93357000,6.43,1975800,12719045.0,6.42,6.41,6.4,6.39,6.38,133600,189500,245000,208400,202500,6.43,6.44,6.45,6.46,6.47,8200,90000,224000,148000,237300
93400000,6.43,1984300,12773701.0,6.43,6.42,6.41,6.4,6.39,3000,138200,189500,247000,208400,6.44,6.45,6.46,6.47,6.48,89800,224000,148000,237300,239000
93403000,6.43,1992100,12823855.0,6.43,6.42,6.41,6.4,6.39,2600,138200,189500,246700,208400,6.44,6.45,6.46,6.47,6.48,89400,224000,148000,237300,239000
93421000,6.43,2023600,13026477.0,6.43,6.42,6.41,6.4,6.39,13900,140000,192500,259700,211700,6.44,6.45,6.46,6.47,6.48,83300,231200,148200,240100,239000
93424000,6.43,2030400,13070210.0,6.43,6.42,6.41,6.4,6.39,11000,141000,192500,264700,212200,6.44,6.45,6.46,6.47,6.48,82400,231700,148200,240100,239000
93427000,6.43,2030700,13072139.0,6.43,6.42,6.41,6.4,6.39,18700,141000,192700,265700,212200,6.44,6.45,6.46,6.47,6.48,82500,231700,148200,240100,239000
93430000,6.43,2044000,13157670.0,6.43,6.42,6.41,6.4,6.39,8700,141400,193000,266200,212200,6.44,6.45,6.46,6.47,6.48,81300,231700,148200,240100,243000
93448000,6.43,2104100,13544160.0,6.43,6.42,6.41,6.4,6.39,88300,148300,194900,265900,213200,6.44,6.45,6.46,6.47,6.48,81300,232700,148200,240100,243000
93451000,6.44,2104400,13546092.0,6.43,6.42,6.41,6.4,6.39,78000,148300,192300,265900,213300,6.44,6.45,6.46,6.47,6.48,144600,232600,147900,240100,243700
93454000,6.44,2111200,13589817.0,6.43,6.42,6.41,6.4,6.39,82600,149600,192300,265900,213300,6.44,6.45,6.46,6.47,6.48,170700,228600,147900,240100,243700
93457000,6.43,2113800,13606535.0,6.43,6.42,6.41,6.4,6.39,80600,149600,193300,266100,213300,6.44,6.45,6.46,6.47,6.48,170800,228600,150900,240100,248700
93515000,6.44,2128000,13697896.0,6.43,6.42,6.41,6.4,6.39,133100,151800,207100,269200,213300,6.44,6.45,6.46,6.47,6.48,84800,233000,151100,240100,248700
93518000,6.43,2131100,13717829.0,6.43,6.42,6.41,6.4,6.39,112300,151800,207100,270200,213300,6.44,6.45,6.46,6.47,6.48,115100,233000,151100,240100,248700
93521000,6.43,2142400,13790507.0,6.43,6.42,6.41,6.4,6.39,107200,161800,207700,272200,213300,6.44,6.45,6.46,6.47,6.48,131700,233000,151100,240100,248700
93542000,6.43,2285000,14707475.0,6.43,6.42,6.41,6.4,6.39,4300,165800,193800,275500,214300,6.44,6.45,6.46,6.47,6.48,202800,231100,140400,240100,248700
93545000,6.43,2293200,14760201.0,6.42,6.41,6.4,6.39,6.38,167800,196800,279000,214300,236900,6.43,6.44,6.45,6.46,6.47,3400,213800,231200,140400,240100
93548000,6.44,2302600,14820655.0,6.43,6.42,6.41,6.4,6.39,500,179000,196800,280500,214300,6.44,6.45,6.46,6.47,6.48,233000,231200,140400,240100,248700
93551000,6.44,2310800,14873382.0,6.43,6.42,6.41,6.4,6.39,2900,178900,196800,296000,214300,6.44,6.45,6.46,6.47,6.48,233900,231000,140400,240100,248000
93609000,6.43,2393900,15408191.0,6.43,6.42,6.41,6.4,6.39,40500,179000,198900,313700,222300,6.44,6.45,6.46,6.47,6.48,101700,231000,142300,240400,248000
93612000,6.43,2427800,15626188.0,6.43,6.42,6.41,6.4,6.39,21500,180000,198900,314700,222300,6.44,6.45,6.46,6.47,6.48,99900,231000,142300,240400,248000
93615000,6.44,2434000,15666104.0,6.43,6.42,6.41,6.4,6.39,21000,180000,199400,315300,222300,6.44,6.45,6.46,6.47,6.48,94900,231000,142300,240400,248000
93618000,6.43,2444500,15733619.0,6.43,6.42,6.41,6.4,6.39,15900,180200,199400,314400,222300,6.44,6.45,6.46,6.47,6.48,95400,231000,142300,240400,248000
93636000,6.43,2525200,16252573.0,6.43,6.42,6.41,6.4,6.39,9000,185300,188600,317300,222400,6.44,6.45,6.46,6.47,6.48,93400,237100,142300,243900,248000
93639000,6.44,2527300,16266087.0,6.43,6.42,6.41,6.4,6.39,13700,186300,181600,317300,222400,6.44,6.45,6.46,6.47,6.48,94500,237100,142300,243900,248000
93642000,6.44,2534100,16309818.0,6.43,6.42,6.41,6.4,6.39,21800,186300,181600,318300,222400,6.44,6.45,6.46,6.47,6.48,92600,238500,142300,243900,248000
93645000,6.43,2534600,16313033.0,6.43,6.42,6.41,6.4,6.39,21500,186000,183600,319400,222400,6.44,6.45,6.46,6.47,6.48,92900,240000,142300,243900,248000
93703000,6.43,2579000,16598623.0,6.43,6.42,6.41,6.4,6.39,4000,188400,189500,321800,222400,6.44,6.45,6.46,6.47,6.48,110900,240000,142300,243900,252800
93709000,6.43,2616100,16837175.0,6.42,6.41,6.4,6.39,6.38,206400,189000,322700,222400,296000,6.43,6.44,6.45,6.46,6.47,21800,155800,240000,144800,243900
93712000,6.43,2644000,17016571.0,6.42,6.41,6.4,6.39,6.38,206700,189900,322700,222400,295300,6.43,6.44,6.45,6.46,6.47,5300,151500,240000,144800,243900
93730000,6.43,2669700,17181776.0,6.42,6.41,6.4,6.39,6.38,251400,189400,331100,219900,295800,6.43,6.44,6.45,6.46,6.47,16600,111400,230100,144800,243900
93733000,6.43,2679900,17247361.0,6.42,6.41,6.4,6.39,6.38,254300,189500,329100,219900,295800,6.43,6.44,6.45,6.46,6.47,17600,111300,230100,144800,243900
93736000,6.42,2935000,18885101.0,6.41,6.4,6.39,6.38,6.37,190000,329100,220900,296500,41100,6.42,6.43,6.44,6.45,6.46,5400,28100,104900,230100,144800
93739000,6.42,2939100,18911417.0,6.41,6.4,6.39,6.38,6.37,189400,329500,220900,298500,41100,6.42,6.43,6.44,6.45,6.46,2400,30600,104900,230100,144800
93757000,6.43,2971900,19122028.0,6.42,6.41,6.4,6.39,6.38,30200,202300,350200,220900,304600,6.43,6.44,6.45,6.46,6.47,25400,103400,231400,144800,243900
93800000,6.42,2985700,19210635.0,6.42,6.41,6.4,6.39,6.38,18900,203900,349800,220900,304600,6.43,6.44,6.45,6.46,6.47,30500,103400,227700,144800,243900
93803000,6.42,2987500,19222193.0,6.42,6.41,6.4,6.39,6.38,17700,203700,349800,220900,304600,6.43,6.44,6.45,6.46,6.47,42000,103400,229100,144800,243900
93824000,6.42,3209500,20647581.0,6.42,6.41,6.4,6.39,6.38,3200,227300,385900,220400,305800,6.43,6.44,6.45,6.46,6.47,41800,108500,229000,144800,243900
93827000,6.43,3210500,20654010.0,6.42,6.41,6.4,6.39,6.38,3100,228300,386400,220400,305800,6.43,6.44,6.45,6.46,6.47,45100,108500,229000,144800,243900
93830000,6.42,3218900,20707942.0,6.41,6.4,6.39,6.38,6.37,228300,357400,220400,305800,42100,6.42,6.43,6.44,6.45,6.46,1600,44700,108500,229000,144800
93833000,6.41,3225900,20752883.0,6.41,6.4,6.39,6.38,6.37,228200,359100,220400,305800,42100,6.42,6.43,6.44,6.45,6.46,33000,52700,108800,229000,144800
93851000,6.41,3313300,21313822.0,6.41,6.4,6.39,6.38,6.37,221500,364800,220400,306900,42200,6.42,6.43,6.44,6.45,6.46,35960,70200,106100,228300,144800
93854000,6.41,3314300,21320241.0,6.41,6.4,6.39,6.38,6.37,221700,365100,220400,306900,42200,6.42,6.43,6.44,6.45,6.46,39060,70200,104100,228300,144800
93857000,6.41,3361100,21620245.0,6.41,6.4,6.39,6.38,6.37,164100,368500,220400,306900,42200,6.42,6.43,6.44,6.45,6.46,41560,70200,104100,225400,144800
93900000,6.41,3361800,21624733.0,6.41,6.4,6.39,6.38,6.37,169700,368600,220400,306900,42700,6.42,6.43,6.44,6.45,6.46,53860,119900,104100,225300,144800
93918000,6.41,3415000,21965844.0,6.41,6.4,6.39,6.38,6.37,160200,366000,220500,306900,43400,6.42,6.43,6.44,6.45,6.46,61860,120800,100600,225200,144800
93921000,6.42,3417600,21982530.0,6.41,6.4,6.39,6.38,6.37,160700,366000,220400,301900,43400,6.42,6.43,6.44,6.45,6.46,114360,120800,100000,223100,144800
93924000,6.41,3418600,21988949.0,6.41,6.4,6.39,6.38,6.37,161100,367000,220400,301900,43400,6.42,6.43,6.44,6.45,6.46,115760,118700,100000,223100,144800
93927000,6.42,3433500,22084586.0,6.41,6.4,6.39,6.38,6.37,165900,367000,220400,302900,43400,6.42,6.43,6.44,6.45,6.46,103560,118700,102000,223100,144800
93945000,6.41,3499300,22506645.0,6.41,6.4,6.39,6.38,6.37,163000,373000,235500,298900,44900,6.42,6.43,6.44,6.45,6.46,92060,131400,103000,223100,148300
93948000,6.41,3502100,22524593.0,6.41,6.4,6.39,6.38,6.37,165700,376000,235000,298900,44900,6.42,6.43,6.44,6.45,6.46,98060,131700,102900,223100,148300
93954000,6.41,3531100,22710518.0,6.41,6.4,6.39,6.38,6.37,127700,382700,235000,298900,45400,6.42,6.43,6.44,6.45,6.46,103960,129400,107800,223100,148300
94012000,6.41,3732400,24001036.0,6.4,6.39,6.38,6.37,6.36,441800,235600,303200,46600,87600,6.41,6.42,6.43,6.44,6.45,8100,194560,129700,106900,223100
94015000,6.41,3739500,24046547.0,6.4,6.39,6.38,6.37,6.36,443400,237200,303200,46600,87600,6.41,6.42,6.43,6.44,6.45,6800,194560,129800,106900,223600
94018000,6.41,3741900,24061931.0,6.4,6.39,6.38,6.37,6.36,446500,237200,303200,46600,87600,6.41,6.42,6.43,6.44,6.45,7600,194060,129900,106900,223600
94021000,6.4,3758200,24166399.0,6.4,6.39,6.38,6.37,6.36,447700,237200,303200,46600,87600,6.41,6.42,6.43,6.44,6.45,17500,196860,119900,107900,223600
94042000,6.41,3815700,24534798.0,6.41,6.4,6.39,6.38,6.37,99400,456700,237800,306200,47100,6.42,6.43,6.44,6.45,6.46,97560,120400,106400,226600,149100
94045000,6.41,3815700,24534798.0,6.41,6.4,6.39,6.38,6.37,106300,456100,237800,306200,57100,6.42,6.43,6.44,6.45,6.46,99560,120400,106400,226600,149100
94048000,6.42,3815900,24536082.0,6.41,6.4,6.39,6.38,6.37,109200,459000,237800,306700,57100,6.42,6.43,6.44,6.45,6.46,99960,102800,106400,226600,149100
94106000,6.42,3858200,24807252.0,6.41,6.4,6.39,6.38,6.37,112600,456800,238000,308700,58000,6.42,6.43,6.44,6.45,6.46,119960,102300,106400,227800,148100
94109000,6.41,3859800,24817510.0,6.41,6.4,6.39,6.38,6.37,123000,451100,238300,308700,58000,6.42,6.43,6.44,6.45,6.46,119160,102400,109900,227800,148100
94112000,6.42,3868000,24870117.0,6.41,6.4,6.39,6.38,6.37,143000,449700,238300,308700,58000,6.42,6.43,6.44,6.45,6.46,115760,102400,109900,227800,146200
94115000,6.42,3870700,24887450.0,6.41,6.4,6.39,6.38,6.37,180700,451900,238300,309700,63400,6.42,6.43,6.44,6.45,6.46,116460,102000,109900,227800,146200
94133000,6.43,4028160,25898419.2,6.42,6.41,6.4,6.39,6.38,63240,159800,453600,237700,311800,6.43,6.44,6.45,6.46,6.47,103200,109200,227800,146200,248600
94136000,6.42,4049460,26035196.2,6.42,6.41,6.4,6.39,6.38,52940,164800,452200,239700,313800,6.43,6.44,6.45,6.46,6.47,101700,109200,228100,146200,248600
94139000,6.42,4058360,26092340.2,6.42,6.41,6.4,6.39,6.38,52240,167600,452200,239700,313800,6.43,6.44,6.45,6.46,6.47,101100,109200,228100,146200,248600
94142000,6.43,4058560,26093626.2,6.42,6.41,6.4,6.39,6.38,55140,168600,451200,239700,313800,6.43,6.44,6.45,6.46,6.47,100900,109600,228100,146200,248600
94200000,6.43,4088160,26283729.2,6.42,6.41,6.4,6.39,6.38,80340,168700,462400,238700,315300,6.43,6.44,6.45,6.46,6.47,89100,109200,231600,146200,248600
94203000,6.42,4098360,26349215.2,6.42,6.41,6.4,6.39,6.38,75340,168600,463400,238700,315300,6.43,6.44,6.45,6.46,6.47,89000,109200,226600,146200,248600
94206000,6.43,4099660,26357574.2,6.42,6.41,6.4,6.39,6.38,134840,169100,463400,238700,315300,6.43,6.44,6.45,6.46,6.47,88200,109200,226600,156200,248600
94209000,6.42,4193860,26963261.2,6.43,6.42,6.41,6.4,6.39,28200,133740,159800,470000,236700,6.44,6.45,6.46,6.47,6.48,98000,226600,156200,248600,255000
94227000,6.43,4261160,27396238.2,6.43,6.42,6.41,6.4,6.39,66400,119140,158600,471900,241700,6.44,6.45,6.46,6.47,6.48,62900,227100,156200,248300,255000
94230000,6.44,4266660,27431652.2,6.43,6.42,6.41,6.4,6.39,68900,124840,158100,472300,241700,6.44,6.45,6.46,6.47,6.48,58800,227100,156200,248300,255000
94233000,6.44,4275560,27488968.2,6.43,6.42,6.41,6.4,6.39,84200,125340,158100,475900,241700,6.44,6.45,6.46,6.47,6.48,52800,227100,156200,248300,255000
94236000,6.44,4276460,27494764.2,6.43,6.42,6.41,6.4,6.39,88200,125340,158100,473000,241700,6.44,6.45,6.46,6.47,6.48,53800,230300,156200,248300,255000
94254000,6.44,4315560,27746442.2,6.43,6.42,6.41,6.4,6.39,87000,125100,147300,475900,241900,6.44,6.45,6.46,6.47,6.48,34500,239100,156200,248300,255000
94257000,6.43,4316360,27751593.2,6.43,6.42,6.41,6.4,6.39,86900,125100,147000,475900,241900,6.44,6.45,6.46,6.47,6.48,38900,238100,156200,248300,255000
94300000,6.43,4316860,27754808.2,6.43,6.42,6.41,6.4,6.39,86400,125100,147500,475400,241900,6.44,6.45,6.46,6.47,6.48,52800,238100,156200,248300,255000
94303000,6.44,4327460,27823069.2,6.43,6.42,6.41,6.4,6.39,89900,129200,148300,475700,241900,6.44,6.45,6.46,6.47,6.48,45300,238100,156200,248300,255000
94321000,6.44,4334560,27868757.2,6.43,6.42,6.41,6.4,6.39,97700,65000,148800,479600,242900,6.44,6.45,6.46,6.47,6.48,44600,235100,156200,248300,258900
94324000,6.43,4334860,27870688.2,6.43,6.42,6.41,6.4,6.39,107600,65000,148800,492600,242900,6.44,6.45,6.46,6.47,6.48,44800,235100,156200,248300,258900
94327000,6.44,4335060,27871976.2,6.43,6.42,6.41,6.4,6.39,170800,65000,153800,492600,242900,6.44,6.45,6.46,6.47,6.48,44600,235100,156200,248300,258900
94330000,6.44,4341160,27911259.2,6.43,6.42,6.41,6.4,6.39,165700,65000,153800,495100,242900,6.44,6.45,6.46,6.47,6.48,89800,235100,156200,248300,258900
94348000,6.44,4393160,28246060.2,6.43,6.42,6.41,6.4,6.39,161800,66200,155600,510700,242800,6.44,6.45,6.46,6.47,6.48,67000,237200,157000,248300,258900
94351000,6.44,4393160,28246060.2,6.43,6.42,6.41,6.4,6.39,161800,69200,154600,510700,243300,6.44,6.45,6.46,6.47,6.48,68000,237200,157000,248300,258900
94354000,6.43,4395260,28259568.2,6.43,6.42,6.41,6.4,6.39,165200,69200,154600,510500,246400,6.44,6.45,6.46,6.47,6.48,67500,237200,157000,248300,258900
94357000,6.44,4401360,28298811.2,6.43,6.42,6.41,6.4,6.39,159100,69200,151600,510500,247400,6.44,6.45,6.46,6.47,6.48,66000,237200,157000,248300,258900
94415000,6.44,4421260,28426956.2,6.43,6.42,6.41,6.4,6.39,211300,63500,151700,530400,247400,6.44,6.45,6.46,6.47,6.48,55900,237200,157000,241800,258900
94421000,6.44,4430360,28485554.2,6.43,6.42,6.41,6.4,6.39,221000,63500,157400,529800,248300,6.44,6.45,6.46,6.47,6.48,49200,237200,157000,231800,258900
94424000,6.44,4447360,28595034.2,6.43,6.42,6.41,6.4,6.39,212200,63500,157400,530800,250300,6.44,6.45,6.46,6.47,6.48,33600,235800,157000,231800,258900
94442000,6.44,4507160,28980140.2,6.43,6.42,6.41,6.4,6.39,272300,76600,168000,537100,249700,6.44,6.45,6.46,6.47,6.48,12400,229000,157000,231800,258900
94445000,6.44,4521760,29074164.2,6.43,6.42,6.41,6.4,6.39,272300,76600,168000,537400,249700,6.44,6.45,6.46,6.47,6.48,6700,245200,157000,231800,258900
94448000,6.44,4521760,29074164.2,6.43,6.42,6.41,6.4,6.39,272600,78600,168500,538400,249700,6.44,6.45,6.46,6.47,6.48,14500,245200,156800,231800,258900
94451000,6.44,4527860,29113447.2,6.43,6.42,6.41,6.4,6.39,274600,78600,172300,541400,249700,6.44,6.45,6.46,6.47,6.48,10600,291700,156800,231800,258900
94509000,6.44,4558760,29312427.2,6.43,6.42,6.41,6.4,6.39,282400,84400,175300,560700,250700,6.44,6.45,6.46,6.47,6.48,15600,277900,151800,231800,258900
94512000,6.44,4559760,29318864.2,6.43,6.42,6.41,6.4,6.39,271200,84400,175300,561700,250700,6.44,6.45,6.46,6.47,6.48,15800,277900,151800,231800,258900
94515000,6.44,4564760,29351060.2,6.43,6.42,6.41,6.4,6.39,270900,85400,175300,561300,250700,6.44,6.45,6.46,6.47,6.48,12800,277900,151800,231800,258900
94518000,6.44,4569060,29378752.2,6.43,6.42,6.41,6.4,6.39,270900,85400,175900,564300,250700,6.44,6.45,6.46,6.47,6.48,14400,277100,151800,231800,258900
94536000,6.44,4595860,29551246.2,6.43,6.42,6.41,6.4,6.39,284300,93800,169600,564200,252600,6.44,6.45,6.46,6.47,6.48,8400,275100,151800,231800,258900
94539000,6.44,4597560,29562194.2,6.43,6.42,6.41,6.4,6.39,284400,94000,169600,563200,252600,6.44,6.45,6.46,6.47,6.48,6700,275100,151800,231800,258900
94542000,6.44,4597860,29564126.2,6.43,6.42,6.41,6.4,6.39,284400,94500,169600,564200,252600,6.44,6.45,6.46,6.47,6.48,6400,275100,151800,231800,258900
94545000,6.43,4602360,29593062.2,6.43,6.42,6.41,6.4,6.39,280500,94500,169600,564200,252600,6.44,6.45,6.46,6.47,6.48,6300,276100,151800,231800,258900
94603000,6.44,4662760,29982116.2,6.43,6.42,6.41,6.4,6.39,268400,97800,176600,598600,252600,6.44,6.45,6.46,6.47,6.48,4100,259500,141800,231800,258900
94606000,6.44,4662760,29982116.2,6.43,6.42,6.41,6.4,6.39,277700,97800,177600,598600,249500,6.44,6.45,6.46,6.47,6.48,17200,259500,141800,231800,258900
94609000,6.44,4683560,30116068.2,6.44,6.43,6.42,6.41,6.4,70000,227400,100400,177700,596800,6.45,6.46,6.47,6.48,6.49,259500,141800,231800,258900,281100
94612000,6.44,4686060,30132170.2,6.44,6.43,6.42,6.41,6.4,118700,227400,100400,178700,596800,6.45,6.46,6.47,6.48,6.49,259300,142200,231800,258900,281100
94630000,6.44,4694060,30183695.2,6.44,6.43,6.42,6.41,6.4,158300,201600,104400,186700,599500,6.45,6.46,6.47,6.48,6.49,280500,121100,231800,258900,281100
94633000,6.44,4701760,30233349.2,6.44,6.43,6.42,6.41,6.4,157500,201700,104300,186700,599500,6.45,6.46,6.47,6.48,6.49,273900,121100,231800,258900,281100
94636000,6.45,4702860,30240443.2,6.44,6.43,6.42,6.41,6.4,157400,201700,104300,186700,600100,6.45,6.46,6.47,6.48,6.49,273400,121100,231800,258900,281100
94639000,6.44,4703160,30242375.2,6.44,6.43,6.42,6.41,6.4,167900,198700,104600,186700,599600,6.45,6.46,6.47,6.48,6.49,274300,121400,231800,258900,281100
94657000,6.44,4723560,30373858.2,6.44,6.43,6.42,6.41,6.4,201900,198700,355600,182900,600100,6.45,6.46,6.47,6.48,6.49,215600,122400,231800,257900,281100
94700000,6.44,4728060,30402849.2,6.44,6.43,6.42,6.41,6.4,198600,198700,355600,182900,600100,6.45,6.46,6.47,6.48,6.49,216500,122400,231800,257900,281100
94703000,6.45,4739760,30478207.2,6.44,6.43,6.42,6.41,6.4,190700,195900,355600,182900,600100,6.45,6.46,6.47,6.48,6.49,219000,122400,231800,257900,281100
94706000,6.45,4753160,30564537.2,6.44,6.43,6.42,6.41,6.4,205800,181400,355900,182900,600100,6.45,6.46,6.47,6.48,6.49,215600,122600,231800,257900,281100
94724000,6.45,4847960,31175974.2,6.44,6.43,6.42,6.41,6.4,260500,185600,363600,176000,603100,6.45,6.46,6.47,6.48,6.49,124000,122600,231800,257900,283100
94727000,6.44,4851260,31197258.2,6.44,6.43,6.42,6.41,6.4,264200,185600,363600,176000,609700,6.45,6.46,6.47,6.48,6.49,120800,122600,231800,257900,283100
94730000,6.45,4864760,31284321.2,6.44,6.43,6.42,6.41,6.4,263100,185600,363600,176000,611000,6.45,6.46,6.47,6.48,6.49,110500,122600,231800,257900,283100
94733000,6.45,4865760,31290771.2,6.44,6.43,6.42,6.41,6.4,265500,185600,367600,177000,611500,6.45,6.46,6.47,6.48,6.49,111500,122600,231800,257900,283100
94751000,6.45,4888860,31439654.2,6.44,6.43,6.42,6.41,6.4,278700,186100,368400,180600,626900,6.45,6.46,6.47,6.48,6.49,117700,127500,231800,257900,283100
94754000,6.45,4890560,31450619.2,6.44,6.43,6.42,6.41,6.4,278700,180900,368400,180600,626900,6.45,6.46,6.47,6.48,6.49,116800,128000,231800,257900,283100
94757000,6.45,4892360,31462229.2,6.44,6.43,6.42,6.41,6.4,281900,180900,365800,180600,627400,6.45,6.46,6.47,6.48,6.49,115400,128100,231800,257900,283100
94800000,6.45,5007960,32207836.2,6.45,6.44,6.43,6.42,6.41,7700,283200,187500,365100,186800,6.46,6.47,6.48,6.49,6.5,128100,228500,257900,283100,254900
94818000,6.46,5050560,32483002.2,6.45,6.44,6.43,6.42,6.41,89700,142800,165600,361100,202400,6.46,6.47,6.48,6.49,6.5,98100,230800,254500,283100,254900
94821000,6.46,5050760,32484294.2,6.45,6.44,6.43,6.42,6.41,100200,141500,165600,361100,202400,6.46,6.47,6.48,6.49,6.5,98000,217900,254500,283100,257900
94824000,6.46,5055660,32515948.2,6.45,6.44,6.43,6.42,6.41,87500,136500,164600,361100,202400,6.46,6.47,6.48,6.49,6.5,91400,217900,254500,283100,257900
94827000,6.46,5055660,32515948.2,6.45,6.44,6.43,6.42,6.41,89200,116200,163600,361100,202400,6.46,6.47,6.48,6.49,6.5,91400,217900,254500,283100,257900
94845000,6.47,5153960,33150988.2,6.46,6.45,6.44,6.43,6.42,39200,204700,107900,163700,360600,6.47,6.48,6.49,6.5,6.51,213500,254900,283100,257900,206200
94848000,6.47,5184160,33346382.2,6.46,6.45,6.44,6.43,6.42,156200,72900,107900,163700,360600,6.47,6.48,6.49,6.5,6.51,183300,254900,283100,257900,206200
94851000,6.47,5184560,33348970.2,6.46,6.45,6.44,6.43,6.42,162900,70400,107900,163700,359400,6.47,6.48,6.49,6.5,6.51,182400,257100,283100,257900,206200
94854000,6.46,5187760,33369652.2,6.46,6.45,6.44,6.43,6.42,160200,72400,108900,163700,359400,6.47,6.48,6.49,6.5,6.51,202400,257100,283100,257900,206200
94912000,6.46,5429860,34933591.2,6.45,6.44,6.43,6.42,6.41,75100,109600,163400,359300,198200,6.46,6.47,6.48,6.49,6.5,62600,212400,259900,283100,264100
94915000,6.45,5430660,34938758.2,6.45,6.44,6.43,6.42,6.41,86600,109600,163400,359300,197200,6.46,6.47,6.48,6.49,6.5,69100,212300,259900,283100,264100
94921000,6.45,5454060,35089921.2,6.45,6.44,6.43,6.42,6.41,91300,107100,163400,359800,193400,6.46,6.47,6.48,6.49,6.5,45300,212300,259900,283100,264100
94939000,6.46,5459960,35128005.2,6.45,6.44,6.43,6.42,6.41,123700,108600,169400,361500,194100,6.46,6.47,6.48,6.49,6.5,43500,209200,259900,283100,264100
94942000,6.45,5461660,35138978.2,6.45,6.44,6.43,6.42,6.41,122800,109100,169700,361500,194100,6.46,6.47,6.48,6.49,6.5,42700,205700,260100,283100,264100
94945000,6.46,5464760,35158983.2,6.45,6.44,6.43,6.42,6.41,125100,109100,169400,361900,194100,6.46,6.47,6.48,6.49,6.5,111700,205700,260100,283100,264100
94948000,6.46,5464860,35159629.2,6.45,6.44,6.43,6.42,6.41,125300,109100,169400,361900,194100,6.46,6.47,6.48,6.49,6.5,111700,205700,260100,283100,264100
95003000,6.45,5477660,35242229.2,6.45,6.44,6.43,6.42,6.41,136300,109500,135000,357800,194500,6.46,6.47,6.48,6.49,6.5,106400,205600,260100,283100,264100
95006000,6.45,5477660,35242229.2,6.45,6.44,6.43,6.42,6.41,135100,109500,135000,357800,194500,6.46,6.47,6.48,6.49,6.5,106400,205600,260100,283100,276300
95009000,6.45,5495860,35359619.2,6.45,6.44,6.43,6.42,6.41,137400,110500,135000,357800,194500,6.46,6.47,6.48,6.49,6.5,124000,198900,260600,283100,276300
95012000,6.45,5525360,35549911.2,6.45,6.44,6.43,6.42,6.41,111500,110500,132300,357800,194500,6.46,6.47,6.48,6.49,6.5,132500,197400,260600,283100,276300
95015000,6.45,5556260,35749216.2,6.45,6.44,6.43,6.42,6.41,82700,111500,132300,357800,194500,6.46,6.47,6.48,6.49,6.5,132500,178800,260100,283100,276300
95033000,6.45,5723660,36828946.2,6.44,6.43,6.42,6.41,6.4,119700,105300,353800,213000,642900,6.45,6.46,6.47,6.48,6.49,10600,179800,176800,263900,283100
95036000,6.44,5726560,36847648.2,6.44,6.43,6.42,6.41,6.4,130900,105300,353800,213000,642900,6.45,6.46,6.47,6.48,6.49,11800,177300,176800,263900,283100
95039000,6.45,5726960,36850228.2,6.44,6.43,6.42,6.41,6.4,130900,105300,354500,213000,643900,6.45,6.46,6.47,6.48,6.49,11900,187300,176800,263900,283100
95042000,6.45,5727760,36855387.2,6.44,6.43,6.42,6.41,6.4,130800,105300,354500,213000,643900,6.45,6.46,6.47,6.48,6.49,11300,187200,176800,263900,283100
95057000,6.44,5747660,36983583.2,6.44,6.43,6.42,6.41,6.4,122500,105800,351500,213000,643600,6.45,6.46,6.47,6.48,6.49,14700,110600,176800,263900,284200
95100000,6.45,5748660,36990033.2,6.44,6.43,6.42,6.41,6.4,122500,106200,351500,213000,644600,6.45,6.46,6.47,6.48,6.49,14000,110600,176800,263900,284200
95103000,6.44,5748960,36991967.2,6.44,6.43,6.42,6.41,6.4,130300,106200,351500,213000,644600,6.45,6.46,6.47,6.48,6.49,87000,109900,176800,263900,284200
95106000,6.44,5748960,36991967.2,6.44,6.43,6.42,6.41,6.4,146100,106200,353000,213700,644600,6.45,6.46,6.47,6.48,6.49,86500,109900,176800,263900,284200
95124000,6.45,5789860,37255678.2,6.44,6.43,6.42,6.41,6.4,141500,107200,356000,215100,643700,6.45,6.46,6.47,6.48,6.49,56700,128300,186800,263900,284200
95130000,6.44,5796960,37301466.2,6.44,6.43,6.42,6.41,6.4,171300,115200,355100,215100,643700,6.45,6.46,6.47,6.48,6.49,65000,150300,186600,266100,284300
95133000,6.45,5798660,37312431.2,6.44,6.43,6.42,6.41,6.4,168000,115200,355100,215100,643700,6.45,6.46,6.47,6.48,6.49,64800,150300,186600,266100,284300
95136000,6.45,5801560,37331122.2,6.44,6.43,6.42,6.41,6.4,170900,115200,355100,214700,643700,6.45,6.46,6.47,6.48,6.49,63500,150300,186600,266100,284300
95151000,6.45,5842660,37596174.2,6.44,6.43,6.42,6.41,6.4,216200,110200,355100,218700,639100,6.45,6.46,6.47,6.48,6.49,27300,150300,186600,266100,284300
95154000,6.44,5845160,37612298.2,6.44,6.43,6.42,6.41,6.4,207700,110200,355100,221700,637300,6.45,6.46,6.47,6.48,6.49,25300,150300,186600,266100,284300
95157000,6.45,5855660,37680023.2,6.44,6.43,6.42,6.41,6.4,218700,110200,355100,222800,637300,6.45,6.46,6.47,6.48,6.49,13400,150300,186600,266100,284300
95200000,6.45,5856460,37685182.2,6.44,6.43,6.42,6.41,6.4,219100,111900,102100,221800,638300,6.45,6.46,6.47,6.48,6.49,16000,150300,186600,266100,284300
95203000,6.45,5857260,37690342.2,6.44,6.43,6.42,6.41,6.4,220000,121900,102100,221500,641300,6.45,6.46,6.47,6.48,6.49,19700,150300,186600,266100,284300
95221000,6.45,5946360,38265027.2,6.44,6.43,6.42,6.41,6.4,182100,121900,103400,224100,646000,6.45,6.46,6.47,6.48,6.49,600,139900,186600,266100,284300
95224000,6.44,5953860,38313370.2,6.44,6.43,6.42,6.41,6.4,176300,121900,97700,224100,651000,6.46,6.47,6.48,6.49,6.5,149300,186600,266100,284300,277000
95227000,6.44,5957060,38333978.2,6.44,6.43,6.42,6.41,6.4,176100,121900,97700,294100,652000,6.45,6.46,6.47,6.48,6.49,2000,149300,186600,266100,284300
95230000,6.45,5959160,38347523.2,6.45,6.44,6.43,6.42,6.41,900,177100,125300,98700,294100,6.46,6.47,6.48,6.49,6.5,149900,186600,266100,284300,277000
95245000,6.45,5973060,38437174.2,6.44,6.43,6.42,6.41,6.4,185300,126800,130000,290700,658600,6.45,6.46,6.47,6.48,6.49,5000,148600,191700,266100,284300
95248000,6.45,5982760,38499739.2,6.45,6.44,6.43,6.42,6.41,100,166100,126800,130000,290700,6.46,6.47,6.48,6.49,6.5,148200,191700,266100,284300,277000
95251000,6.45,5985860,38519726.2,6.45,6.44,6.43,6.42,6.41,2900,166400,126800,130000,291000,6.46,6.47,6.48,6.49,6.5,148200,191700,266100,284300,277000
95254000,6.45,5990560,38550043.2,6.44,6.43,6.42,6.41,6.4,164100,126800,131000,291000,656000,6.45,6.46,6.47,6.48,6.49,2200,148000,191700,266100,284300
95257000,6.45,5995960,38584883.2,6.44,6.43,6.42,6.41,6.4,166600,126800,132000,291200,653000,6.46,6.47,6.48,6.49,6.5,147000,191700,266100,284300,277000
95312000,6.45,6035560,38840296.2,6.44,6.43,6.42,6.41,6.4,195000,127600,127000,291200,661000,6.45,6.46,6.47,6.48,6.49,5300,286400,191700,266100,284300
95315000,6.45,6043360,38890605.2,6.44,6.43,6.42,6.41,6.4,194900,128600,127000,293800,661000,6.45,6.46,6.47,6.48,6.49,9900,286400,191700,266100,284300
95318000,6.45,6043760,38893185.2,6.44,6.43,6.42,6.41,6.4,197000,128600,127000,293800,661000,6.45,6.46,6.47,6.48,6.49,4700,286400,191700,266100,284300
95321000,6.44,6049760,38931884.2,6.44,6.43,6.42,6.41,6.4,198400,128600,128700,293800,658000,6.46,6.47,6.48,6.49,6.5,290900,191700,266100,284300,325600
95324000,6.45,6050460,38936399.2,6.44,6.43,6.42,6.41,6.4,200100,128600,128700,293800,658000,6.45,6.46,6.47,6.48,6.49,6700,290900,191700,266100,284300
95339000,6.45,6075960,39100761.2,6.44,6.43,6.42,6.41,6.4,225000,137800,128700,319400,668400,6.45,6.46,6.47,6.48,6.49,8800,290900,191700,266100,618700
95342000,6.44,6076860,39106565.2,6.44,6.43,6.42,6.41,6.4,227300,137800,128700,319400,668400,6.45,6.46,6.47,6.48,6.49,10700,290900,191700,266100,618700
95345000,6.45,6077360,39109790.2,6.44,6.43,6.42,6.41,6.4,231700,129800,128700,320600,668500,6.45,6.46,6.47,6.48,6.49,11400,291600,191700,266100,618700
95348000,6.44,6078560,39117519.2,6.44,6.43,6.42,6.41,6.4,230600,130100,128700,320800,668500,6.45,6.46,6.47,6.48,6.49,11400,291600,191700,266100,618700
95351000,6.45,6110660,39324564.2,6.44,6.43,6.42,6.41,6.4,229300,130100,132200,320800,669500,6.45,6.46,6.47,6.48,6.49,12200,250200,191700,266100,618700
95406000,6.45,6128060,39436789.2,6.44,6.43,6.42,6.41,6.4,224700,130400,145800,320800,670800,6.45,6.46,6.47,6.48,6.49,11100,256100,191700,262900,618600
95409000,6.45,6128560,39440014.2,6.44,6.43,6.42,6.41,6.4,225700,132400,145800,320800,675800,6.45,6.46,6.47,6.48,6.49,10800,256500,191700,262900,618600
95412000,6.45,6132960,39468394.2,6.44,6.43,6.42,6.41,6.4,227500,132400,144600,321400,676200,6.45,6.46,6.47,6.48,6.49,6400,256500,191700,262900,618600
95415000,6.45,6137260,39496108.2,6.44,6.43,6.42,6.41,6.4,225600,132400,152700,321400,677700,6.45,6.46,6.47,6.48,6.49,4700,254100,191700,262900,618600
95418000,6.44,6143260,39534758.2,6.44,6.43,6.42,6.41,6.4,220600,131200,152700,331400,677700,6.45,6.46,6.47,6.48,6.49,7200,254100,191800,262900,618600
95433000,6.45,6208160,39953249.2,6.44,6.43,6.42,6.41,6.4,201400,131000,155300,331400,682400,6.45,6.46,6.47,6.48,6.49,2600,241200,191700,267900,618600
95436000,6.45,6209760,39963568.2,6.44,6.43,6.42,6.41,6.4,201300,141000,156700,330900,682400,6.45,6.46,6.47,6.48,6.49,6700,237500,190800,267900,618600
95439000,6.45,6210060,39965503.2,6.44,6.43,6.42,6.41,6.4,203700,141000,156700,330900,682400,6.45,6.46,6.47,6.48,6.49,9600,237500,190800,267900,618600
95442000,6.45,6210560,39968727.2,6.44,6.43,6.42,6.41,6.4,203600,141400,156700,330900,681300,6.45,6.46,6.47,6.48,6.49,12800,237500,190800,267900,618600
95445000,6.45,6210660,39969372.2,6.44,6.43,6.42,6.41,6.4,212800,141400,156700,331400,682300,6.45,6.46,6.47,6.48,6.49,14000,237500,190800,267900,618600
95500000,6.44,6222760,40047412.2,6.44,6.43,6.42,6.41,6.4,215800,146900,157700,331400,685300,6.45,6.46,6.47,6.48,6.49,12800,236600,190800,267900,618700
95506000,6.45,6224960,40061590.2,6.44,6.43,6.42,6.41,6.4,216100,146900,157700,331400,685300,6.45,6.46,6.47,6.48,6.49,12700,236300,190800,267900,618700
95509000,6.45,6228360,40083494.2,6.44,6.43,6.42,6.41,6.4,213700,146900,157600,331400,685300,6.45,6.46,6.47,6.48,6.49,14900,236300,190800,267900,618700
95512000,6.45,6228860,40086719.2,6.44,6.43,6.42,6.41,6.4,213700,146900,157600,331400,685300,6.45,6.46,6.47,6.48,6.49,14400,236300,190800,267900,618700
95527000,6.44,6284460,40445030.2,6.44,6.43,6.42,6.41,6.4,189300,146100,155800,338200,693800,6.45,6.46,6.47,6.48,6.49,87900,237900,190800,267900,618700
95530000,6.44,6290560,40484314.2,6.44,6.43,6.42,6.41,6.4,183900,146100,155800,334200,693800,6.45,6.46,6.47,6.48,6.49,90900,237900,190800,267900,618700
95533000,6.44,6292360,40495908.2,6.44,6.43,6.42,6.41,6.4,175100,146100,155800,334200,693800,6.45,6.46,6.47,6.48,6.49,92600,237800,190800,267900,618700
95536000,6.44,6295260,40514584.2,6.44,6.43,6.42,6.41,6.4,172600,148800,155800,334200,693800,6.45,6.46,6.47,6.48,6.49,94600,237800,190800,267900,618700
95539000,6.45,6304960,40577067.2,6.44,6.43,6.42,6.41,6.4,175100,148800,155800,331600,694800,6.45,6.46,6.47,6.48,6.49,93800,237800,190800,267900,618700
95554000,6.44,6312460,40625440.2,6.44,6.43,6.42,6.41,6.4,175200,148800,156800,331300,699800,6.45,6.46,6.47,6.48,6.49,88600,237800,190800,267900,618700
95557000,6.44,6313760,40633812.2,6.44,6.43,6.42,6.41,6.4,173900,148800,156800,331300,699800,6.45,6.46,6.47,6.48,6.49,98600,237800,190800,267900,618700
95600000,6.44,6313760,40633812.2,6.44,6.43,6.42,6.41,6.4,179100,148800,157400,331300,699800,6.45,6.46,6.47,6.48,6.49,116400,237800,190800,267900,618700
95606000,6.45,6314660,40639616.2,6.44,6.43,6.42,6.41,6.4,179500,148800,157400,331300,699800,6.45,6.46,6.47,6.48,6.49,115700,237800,190800,267900,618700
95621000,6.44,6510560,41901225.2,6.43,6.42,6.41,6.4,6.39,176900,158400,333400,703300,294400,6.44,6.45,6.46,6.47,6.48,31300,118900,240500,190100,269900
95624000,6.44,6512560,41914105.2,6.43,6.42,6.41,6.4,6.39,178800,158400,333400,703300,294400,6.44,6.45,6.46,6.47,6.48,11200,118900,243000,188700,269900
95627000,6.44,6527260,42008773.2,6.44,6.43,6.42,6.41,6.4,12200,172600,158400,333400,703300,6.45,6.46,6.47,6.48,6.49,118000,243000,188700,269900,618700
95630000,6.44,6546560,42133065.2,6.44,6.43,6.42,6.41,6.4,100,168900,158400,333400,703900,6.45,6.46,6.47,6.48,6.49,118000,243000,188700,269900,618700
95633000,6.44,6554060,42181367.2,6.43,6.42,6.41,6.4,6.39,172500,158400,334400,703900,294400,6.45,6.46,6.47,6.48,6.49,126100,241200,188700,269900,618700
95648000,6.44,6566860,42263771.2,6.43,6.42,6.41,6.4,6.39,173500,160200,335400,703900,295000,6.44,6.45,6.46,6.47,6.48,9200,128900,240200,188000,267700
95651000,6.44,6566960,42264415.2,6.43,6.42,6.41,6.4,6.39,173500,160200,335400,703900,295000,6.44,6.45,6.46,6.47,6.48,9600,128500,240200,188000,267700
95654000,6.44,6567360,42266991.2,6.43,6.42,6.41,6.4,6.39,174200,160700,335400,703900,295000,6.44,6.45,6.46,6.47,6.48,9200,128500,240200,188000,267700
95657000,6.44,6567560,42268278.2,6.43,6.42,6.41,6.4,6.39,174100,160700,336400,703900,295000,6.44,6.45,6.46,6.47,6.48,11100,128500,240200,188000,267700
95700000,6.43,6569060,42277937.2,6.43,6.42,6.41,6.4,6.39,174000,161700,336400,704300,295000,6.44,6.45,6.46,6.47,6.48,25800,127600,240100,188000,267700
95715000,6.43,6599660,42474784.2,6.43,6.42,6.41,6.4,6.39,183400,133700,336400,707600,295000,6.44,6.45,6.46,6.47,6.48,21700,127300,240100,193000,267700
95718000,6.44,6607260,42523728.2,6.43,6.42,6.41,6.4,6.39,183400,133700,336800,708100,295000,6.44,6.45,6.46,6.47,6.48,14100,127300,239000,193000,267700
95721000,6.44,6607660,42526303.2,6.43,6.42,6.41,6.4,6.39,183300,133700,336800,708100,295000,6.44,6.45,6.46,6.47,6.48,13800,127300,239000,193000,267700
95724000,6.44,6607760,42526947.2,6.43,6.42,6.41,6.4,6.39,183300,133700,336800,708100,295500,6.44,6.45,6.46,6.47,6.48,13800,128400,239000,192700,267700
95727000,6.44,6607760,42526947.2,6.43,6.42,6.41,6.4,6.39,183400,133700,336800,708100,295500,6.44,6.45,6.46,6.47,6.48,14000,128400,239000,192700,267700
95742000,6.44,6614360,42569411.2,6.43,6.42,6.41,6.4,6.39,176700,128600,336600,711500,296300,6.44,6.45,6.46,6.47,6.48,19400,128400,239000,192700,267700
95745000,6.44,6616260,42581647.2,6.43,6.42,6.41,6.4,6.39,180000,128600,336600,711500,296200,6.44,6.45,6.46,6.47,6.48,18400,128400,242500,192700,267700
95748000,6.43,6629760,42668582.2,6.43,6.42,6.41,6.4,6.39,179500,128600,336600,716500,296200,6.44,6.45,6.46,6.47,6.48,5500,128400,242500,192700,267700
95751000,6.44,6630560,42673734.2,6.43,6.42,6.41,6.4,6.39,179500,128600,336600,716500,296200,6.44,6.45,6.46,6.47,6.48,5600,128400,242500,192700,267700
95754000,6.44,6633760,42694332.2,6.43,6.42,6.41,6.4,6.39,177500,129200,336600,716500,296300,6.44,6.45,6.46,6.47,6.48,4100,128400,242500,192700,267700
95809000,6.44,6680260,42993744.2,6.44,6.43,6.42,6.41,6.4,235600,162500,129900,343200,717000,6.45,6.46,6.47,6.48,6.49,114000,242500,196000,267700,618700
95812000,6.45,6683160,43012449.2,6.44,6.43,6.42,6.41,6.4,244700,158900,129900,343200,718000,6.45,6.46,6.47,6.48,6.49,109600,242500,196000,267700,618700
95815000,6.44,6683260,43013093.2,6.44,6.43,6.42,6.41,6.4,258900,150200,129900,343200,718000,6.45,6.46,6.47,6.48,6.49,109600,242500,196000,267700,618700
95818000,6.45,6683360,43013738.2,6.44,6.43,6.42,6.41,6.4,259200,150200,129900,343200,718500,6.45,6.46,6.47,6.48,6.49,109600,242500,196000,267700,618700
95821000,6.45,6685160,43025334.2,6.44,6.43,6.42,6.41,6.4,258800,149000,129300,343200,718500,6.45,6.46,6.47,6.48,6.49,109200,242500,196000,267700,618700
95836000,6.45,6697160,43102662.2,6.44,6.43,6.42,6.41,6.4,253800,158400,131800,373200,719900,6.45,6.46,6.47,6.48,6.49,115400,242500,196000,267700,1014900
95839000,6.44,6698260,43109746.2,6.44,6.43,6.42,6.41,6.4,258000,160300,131800,373200,719900,6.45,6.46,6.47,6.48,6.49,115500,242500,196000,267700,1014900
95842000,6.45,6719860,43248854.2,6.44,6.43,6.42,6.41,6.4,236800,167500,134800,373700,722900,6.45,6.46,6.47,6.48,6.49,116100,242500,196000,267700,1014900
95845000,6.44,6720960,43255938.2,6.44,6.43,6.42,6.41,6.4,235800,167500,134800,373700,722900,6.45,6.46,6.47,6.48,6.49,118700,242500,196000,267700,1014900
95848000,6.44,6752460,43458798.2,6.44,6.43,6.42,6.41,6.4,204200,167500,136000,373700,722900,6.45,6.46,6.47,6.48,6.49,119000,242500,196000,267700,1014900
95903000,6.45,6962860,44813789.2,6.44,6.43,6.42,6.41,6.4,900,159500,137100,373900,722900,6.45,6.46,6.47,6.48,6.49,119200,242500,196000,267700,1015900
95906000,6.44,6964760,44826036.2,6.44,6.43,6.42,6.41,6.4,100,160900,137100,373900,722900,6.45,6.46,6.47,6.48,6.49,118200,242500,196000,267700,681500
95909000,6.43,6964960,44827323.2,6.43,6.42,6.41,6.4,6.39,182100,137100,373900,736900,283000,6.45,6.46,6.47,6.48,6.49,119400,242500,196000,267700,285300
95912000,6.45,6965260,44829257.2,6.43,6.42,6.41,6.4,6.39,182100,137100,373900,732000,283000,6.45,6.46,6.47,6.48,6.49,119300,242500,196000,267700,285300
95915000,6.45,6965260,44829257.2,6.43,6.42,6.41,6.4,6.39,183300,136600,378100,732000,283000,6.45,6.46,6.47,6.48,6.49,119300,242500,196000,267700,285300
95930000,6.45,6982360,44939439.2,6.43,6.42,6.41,6.4,6.39,195400,137000,378700,732000,283000,6.45,6.46,6.47,6.48,6.49,100900,242500,195800,267700,285300
95933000,6.43,6998960,45046290.2,6.43,6.42,6.41,6.4,6.39,184800,144700,378000,733000,283000,6.44,6.45,6.46,6.47,6.48,100,95600,242500,195800,267700
95936000,6.45,7007860,45103684.2,6.44,6.43,6.42,6.41,6.4,2000,184800,143700,376300,733000,6.45,6.46,6.47,6.48,6.49,88100,243500,195800,267700,285300
95939000,6.44,7009360,45113344.2,6.44,6.43,6.42,6.41,6.4,47700,179600,143700,376300,733000,6.45,6.46,6.47,6.48,6.49,88000,243500,195800,267700,285300
95942000,6.45,7022060,45195166.2,6.44,6.43,6.42,6.41,6.4,42100,178100,143700,376300,733000,6.45,6.46,6.47,6.48,6.49,84600,243500,195800,267700,285300
95957000,6.44,7035260,45280185.2,6.44,6.43,6.42,6.41,6.4,50700,179400,143900,388300,733000,6.45,6.46,6.47,6.48,6.49,84400,244000,195800,267700,285300
100000000,6.44,7035360,45280829.2,6.44,6.43,6.42,6.41,6.4,50600,179400,143900,388300,736000,6.45,6.46,6.47,6.48,6.49,87200,244000,195800,267700,285300
100003000,6.45,7049660,45372932.2,6.44,6.43,6.42,6.41,6.4,37200,179400,143900,388300,741000,6.45,6.46,6.47,6.48,6.49,86600,244000,195800,267700,285300
100006000,6.45,7059460,45436111.2,6.44,6.43,6.42,6.41,6.4,34100,180300,243900,388300,741000,6.45,6.46,6.47,6.48,6.49,79900,244000,195800,267700,285300
100009000,6.44,7060660,45443849.2,6.44,6.43,6.42,6.41,6.4,53900,170500,236200,388300,765800,6.45,6.46,6.47,6.48,6.49,80500,244000,195800,267700,285300
100024000,6.44,7072560,45520574.2,6.44,6.43,6.42,6.41,6.4,143500,171700,238200,388300,762400,6.45,6.46,6.47,6.48,6.49,71600,245200,195800,267700,285300
100027000,6.44,7072560,45520574.2,6.44,6.43,6.42,6.41,6.4,143600,171700,238800,387300,762400,6.45,6.46,6.47,6.48,6.49,72100,245200,195800,267700,285300
100030000,6.44,7072960,45523150.2,6.44,6.43,6.42,6.41,6.4,144200,171700,238800,387300,762400,6.45,6.46,6.47,6.48,6.49,72200,245200,195800,267700,285300
100033000,6.45,7074160,45530880.2,6.44,6.43,6.42,6.41,6.4,144800,170700,238800,387300,762400,6.45,6.46,6.47,6.48,6.49,72100,245200,195800,267700,285300
100036000,6.44,7074260,45531524.2,6.44,6.43,6.42,6.41,6.4,137300,170700,238800,387300,760700,6.45,6.46,6.47,6.48,6.49,72900,245200,195800,267700,285300
100051000,6.45,7132860,45908914.2,6.44,6.43,6.42,6.41,6.4,90700,155700,243800,388900,781300,6.45,6.46,6.47,6.48,6.49,147600,245800,197800,267700,285300
100054000,6.44,7137160,45936606.2,6.44,6.43,6.42,6.41,6.4,75900,155700,243800,388900,781300,6.45,6.46,6.47,6.48,6.49,155900,245800,197800,267700,285300
100057000,6.44,7144160,45981686.2,6.44,6.43,6.42,6.41,6.4,68500,161900,243800,388900,781800,6.45,6.46,6.47,6.48,6.49,169000,245800,197800,267700,285300
100100000,6.44,7154060,46045442.2,6.44,6.43,6.42,6.41,6.4,68900,154500,243800,388900,781700,6.45,6.46,6.47,6.48,6.49,165700,245800,197800,267700,285300
100103000,6.45,7172060,46161364.2,6.44,6.43,6.42,6.41,6.4,61100,154500,243800,388900,781700,6.45,6.46,6.47,6.48,6.49,165600,245800,197800,267700,285300
100118000,6.44,7256160,46702966.2,6.44,6.43,6.42,6.41,6.4,2900,151400,243800,390900,779700,6.45,6.46,6.47,6.48,6.49,174500,245800,197700,267700,285300
100121000,6.45,7257960,46714559.2,6.44,6.43,6.42,6.41,6.4,2200,150800,248100,390900,779700,6.45,6.46,6.47,6.48,6.49,178900,245800,197700,267700,285300
100124000,6.44,7262360,46742923.2,6.44,6.43,6.42,6.41,6.4,2700,150800,248100,390900,780600,6.45,6.46,6.47,6.48,6.49,176200,245800,197700,267700,285300
100127000,6.44,7268060,46779631.2,6.43,6.42,6.41,6.4,6.39,150800,248100,390900,780600,280400,6.44,6.45,6.46,6.47,6.48,8500,176000,245800,197700,267700
100130000,6.44,7288060,46908431.2,6.43,6.42,6.41,6.4,6.39,139900,248100,390900,780700,280400,6.44,6.45,6.46,6.47,6.48,200,172600,245800,197700,267700
100145000,6.44,7295460,46956069.2,6.43,6.42,6.41,6.4,6.39,139000,247100,361200,781900,280400,6.44,6.45,6.46,6.47,6.48,7400,162500,245800,198200,267700
100148000,6.44,7296360,46961865.2,6.43,6.42,6.41,6.4,6.39,139400,247100,361200,782500,280400,6.44,6.45,6.46,6.47,6.48,8100,162500,245800,198200,267700
100151000,6.44,7299560,46982443.2,6.43,6.42,6.41,6.4,6.39,141700,247200,361200,782500,280400,6.44,6.45,6.46,6.47,6.48,8400,162500,245800,198200,267700
100154000,6.44,7301560,46995323.2,6.43,6.42,6.41,6.4,6.39,141700,247900,361200,781400,280400,6.44,6.45,6.46,6.47,6.48,6300,182500,245800,198200,267700
100212000,6.43,7456960,47994535.2,6.42,6.41,6.4,6.39,6.38,274900,361200,783800,280500,400900,6.43,6.44,6.45,6.46,6.47,55600,20300,177500,244900,198200
100215000,6.42,7458360,48003523.2,6.42,6.41,6.4,6.39,6.38,273600,361200,784800,281500,399900,6.43,6.44,6.45,6.46,6.47,59800,18100,177100,244900,198200
100218000,6.42,7477060,48123647.2,6.42,6.41,6.4,6.39,6.38,261900,362700,785000,281500,399900,6.43,6.44,6.45,6.46,6.47,53400,24500,181800,244900,198200
100221000,6.43,7478160,48130719.2,6.42,6.41,6.4,6.39,6.38,261800,363200,782500,281500,399900,6.43,6.44,6.45,6.46,6.47,55200,41200,181600,222000,198200
100239000,6.42,7486460,48184017.2,6.42,6.41,6.4,6.39,6.38,251600,363200,785400,280500,400200,6.43,6.44,6.45,6.46,6.47,58300,40500,179300,222000,198200
100242000,6.43,7487860,48193019.2,6.42,6.41,6.4,6.39,6.38,252600,363200,785900,280500,401200,6.43,6.44,6.45,6.46,6.47,56900,40500,179300,222000,198200
100245000,6.43,7487860,48193019.2,6.42,6.41,6.4,6.39,6.38,261800,363200,785900,280500,401300,6.43,6.44,6.45,6.46,6.47,56900,40500,179300,222000,198200
100248000,6.42,7488260,48195587.2,6.42,6.41,6.4,6.39,6.38,271100,363200,785900,280500,401300,6.43,6.44,6.45,6.46,6.47,56900,40500,179300,222000,198200
100306000,6.43,7533960,48489058.2,6.42,6.41,6.4,6.39,6.38,239600,364800,786900,280600,404200,6.43,6.44,6.45,6.46,6.47,63500,36900,157500,231900,198200
100309000,6.42,7535560,48499339.2,6.42,6.41,6.4,6.39,6.38,240400,364800,787400,280600,404200,6.43,6.44,6.45,6.46,6.47,62900,36900,157500,231900,201200
100312000,6.43,7540460,48530820.2,6.42,6.41,6.4,6.39,6.38,249300,363700,787500,280600,404200,6.43,6.44,6.45,6.46,6.47,81000,36900,157500,231900,201200
100315000,6.43,7543060,48547537.2,6.42,6.41,6.4,6.39,6.38,253600,364700,797500,280600,404200,6.43,6.44,6.45,6.46,6.47,79600,36900,157000,231900,201200
100333000,6.43,7622260,49056737.2,6.42,6.41,6.4,6.39,6.38,250900,372700,798100,281700,404200,6.43,6.44,6.45,6.46,6.47,13000,36800,158100,231900,200400
100336000,6.43,7649760,49233566.2,6.43,6.42,6.41,6.4,6.39,24500,251000,372700,798100,281700,6.44,6.45,6.46,6.47,6.48,37200,158100,231900,200400,267700
100339000,6.43,7680460,49430967.2,6.42,6.41,6.4,6.39,6.38,245300,372700,803100,281700,404200,6.43,6.44,6.45,6.46,6.47,20900,39400,158000,231900,200400
100342000,6.43,7685860,49465683.2,6.42,6.41,6.4,6.39,6.38,249700,372700,803100,281700,404200,6.43,6.44,6.45,6.46,6.47,19500,39300,158000,231900,200200
100400000,6.42,7727660,49734436.2,6.42,6.41,6.4,6.39,6.38,251500,374400,792400,281700,404200,6.43,6.44,6.45,6.46,6.47,100,49100,139000,231900,200200
100403000,6.44,7734460,49778209.2,6.43,6.42,6.41,6.4,6.39,19000,248000,387400,792900,281700,6.44,6.45,6.46,6.47,6.48,44200,139000,231900,200200,267700
100406000,6.44,7735860,49787225.2,6.43,6.42,6.41,6.4,6.39,24500,224000,387400,792900,281700,6.44,6.45,6.46,6.47,6.48,42800,139000,231900,200200,267700
100409000,6.44,7735860,49787225.2,6.43,6.42,6.41,6.4,6.39,24700,223900,387900,792900,281700,6.44,6.45,6.46,6.47,6.48,42900,138900,231900,200200,267700
100427000,6.44,7739460,49810403.2,6.43,6.42,6.41,6.4,6.39,65200,215700,393300,787100,281700,6.44,6.45,6.46,6.47,6.48,44300,142400,231900,200200,267700
100430000,6.44,7740660,49818131.2,6.43,6.42,6.41,6.4,6.39,66300,216100,392800,787100,281700,6.44,6.45,6.46,6.47,6.48,44100,142900,231900,200200,267700
100433000,6.44,7741060,49820707.2,6.43,6.42,6.41,6.4,6.39,66300,217600,392600,789200,281700,6.44,6.45,6.46,6.47,6.48,43700,142900,231900,200200,267700
100436000,6.43,7749260,49873514.2,6.43,6.42,6.41,6.4,6.39,66700,213200,393100,788700,281700,6.44,6.45,6.46,6.47,6.48,35600,133100,231900,200200,267700
100454000,6.44,7755560,49914053.2,6.43,6.42,6.41,6.4,6.39,67000,211700,391200,789900,132200,6.44,6.45,6.46,6.47,6.48,37800,131000,231900,200200,267700
100457000,6.44,7756260,49918560.2,6.43,6.42,6.41,6.4,6.39,86900,211700,392900,789900,132200,6.44,6.45,6.46,6.47,6.48,37200,131000,231900,200200,267700
100500000,6.43,7776960,50051863.2,6.43,6.42,6.41,6.4,6.39,89200,211700,392900,790900,132200,6.44,6.45,6.46,6.47,6.48,17300,131000,231900,200200,267700
100503000,6.44,7777160,50053151.2,6.43,6.42,6.41,6.4,6.39,90600,211500,392900,790900,133200,6.44,6.45,6.46,6.47,6.48,17000,129900,231900,200200,267700
100521000,6.44,7802660,50217391.2,6.44,6.43,6.42,6.41,6.4,300,90900,211400,393100,778900,6.45,6.46,6.47,6.48,6.49,131700,231900,201700,267700,285900
100524000,6.44,7813860,50289517.2,6.43,6.42,6.41,6.4,6.39,87500,211400,393100,778900,133200,6.44,6.45,6.46,6.47,6.48,15700,132500,231900,201700,267700
100527000,6.44,7822760,50346833.2,6.43,6.42,6.41,6.4,6.39,90900,211300,390400,778900,133200,6.44,6.45,6.46,6.47,6.48,10000,132100,228400,200400,267700
100530000,6.44,7835960,50431860.2,6.44,6.43,6.42,6.41,6.4,1200,91700,211300,391900,778900,6.45,6.46,6.47,6.48,6.49,130100,228400,200400,267700,285900
100548000,6.45,7861760,50598087.2,6.44,6.43,6.42,6.41,6.4,29200,59900,212500,393100,776600,6.45,6.46,6.47,6.48,6.49,128600,228800,195600,267700,285900
100551000,6.44,7862560,50603239.2,6.44,6.43,6.42,6.41,6.4,28600,59900,212500,393100,776600,6.45,6.46,6.47,6.48,6.49,131000,228800,195600,267700,285900
100554000,6.45,7862860,50605174.2,6.44,6.43,6.42,6.41,6.4,28600,79800,212500,395100,776700,6.45,6.46,6.47,6.48,6.49,130800,228800,195600,267700,285900
100557000,6.44,7866960,50631618.2,6.44,6.43,6.42,6.41,6.4,28500,79800,212500,395100,776700,6.45,6.46,6.47,6.48,6.49,126800,228800,195600,267700,285900
100618000,6.44,7934860,51068983.2,6.44,6.43,6.42,6.41,6.4,7100,85600,212400,398100,778000,6.45,6.46,6.47,6.48,6.49,115200,218800,194000,267700,286400
100621000,6.45,7936960,51082527.2,6.44,6.43,6.42,6.41,6.4,7100,85600,212400,398100,778000,6.45,6.46,6.47,6.48,6.49,113700,218800,194000,267700,286400
100624000,6.45,7941560,51112197.2,6.44,6.43,6.42,6.41,6.4,7500,86300,213300,398100,778000,6.45,6.46,6.47,6.48,6.49,110600,218800,194000,267700,286400
100642000,6.45,7963360,51252711.2,6.44,6.43,6.42,6.41,6.4,7500,84500,211300,398100,778000,6.45,6.46,6.47,6.48,6.49,99700,222000,187200,267700,286400
100645000,6.45,7963360,51252711.2,6.44,6.43,6.42,6.41,6.4,9800,84500,213600,398100,779000,6.45,6.46,6.47,6.48,6.49,108300,222000,187200,267700,286400
100648000,6.44,7964760,51261727.2,6.44,6.43,6.42,6.41,6.4,8400,84500,213600,398100,779000,6.45,6.46,6.47,6.48,6.49,113800,222000,187200,267700,286400
100651000,6.45,7967360,51278491.2,6.44,6.43,6.42,6.41,6.4,8200,84500,213600,398100,779000,6.45,6.46,6.47,6.48,6.49,111800,222000,187200,267700,286400
100709000,6.45,8022860,51636152.2,6.44,6.43,6.42,6.41,6.4,30700,81100,214600,398600,780700,6.45,6.46,6.47,6.48,6.49,91400,196800,187200,267700,286400
100712000,6.45,8030860,51687751.2,6.44,6.43,6.42,6.41,6.4,32200,81100,214600,398600,781700,6.45,6.46,6.47,6.48,6.49,84000,130900,187200,267700,293400
100715000,6.45,8031860,51694200.2,6.44,6.43,6.42,6.41,6.4,41800,75500,214600,398600,781700,6.45,6.46,6.47,6.48,6.49,82600,130900,187200,267700,293400
100718000,6.45,8034860,51713547.2,6.44,6.43,6.42,6.41,6.4,48600,75500,214300,398600,781700,6.45,6.46,6.47,6.48,6.49,79600,130700,187200,267700,293400
100736000,6.45,8041460,51756113.2,6.44,6.43,6.42,6.41,6.4,57800,76400,217300,398600,781900,6.45,6.46,6.47,6.48,6.49,74600,131800,187200,268700,293400
100742000,6.45,8043560,51769658.2,6.44,6.43,6.42,6.41,6.4,57800,75000,220300,398600,781900,6.45,6.46,6.47,6.48,6.49,73600,131700,187200,268700,293400
100745000,6.45,8043760,51770948.2,6.44,6.43,6.42,6.41,6.4,59400,75000,220300,398600,781900,6.45,6.46,6.47,6.48,6.49,73500,131700,187200,268700,293400
100803000,6.44,8053460,51833447.2,6.44,6.43,6.42,6.41,6.4,59600,82100,224200,393000,780900,6.45,6.46,6.47,6.48,6.49,79700,131700,187200,268700,293400
100806000,6.44,8056760,51854699.2,6.44,6.43,6.42,6.41,6.4,59700,89800,224200,393000,778900,6.45,6.46,6.47,6.48,6.49,79800,131700,187200,268700,293400
100809000,6.45,8057660,51860504.2,6.44,6.43,6.42,6.41,6.4,59700,89800,224200,392700,780900,6.45,6.46,6.47,6.48,6.49,78900,131700,187200,268700,293400
100812000,6.45,8059160,51870165.2,6.44,6.43,6.42,6.41,6.4,58400,90800,224200,392700,779900,6.45,6.46,6.47,6.48,6.49,78800,131700,187200,268700,293400
100830000,6.45,8073960,51965590.2,6.44,6.43,6.42,6.41,6.4,70700,101400,222600,393700,780100,6.45,6.46,6.47,6.48,6.49,67900,131700,187200,268700,293400
100833000,6.45,8074360,51968170.2,6.44,6.43,6.42,6.41,6.4,70700,101400,222600,395500,780100,6.45,6.46,6.47,6.48,6.49,68000,131700,187200,268700,293400
100836000,6.44,8074460,51968814.2,6.44,6.43,6.42,6.41,6.4,70700,101400,222600,395500,780100,6.45,6.46,6.47,6.48,6.49,68100,131700,187200,268700,293400
100839000,6.44,8074460,51968814.2,6.44,6.43,6.42,6.41,6.4,70700,101400,222600,395500,779100,6.45,6.46,6.47,6.48,6.49,68100,131700,187200,268700,293400
100857000,6.45,8093460,52091350.2,6.44,6.43,6.42,6.41,6.4,70100,105400,222600,395600,776600,6.45,6.46,6.47,6.48,6.49,82300,132900,188400,268700,293400
100900000,6.44,8096660,52111989.2,6.44,6.43,6.42,6.41,6.4,76700,107700,222600,398600,776600,6.45,6.46,6.47,6.48,6.49,81900,137900,188400,268700,293400
100903000,6.45,8096860,52113279.2,6.44,6.43,6.42,6.41,6.4,76700,109700,222600,398600,776600,6.45,6.46,6.47,6.48,6.49,85200,137900,188400,268700,293400
100906000,6.45,8097160,52115214.2,6.44,6.43,6.42,6.41,6.4,76700,109700,219600,400100,776600,6.45,6.46,6.47,6.48,6.49,84900,137900,188400,270700,293400
100924000,6.45,8128860,52319676.2,6.44,6.43,6.42,6.41,6.4,85600,109700,219000,399100,780300,6.45,6.46,6.47,6.48,6.49,63000,137500,188400,271700,293400
100927000,6.45,8193260,52735056.2,6.45,6.44,6.43,6.42,6.41,6000,90500,104600,219000,399100,6.46,6.47,6.48,6.49,6.5,137500,188400,271700,293400,307600
100930000,6.45,8205660,52815103.2,6.45,6.44,6.43,6.42,6.41,4000,89000,104600,219700,401000,6.46,6.47,6.48,6.49,6.5,134700,188400,271700,293400,307600
100933000,6.45,8212060,52856377.2,6.44,6.43,6.42,6.41,6.4,87600,105100,219700,401000,780400,6.45,6.46,6.47,6.48,6.49,900,134800,188400,271700,293400
100951000,6.45,8260960,53171884.2,6.44,6.43,6.42,6.41,6.4,69300,106300,220700,401000,769900,6.45,6.46,6.47,6.48,6.49,19500,130800,188400,271700,293400
100954000,6.45,8260960,53171884.2,6.44,6.43,6.42,6.41,6.4,69300,106300,224700,401000,769200,6.45,6.46,6.47,6.48,6.49,19800,130400,188400,271700,293400
100957000,6.45,8261460,53175109.2,6.44,6.43,6.42,6.41,6.4,71300,106800,224700,383000,769200,6.45,6.46,6.47,6.48,6.49,20000,130400,188400,271700,293400
101000000,6.44,8262060,53178976.2,6.44,6.43,6.42,6.41,6.4,71200,106800,225200,383000,769200,6.45,6.46,6.47,6.48,6.49,20300,130100,188400,271700,293400
101018000,6.44,8265860,53203481.2,6.44,6.43,6.42,6.41,6.4,77500,125900,224200,381600,769200,6.45,6.46,6.47,6.48,6.49,21800,131300,188400,271700,296400
101021000,6.44,8271160,53237665.2,6.44,6.43,6.42,6.41,6.4,77400,125400,224200,381600,771700,6.45,6.46,6.47,6.48,6.49,29400,140600,188500,272100,299500
101024000,6.44,8272960,53249258.2,6.44,6.43,6.42,6.41,6.4,79400,125400,224200,381600,772700,6.45,6.46,6.47,6.48,6.49,31200,140600,188500,272100,299500
101045000,6.45,8280360,53296968.2,6.44,6.43,6.42,6.41,6.4,78600,125400,226200,379600,773700,6.45,6.46,6.47,6.48,6.49,36300,158000,188500,272100,299500
101048000,6.45,8281360,53303418.2,6.44,6.43,6.42,6.41,6.4,84400,125400,226200,379600,773700,6.45,6.46,6.47,6.48,6.49,35300,158000,188500,272100,299500
101051000,6.45,8281360,53303418.2,6.44,6.43,6.42,6.41,6.4,86400,125400,226200,379100,773700,6.45,6.46,6.47,6.48,6.49,35700,161000,188500,272100,299500
101054000,6.44,8290260,53360803.2,6.44,6.43,6.42,6.41,6.4,86400,125400,226100,379100,773700,6.45,6.46,6.47,6.48,6.49,30400,161000,188500,272100,299500
101112000,6.45,8298760,53415547.2,6.44,6.43,6.42,6.41,6.4,89900,125400,226400,378100,773700,6.45,6.46,6.47,6.48,6.49,39400,161100,188500,272100,299500
101115000,6.45,8298760,53415547.2,6.44,6.43,6.42,6.41,6.4,87900,125400,226400,378100,773700,6.45,6.46,6.47,6.48,6.49,39400,161100,188500,272100,296500
101118000,6.44,8298860,53416191.2,6.44,6.43,6.42,6.41,6.4,91000,122000,226400,378100,773700,6.45,6.46,6.47,6.48,6.49,39400,160800,188500,272100,296500
101121000,6.45,8299060,53417481.2,6.44,6.43,6.42,6.41,6.4,91700,123000,226400,383100,773700,6.45,6.46,6.47,6.48,6.49,40800,160800,188500,272100,296500
101139000,6.44,8303560,53446483.2,6.44,6.43,6.42,6.41,6.4,94100,146500,226400,383100,775400,6.45,6.46,6.47,6.48,6.49,62700,157400,188500,272100,296500
101142000,6.45,8305560,53459379.2,6.44,6.43,6.42,6.41,6.4,100200,146400,226400,383100,777100,6.45,6.46,6.47,6.48,6.49,61100,157900,188500,272100,296500
101145000,6.45,8305660,53460024.2,6.44,6.43,6.42,6.41,6.4,102000,146400,226400,383100,777100,6.45,6.46,6.47,6.48,6.49,70500,158000,188500,272100,296500
101148000,6.45,8306260,53463894.2,6.44,6.43,6.42,6.41,6.4,102000,146400,227900,383100,777300,6.45,6.46,6.47,6.48,6.49,70100,158000,188500,272100,296500
101206000,6.45,8321360,53561276.2,6.44,6.43,6.42,6.41,6.4,110700,146400,227900,383100,777900,6.45,6.46,6.47,6.48,6.49,65100,162900,188500,272100,296500
101209000,6.45,8325960,53590946.2,6.44,6.43,6.42,6.41,6.4,111000,146300,227900,383100,777900,6.45,6.46,6.47,6.48,6.49,60800,162900,188500,272100,296500
101212000,6.45,8334760,53647706.2,6.44,6.43,6.42,6.41,6.4,111000,146400,227900,383100,778900,6.45,6.46,6.47,6.48,6.49,52000,162900,188500,272100,296500
101215000,6.45,8339760,53679956.2,6.44,6.43,6.42,6.41,6.4,111100,146400,227900,383100,778900,6.45,6.46,6.47,6.48,6.49,49400,162900,188500,272100,296500
101233000,6.44,8391760,54015349.2,6.44,6.43,6.42,6.41,6.4,115200,143600,227900,383100,777900,6.45,6.46,6.47,6.48,6.49,6000,163000,188500,272100,296500
101236000,6.45,8425260,54231269.2,6.44,6.43,6.42,6.41,6.4,91400,143600,227900,383100,777900,6.46,6.47,6.48,6.49,6.5,163100,188500,272100,296500,307600
101239000,6.46,8441360,54335179.2,6.44,6.43,6.42,6.41,6.4,92800,143600,227900,383100,777900,6.46,6.47,6.48,6.49,6.5,155900,188500,272100,296500,307600
101242000,6.46,8443160,54346807.2,6.45,6.44,6.43,6.42,6.41,100,93800,143800,227900,386100,6.46,6.47,6.48,6.49,6.5,154800,188500,272100,296500,307600
101303000,6.45,8491660,54659810.2,6.44,6.43,6.42,6.41,6.4,92700,145400,225400,392800,782500,6.45,6.46,6.47,6.48,6.49,17500,264500,189800,272100,296500
101306000,6.45,8491660,54659810.2,6.44,6.43,6.42,6.41,6.4,92700,145400,225400,392800,782500,6.45,6.46,6.47,6.48,6.49,17700,264500,189800,272100,296500
101309000,6.45,8514060,54804290.2,6.45,6.44,6.43,6.42,6.41,4300,68400,145400,225400,392800,6.46,6.47,6.48,6.49,6.5,264500,189800,272100,296500,307600
101327000,6.45,8554160,55062935.2,6.44,6.43,6.42,6.41,6.4,70500,145700,225400,392800,783000,6.45,6.46,6.47,6.48,6.49,16600,229800,189800,272100,296500
101330000,6.45,8557760,55086155.2,6.44,6.43,6.42,6.41,6.4,74600,145700,225400,392800,783000,6.45,6.46,6.47,6.48,6.49,15400,229700,189800,272100,296500
101333000,6.44,8558660,55091958.2,6.44,6.43,6.42,6.41,6.4,77500,145700,225400,392800,783000,6.45,6.46,6.47,6.48,6.49,17500,229700,189800,272100,296500
101336000,6.44,8559260,55095825.2,6.44,6.43,6.42,6.41,6.4,77200,145700,225400,392800,783000,6.45,6.46,6.47,6.48,6.49,40700,229700,189800,272100,296500
101354000,6.44,8573660,55188604.2,6.44,6.43,6.42,6.41,6.4,69500,146700,225900,392300,783000,6.45,6.46,6.47,6.48,6.49,49400,228000,188600,272100,296500
101357000,6.44,8573760,55189248.2,6.44,6.43,6.42,6.41,6.4,69400,146700,225900,393300,783000,6.45,6.46,6.47,6.48,6.49,49400,228000,188600,272100,296500
101400000,6.44,8573860,55189892.2,6.44,6.43,6.42,6.41,6.4,68900,146700,225900,393300,783000,6.45,6.46,6.47,6.48,6.49,51900,228000,188600,272100,296500
101403000,6.45,8576160,55204727.2,6.44,6.43,6.42,6.41,6.4,68900,146700,235900,393300,783000,6.45,6.46,6.47,6.48,6.49,69700,228500,188600,272100,296500
101421000,6.44,8594060,55320039.2,6.44,6.43,6.42,6.41,6.4,83300,151700,237400,393300,781900,6.45,6.46,6.47,6.48,6.49,48300,227500,189600,267100,296500
101424000,6.45,8595160,55327134.2,6.44,6.43,6.42,6.41,6.4,83300,153700,237400,393300,781900,6.45,6.46,6.47,6.48,6.49,47300,227500,189600,267100,296500
101427000,6.45,8598160,55346484.2,6.44,6.43,6.42,6.41,6.4,82000,153700,237400,393300,782400,6.45,6.46,6.47,6.48,6.49,44300,227500,189600,267100,296500
101430000,6.44,8598660,55349704.2,6.44,6.43,6.42,6.41,6.4,87100,153700,237400,393300,782400,6.45,6.46,6.47,6.48,6.49,101500,227500,189600,267100,296500
101448000,6.45,8606860,55402592.2,6.44,6.43,6.42,6.41,6.4,86900,154500,235200,395000,782400,6.45,6.46,6.47,6.48,6.49,98000,227500,189600,267100,296500
101451000,6.45,8614060,55448962.2,6.44,6.43,6.42,6.41,6.4,66100,154500,235200,395000,781900,6.45,6.46,6.47,6.48,6.49,100700,227500,189600,267100,296500
101454000,6.45,8614560,55452187.2,6.44,6.43,6.42,6.41,6.4,66300,154500,235200,395000,781900,6.45,6.46,6.47,6.48,6.49,100200,227500,189600,267100,296500
101457000,6.44,8614660,55452831.2,6.44,6.43,6.42,6.41,6.4,66200,154500,235200,395000,782200,6.45,6.46,6.47,6.48,6.49,100200,227500,189600,267100,296500
101515000,6.45,8621160,55494755.2,6.44,6.43,6.42,6.41,6.4,67700,154500,235200,395000,782200,6.45,6.46,6.47,6.48,6.49,105900,227500,189600,267100,298600
101518000,6.45,8621160,55494755.2,6.44,6.43,6.42,6.41,6.4,67700,154800,235200,394700,782200,6.45,6.46,6.47,6.48,6.49,105900,227500,189600,267100,298600
101521000,6.45,8635360,55586242.2,6.44,6.43,6.42,6.41,6.4,57400,154800,235200,394700,782200,6.45,6.46,6.47,6.48,6.49,102100,227500,189600,267100,298600
101524000,6.45,8639560,55613332.2,6.44,6.43,6.42,6.41,6.4,58400,154800,235200,394700,782200,6.45,6.46,6.47,6.48,6.49,97900,227500,189600,267100,298600
101542000,6.45,8681760,55885197.2,6.44,6.43,6.42,6.41,6.4,39100,155100,235200,397700,780700,6.45,6.46,6.47,6.48,6.49,114700,227500,189600,267200,298600
101545000,6.45,8682660,55891002.2,6.44,6.43,6.42,6.41,6.4,41300,156100,235200,397700,780700,6.45,6.46,6.47,6.48,6.49,113800,227500,189600,267200,298600
101548000,6.45,8684660,55903896.2,6.44,6.43,6.42,6.41,6.4,47800,156100,235200,397700,780700,6.45,6.46,6.47,6.48,6.49,112400,228200,189600,267200,298600
101551000,6.45,8684660,55903896.2,6.44,6.43,6.42,6.41,6.4,47800,156100,235200,397700,780700,6.45,6.46,6.47,6.48,6.49,115800,228200,189600,267200,298600
101609000,6.44,8686560,55916146.2,6.44,6.43,6.42,6.41,6.4,52500,158100,235200,397700,781700,6.45,6.46,6.47,6.48,6.49,120300,228200,189600,267200,298600
101612000,6.45,8686760,55917436.2,6.44,6.43,6.42,6.41,6.4,52500,158100,235200,397700,781700,6.45,6.46,6.47,6.48,6.49,120100,228200,189600,267200,298600
101615000,6.45,8688360,55927749.2,6.44,6.43,6.42,6.41,6.4,52200,158100,235200,397700,781700,6.45,6.46,6.47,6.48,6.49,119200,228200,189600,267200,298600
101636000,6.44,8738360,56249787.2,6.44,6.43,6.42,6.41,6.4,9700,158100,235700,398900,783000,6.45,6.46,6.47,6.48,6.49,158600,229700,189600,267200,298600
101639000,6.44,8754760,56355403.2,6.43,6.42,6.41,6.4,6.39,163200,235700,398900,784400,121800,6.44,6.45,6.46,6.47,6.48,12800,159600,229700,189600,267200
101642000,6.44,8756260,56365058.2,6.43,6.42,6.41,6.4,6.39,162900,235700,398900,784400,121800,6.44,6.45,6.46,6.47,6.48,18600,153300,229700,189600,267200
101645000,6.44,8756260,56365058.2,6.43,6.42,6.41,6.4,6.39,182800,235700,399400,788100,121800,6.44,6.45,6.46,6.47,6.48,19100,152900,229700,188300,267200
101703000,6.44,8786960,56562682.2,6.43,6.42,6.41,6.4,6.39,178900,237400,399600,788100,171800,6.44,6.45,6.46,6.47,6.48,13400,153400,229700,188300,267200
101706000,6.44,8786960,56562682.2,6.43,6.42,6.41,6.4,6.39,182200,237400,399600,788100,171800,6.44,6.45,6.46,6.47,6.48,18700,148600,229700,188300,267200
101709000,6.43,8802960,56665562.2,6.43,6.42,6.41,6.4,6.39,166200,237400,399600,788100,171800,6.44,6.45,6.46,6.47,6.48,19200,148600,229700,188300,267200
101712000,6.44,8815660,56747350.2,6.43,6.42,6.41,6.4,6.39,166200,237400,399600,788100,171800,6.44,6.45,6.46,6.47,6.48,8000,148400,229700,188300,267200
101730000,6.44,8817360,56758293.2,6.43,6.42,6.41,6.4,6.39,175900,237400,404600,789100,171800,6.44,6.45,6.46,6.47,6.48,20300,146700,223000,188300,267200
101733000,6.43,8818060,56762796.2,6.43,6.42,6.41,6.4,6.39,175400,240300,404600,789100,171800,6.44,6.45,6.46,6.47,6.48,20200,146700,223000,188300,267200
101736000,6.43,8819560,56772451.2,6.43,6.42,6.41,6.4,6.39,186200,247400,404600,789100,171800,6.44,6.45,6.46,6.47,6.48,19600,146800,223000,188300,267200
101739000,6.43,8823660,56798814.2,6.43,6.42,6.41,6.4,6.39,188100,247400,404600,789100,171800,6.44,6.45,6.46,6.47,6.48,20400,146300,223000,188300,267200
101757000,6.43,8826060,56814269.2,6.43,6.42,6.41,6.4,6.39,208200,250000,404600,791100,172300,6.44,6.45,6.46,6.47,6.48,28300,146300,223000,188300,267200
101800000,6.44,8834060,56865784.2,6.43,6.42,6.41,6.4,6.39,205600,250000,404600,791100,172300,6.44,6.45,6.46,6.47,6.48,24000,151300,223000,188300,267200
101803000,6.44,8835160,56872868.2,6.43,6.42,6.41,6.4,6.39,205600,250000,404600,791600,172300,6.44,6.45,6.46,6.47,6.48,23200,148400,223000,188300,267200
101806000,6.44,8835160,56872868.2,6.43,6.42,6.41,6.4,6.39,205600,250000,404600,791600,172300,6.44,6.45,6.46,6.47,6.48,23400,148400,223000,188300,267200
101824000,6.45,8865660,57069315.2,6.44,6.43,6.42,6.41,6.4,5100,202900,252000,404600,801600,6.45,6.46,6.47,6.48,6.49,147000,222800,188300,267200,298300
101827000,6.45,8949960,57612964.2,6.44,6.43,6.42,6.41,6.4,17900,202900,252000,404600,801600,6.45,6.46,6.47,6.48,6.49,71600,222800,188300,267200,298300
101830000,6.45,8950260,57614899.2,6.44,6.43,6.42,6.41,6.4,19500,202300,252000,404600,791800,6.45,6.46,6.47,6.48,6.49,72700,222800,188300,267200,298300
101833000,6.45,8950360,57615544.2,6.44,6.43,6.42,6.41,6.4,36700,185100,256000,404600,791800,6.45,6.46,6.47,6.48,6.49,72700,222800,188300,267200,298300
101851000,6.45,8957360,57660687.2,6.44,6.43,6.42,6.41,6.4,44000,184900,256000,404600,788100,6.45,6.46,6.47,6.48,6.49,68900,222900,188300,267200,298300
101854000,6.44,8992760,57888663.2,6.44,6.43,6.42,6.41,6.4,10600,182800,255900,404900,788100,6.45,6.46,6.47,6.48,6.49,68900,222900,188300,267200,298300
101857000,6.44,8993560,57893815.2,6.44,6.43,6.42,6.41,6.4,17400,182800,256100,404900,788100,6.45,6.46,6.47,6.48,6.49,68900,222900,188300,267200,298300
101900000,6.44,8993560,57893815.2,6.44,6.43,6.42,6.41,6.4,23200,188900,256100,404900,788100,6.45,6.46,6.47,6.48,6.49,69100,222900,188300,267200,298300
101918000,6.44,9007460,57983351.2,6.44,6.43,6.42,6.41,6.4,20500,185200,256100,405500,787400,6.45,6.46,6.47,6.48,6.49,96500,223900,188300,267200,298300
101921000,6.45,9009160,57994301.2,6.44,6.43,6.42,6.41,6.4,19800,185200,256400,405500,787400,6.45,6.46,6.47,6.48,6.49,96500,224000,188300,267200,298300
101924000,6.45,9009160,57994301.2,6.44,6.43,6.42,6.41,6.4,19800,185700,256400,405700,786400,6.45,6.46,6.47,6.48,6.49,97300,224000,188300,267200,298300
101927000,6.44,9009260,57994945.2,6.44,6.43,6.42,6.41,6.4,20500,185700,256400,406000,786400,6.45,6.46,6.47,6.48,6.49,97500,224000,188300,267200,298300
101945000,6.45,9013160,58020094.2,6.44,6.43,6.42,6.41,6.4,35300,207500,254700,406000,787100,6.45,6.46,6.47,6.48,6.49,91100,228000,188300,267100,298300
101948000,6.45,9015060,58032349.2,6.44,6.43,6.42,6.41,6.4,36700,207500,254700,406700,787100,6.45,6.46,6.47,6.48,6.49,90300,228000,188300,267100,298300
101951000,6.45,9017460,58047829.2,6.44,6.43,6.42,6.41,6.4,37700,207500,254700,406700,787100,6.45,6.46,6.47,6.48,6.49,91100,228000,188300,267100,298300
101954000,6.45,9017560,58048474.2,6.44,6.43,6.42,6.41,6.4,39500,207500,254700,406700,787100,6.45,6.46,6.47,6.48,6.49,91000,228000,188300,267100,298300
102015000,6.45,9028360,58118065.2,6.44,6.43,6.42,6.41,6.4,48700,210500,252800,406200,787900,6.45,6.46,6.47,6.48,6.49,90300,228000,188300,267100,298300
102018000,6.44,9028960,58121934.2,6.44,6.43,6.42,6.41,6.4,48600,211100,253300,406200,787900,6.45,6.46,6.47,6.48,6.49,89800,228000,188300,267100,298300
102021000,6.44,9028960,58121934.2,6.44,6.43,6.42,6.41,6.4,48600,211100,253300,406200,788400,6.45,6.46,6.47,6.48,6.49,90000,224000,188300,267100,298300
102039000,6.44,9031660,58139346.2,6.44,6.43,6.42,6.41,6.4,67000,211600,253300,475200,788000,6.45,6.46,6.47,6.48,6.49,90700,224000,188300,267100,298300
102042000,6.44,9031960,58141280.2,6.44,6.43,6.42,6.41,6.4,66900,211600,253300,477800,788000,6.45,6.46,6.47,6.48,6.49,91000,224500,188300,267100,298300
102045000,6.44,9031960,58141280.2,6.44,6.43,6.42,6.41,6.4,69600,211600,253300,477800,788000,6.45,6.46,6.47,6.48,6.49,92200,224500,188300,267100,298300
102048000,6.44,9031960,58141280.2,6.44,6.43,6.42,6.41,6.4,74600,211600,253300,477800,788000,6.45,6.46,6.47,6.48,6.49,92200,224600,188300,267100,298300
102106000,6.45,9039260,58188296.2,6.44,6.43,6.42,6.41,6.4,73000,213100,253300,477800,798000,6.45,6.46,6.47,6.48,6.49,100400,225300,188300,266700,298300
102109000,6.45,9040360,58195391.2,6.44,6.43,6.42,6.41,6.4,73000,213100,253300,477800,798000,6.45,6.46,6.47,6.48,6.49,98500,225300,188300,266700,298300
102112000,6.45,9071460,58395977.2,6.44,6.43,6.42,6.41,6.4,72500,213100,253300,477800,798000,6.45,6.46,6.47,6.48,6.49,68500,133300,188300,266700,298300
102115000,6.45,9073260,58407587.2,6.44,6.43,6.42,6.41,6.4,72600,213100,253300,477800,799500,6.45,6.46,6.47,6.48,6.49,68600,133300,188300,266700,298300
102133000,6.45,9090760,58520461.2,6.44,6.43,6.42,6.41,6.4,95700,199000,253800,477800,803900,6.45,6.46,6.47,6.48,6.49,54900,155500,188300,266700,299300
102136000,6.44,9098560,58570701.2,6.44,6.43,6.42,6.41,6.4,94900,199000,253800,478300,803900,6.45,6.46,6.47,6.48,6.49,54700,155500,188300,266700,299300
102142000,6.45,9101160,58587469.2,6.44,6.43,6.42,6.41,6.4,99700,199000,253800,478300,803900,6.45,6.46,6.47,6.48,6.49,54500,155500,188300,266700,299300
102200000,6.45,9119260,58704214.2,6.44,6.43,6.42,6.41,6.4,102900,201000,255800,478300,803900,6.45,6.46,6.47,6.48,6.49,42500,156300,188300,266700,299300
102203000,6.45,9120060,58709374.2,6.44,6.43,6.42,6.41,6.4,103700,201000,255800,478300,803900,6.45,6.46,6.47,6.48,6.49,41400,156300,188300,266700,299300
102206000,6.45,9121060,58715824.2,6.44,6.43,6.42,6.41,6.4,103700,201000,255800,478300,803900,6.45,6.46,6.47,6.48,6.49,40700,156300,188300,266700,299300
102209000,6.45,9127760,58759039.2,6.44,6.43,6.42,6.41,6.4,103700,200500,255800,478300,803900,6.45,6.46,6.47,6.48,6.49,34800,156300,188300,266700,299300
102227000,6.46,9227460,59402597.2,6.45,6.44,6.43,6.42,6.41,53100,64500,200900,256300,478300,6.46,6.47,6.48,6.49,6.5,97200,188300,266700,299300,307100
102230000,6.46,9227460,59402597.2,6.45,6.44,6.43,6.42,6.41,53300,64500,200900,256300,478300,6.46,6.47,6.48,6.49,6.5,97400,188300,266700,299300,307100
102233000,6.45,9227660,59403888.2,6.45,6.44,6.43,6.42,6.41,53500,68200,203300,256300,478300,6.46,6.47,6.48,6.49,6.5,97800,188300,266700,299300,307100
102236000,6.45,9227660,59403888.2,6.45,6.44,6.43,6.42,6.41,53500,58200,202300,259300,477100,6.46,6.47,6.48,6.49,6.5,77800,188300,266700,299300,307100
102254000,6.46,9245360,59518067.2,6.45,6.44,6.43,6.42,6.41,26700,58000,201600,258800,477100,6.46,6.47,6.48,6.49,6.5,82000,189900,266700,299500,308500
102257000,6.46,9246060,59522589.2,6.45,6.44,6.43,6.42,6.41,30700,60500,203600,258100,477100,6.46,6.47,6.48,6.49,6.5,81400,189900,266700,299500,308500
102300000,6.45,9248560,59538714.2,6.45,6.44,6.43,6.42,6.41,33400,62400,203600,258100,477100,6.46,6.47,6.48,6.49,6.5,81600,189900,266700,299500,308500
102303000,6.46,9253760,59572256.2,6.45,6.44,6.43,6.42,6.41,35600,72400,203600,258100,477100,6.46,6.47,6.48,6.49,6.5,81600,189900,266700,299500,308500
102321000,6.46,9260660,59616815.2,6.45,6.44,6.43,6.42,6.41,26500,76600,212100,258600,477100,6.46,6.47,6.48,6.49,6.5,83100,189600,266700,299500,308500
102324000,6.46,9260660,59616815.2,6.45,6.44,6.43,6.42,6.41,29300,76600,212100,258600,477100,6.46,6.47,6.48,6.49,6.5,83400,189600,266700,299500,308500
102327000,6.45,9260960,59618750.2,6.45,6.44,6.43,6.42,6.41,32300,76600,212100,258600,477100,6.46,6.47,6.48,6.49,6.5,87800,189600,266700,302500,308500
102330000,6.45,9260960,59618750.2,6.45,6.44,6.43,6.42,6.41,33300,76600,212100,258600,477100,6.46,6.47,6.48,6.49,6.5,107900,189600,266700,302500,308500
102348000,6.46,9267960,59663944.2,6.45,6.44,6.43,6.42,6.41,58100,76600,212100,260600,485200,6.46,6.47,6.48,6.49,6.5,107000,189600,266700,302500,308500
102351000,6.46,9268160,59665236.2,6.45,6.44,6.43,6.42,6.41,58100,76600,212100,260600,485200,6.46,6.47,6.48,6.49,6.5,109400,189600,266700,302500,308500
102354000,6.46,9269460,59673634.2,6.45,6.44,6.43,6.42,6.41,58100,76600,212100,260600,485200,6.46,6.47,6.48,6.49,6.5,108200,189600,266700,302500,308500
102415000,6.46,9300660,59875115.2,6.45,6.44,6.43,6.42,6.41,52900,76400,215400,260600,485200,6.46,6.47,6.48,6.49,6.5,108500,189600,266700,302500,308500
102418000,6.45,9301360,59879636.2,6.45,6.44,6.43,6.42,6.41,52800,84100,212400,260600,485200,6.46,6.47,6.48,6.49,6.5,108000,189600,266700,302500,309500
102421000,6.45,9302760,59888666.2,6.45,6.44,6.43,6.42,6.41,51400,84100,212400,260600,485200,6.46,6.47,6.48,6.49,6.5,108100,189600,266700,302500,309500
102424000,6.45,9303760,59895118.2,6.45,6.44,6.43,6.42,6.41,50600,84100,212400,260600,485200,6.46,6.47,6.48,6.49,6.5,107900,196000,266700,302500,309500
102442000,6.46,9326160,60039759.2,6.45,6.44,6.43,6.42,6.41,54900,83800,218400,258300,488200,6.46,6.47,6.48,6.49,6.5,94100,196000,266700,302500,309500
102445000,6.46,9326160,60039759.2,6.45,6.44,6.43,6.42,6.41,55400,83800,214500,258300,488200,6.46,6.47,6.48,6.49,6.5,95400,196000,267800,302500,309500
102448000,6.46,9326160,60039759.2,6.45,6.44,6.43,6.42,6.41,55900,85800,214500,294500,488200,6.46,6.47,6.48,6.49,6.5,95400,196700,267800,302500,309500
102451000,6.46,9327260,60046856.2,6.45,6.44,6.43,6.42,6.41,55300,86500,214500,294500,488200,6.46,6.47,6.48,6.49,6.5,102300,196700,267800,302500,309500
102509000,6.46,9338960,60122347.2,6.45,6.44,6.43,6.42,6.41,68600,103100,211300,294300,488200,6.46,6.47,6.48,6.49,6.5,118000,196800,267800,302500,309500
102512000,6.46,9339960,60128807.2,6.45,6.44,6.43,6.42,6.41,77700,103100,211300,294300,488200,6.46,6.47,6.48,6.49,6.5,105500,196800,267800,302500,309500
102515000,6.46,9339960,60128807.2,6.45,6.44,6.43,6.42,6.41,77700,103100,211300,294300,488200,6.46,6.47,6.48,6.49,6.5,106000,196800,267800,302500,309500
102518000,6.46,9341160,60136553.2,6.45,6.44,6.43,6.42,6.41,82000,103100,211300,294300,488200,6.46,6.47,6.48,6.49,6.5,105400,196800,267800,302500,309500
102536000,6.46,9348660,60184954.2,6.45,6.44,6.43,6.42,6.41,92300,103500,211800,294900,487200,6.46,6.47,6.48,6.49,6.5,100200,202900,267800,302500,309500
102539000,6.45,9349760,60192049.2,6.45,6.44,6.43,6.42,6.41,91400,103500,211800,294900,487200,6.46,6.47,6.48,6.49,6.5,100200,202900,267800,302500,309500
102542000,6.45,9351360,60202371.2,6.45,6.44,6.43,6.42,6.41,90000,104500,211800,294900,487200,6.46,6.47,6.48,6.49,6.5,100700,202900,267800,302500,309500
102545000,6.45,9362360,60273321.2,6.45,6.44,6.43,6.42,6.41,79000,104500,211800,294900,487200,6.46,6.47,6.48,6.49,6.5,100400,202900,267800,302500,309500
102606000,6.45,9431160,60717103.2,6.45,6.44,6.43,6.42,6.41,19500,101500,206800,294900,488700,6.46,6.47,6.48,6.49,6.5,107000,216700,267800,302500,309500
102609000,6.45,9431860,60721618.2,6.45,6.44,6.43,6.42,6.41,18800,101500,206800,295400,488700,6.46,6.47,6.48,6.49,6.5,107000,216700,267800,302500,309500
102612000,6.46,9434260,60737100.2,6.45,6.44,6.43,6.42,6.41,16600,101500,206800,295400,488900,6.46,6.47,6.48,6.49,6.5,106400,216700,267800,302500,311500
102630000,6.45,9443460,60796457.2,6.45,6.44,6.43,6.42,6.41,22600,104300,202500,296400,494900,6.46,6.47,6.48,6.49,6.5,101400,216700,286500,302500,311500
102633000,6.46,9444760,60804844.2,6.45,6.44,6.43,6.42,6.41,23300,104300,202500,296400,494900,6.46,6.47,6.48,6.49,6.5,101300,216700,286500,302500,311500
102636000,6.46,9445860,60811942.2,6.45,6.44,6.43,6.42,6.41,22500,104300,202500,296400,494900,6.46,6.47,6.48,6.49,6.5,109900,216700,286500,302500,311500
102639000,6.45,9452860,60857092.2,6.45,6.44,6.43,6.42,6.41,16500,104300,202500,296400,494900,6.46,6.47,6.48,6.49,6.5,113500,216700,286500,302500,310100
102657000,6.45,9489160,61091204.2,6.44,6.43,6.42,6.41,6.4,104000,202500,296400,494900,811600,6.45,6.46,6.47,6.48,6.49,1800,97500,216700,267800,302500
102700000,6.44,9490860,61102161.2,6.44,6.43,6.42,6.41,6.4,103200,202500,296400,494900,811600,6.45,6.46,6.47,6.48,6.49,6900,94500,216700,267800,302500
102703000,6.44,9491460,61106027.2,6.44,6.43,6.42,6.41,6.4,102800,202500,296400,494900,811600,6.45,6.46,6.47,6.48,6.49,8100,91600,216700,267800,302500
102706000,6.44,9491960,61109247.2,6.44,6.43,6.42,6.41,6.4,103600,202500,296400,494900,811600,6.45,6.46,6.47,6.48,6.49,8500,91200,216700,267800,302500
102724000,6.45,9510560,61229146.2,6.44,6.43,6.42,6.41,6.4,88800,204000,296900,494900,807000,6.45,6.46,6.47,6.48,6.49,24700,91600,216700,267800,302500
102727000,6.44,9510660,61229790.2,6.44,6.43,6.42,6.41,6.4,89700,204000,296900,499500,807000,6.45,6.46,6.47,6.48,6.49,25100,91600,235400,267800,302500
102730000,6.45,9510860,61231080.2,6.44,6.43,6.42,6.41,6.4,89700,204000,260700,499500,807200,6.45,6.46,6.47,6.48,6.49,25700,91600,235400,267800,302500
102733000,6.44,9543060,61438650.2,6.44,6.43,6.42,6.41,6.4,77800,204800,260700,499500,807200,6.45,6.46,6.47,6.48,6.49,5500,96600,235400,267800,302500
102751000,6.44,9545960,61457337.2,6.44,6.43,6.42,6.41,6.4,97300,205200,258600,499500,807200,6.45,6.46,6.47,6.48,6.49,17000,96100,235400,267800,302500
102754000,6.45,9546160,61458627.2,6.44,6.43,6.42,6.41,6.4,97300,205200,258600,499500,807200,6.45,6.46,6.47,6.48,6.49,18000,96100,235400,267800,302500
102757000,6.45,9546160,61458627.2,6.44,6.43,6.42,6.41,6.4,97400,215200,258600,499500,807200,6.45,6.46,6.47,6.48,6.49,19100,96100,235400,267800,302500
102800000,6.44,9546260,61459271.2,6.44,6.43,6.42,6.41,6.4,97300,215200,258600,499500,807200,6.45,6.46,6.47,6.48,6.49,19200,96100,235400,267800,302500
102818000,6.45,9570660,61616620.2,6.45,6.44,6.43,6.42,6.41,15200,111700,238800,258600,500200,6.46,6.47,6.48,6.49,6.5,95300,216700,267800,302500,310100
102821000,6.45,9574360,61640486.2,6.45,6.44,6.43,6.42,6.41,18300,109500,238800,261700,500200,6.46,6.47,6.48,6.49,6.5,93800,216700,267800,302500,310100
102824000,6.45,9582660,61694023.2,6.45,6.44,6.43,6.42,6.41,10300,109500,238800,261700,500200,6.46,6.47,6.48,6.49,6.5,179500,216700,267800,302500,310100
102827000,6.45,9593060,61761103.2,6.44,6.43,6.42,6.41,6.4,109500,238800,261700,500200,872700,6.45,6.46,6.47,6.48,6.49,11100,178800,216700,267800,302500
102845000,6.45,9612260,61884850.2,6.44,6.43,6.42,6.41,6.4,102200,238800,261700,500200,872700,6.45,6.46,6.47,6.48,6.49,21000,176700,216700,267800,302500
102848000,6.45,9618760,61926771.2,6.44,6.43,6.42,6.41,6.4,104500,238800,261900,500200,873700,6.45,6.46,6.47,6.48,6.49,16000,176700,216700,267800,302500
102851000,6.45,9620360,61937090.2,6.44,6.43,6.42,6.41,6.4,101200,240800,261900,500200,873700,6.45,6.46,6.47,6.48,6.49,17100,176600,216700,267800,302500
102854000,6.45,9621660,61945475.2,6.44,6.43,6.42,6.41,6.4,101200,240800,262400,500200,874700,6.45,6.46,6.47,6.48,6.49,20300,176100,216700,267800,302500
102912000,6.45,9633360,62020930.2,6.44,6.43,6.42,6.41,6.4,104200,240800,263400,500200,874700,6.45,6.46,6.47,6.48,6.49,9500,175500,216700,267800,302500
102915000,6.45,9634660,62029314.2,6.44,6.43,6.42,6.41,6.4,104400,240800,263400,500200,874700,6.45,6.46,6.47,6.48,6.49,8400,175400,216700,267800,302500
102918000,6.44,9634960,62031248.2,6.44,6.43,6.42,6.41,6.4,104300,240800,263400,500200,874700,6.45,6.46,6.47,6.48,6.49,9100,175400,216700,267800,302500
102921000,6.45,9635160,62032537.2,6.44,6.43,6.42,6.41,6.4,110900,240800,263400,500200,874700,6.45,6.46,6.47,6.48,6.49,10100,175400,216700,267800,302500
102939000,6.44,9644660,62093791.2,6.44,6.43,6.42,6.41,6.4,114600,238500,263400,500200,874700,6.45,6.46,6.47,6.48,6.49,7400,175300,216700,267800,302500
102942000,6.45,9650260,62129910.2,6.44,6.43,6.42,6.41,6.4,110300,238500,265700,500200,873700,6.45,6.46,6.47,6.48,6.49,1900,178100,216700,267800,302500
102945000,6.45,9653860,62153109.2,6.44,6.43,6.42,6.41,6.4,108200,238500,263000,499200,873700,6.45,6.46,6.47,6.48,6.49,7800,178100,216700,267800,302500
102948000,6.45,9653860,62153109.2,6.44,6.43,6.42,6.41,6.4,108200,238500,263000,499200,878700,6.45,6.46,6.47,6.48,6.49,7800,181600,216700,267800,302500
103006000,6.45,9658360,62182112.2,6.44,6.43,6.42,6.41,6.4,107000,238600,259900,498700,878700,6.45,6.46,6.47,6.48,6.49,11800,178800,216700,270800,302500
103009000,6.45,9664260,62220167.2,6.44,6.43,6.42,6.41,6.4,96200,238600,259900,498700,878700,6.45,6.46,6.47,6.48,6.49,6000,178800,216700,270800,302500
103012000,6.45,9664660,62222747.2,6.44,6.43,6.42,6.41,6.4,96300,238600,259900,498700,878700,6.45,6.46,6.47,6.48,6.49,6900,178800,216700,270800,302500
103015000,6.44,9665260,62226611.2,6.44,6.43,6.42,6.41,6.4,95700,238600,259900,498700,878700,6.45,6.46,6.47,6.48,6.49,7300,179300,216700,270800,302500
103033000,6.45,9694960,62418049.2,6.44,6.43,6.42,6.41,6.4,98600,238600,260300,500700,878700,6.45,6.46,6.47,6.48,6.49,21700,182400,216000,270800,302500
103036000,6.44,9695460,62421269.2,6.44,6.43,6.42,6.41,6.4,98100,238600,260300,500700,878700,6.45,6.46,6.47,6.48,6.49,22200,182400,216000,270800,302500
103039000,6.44,9695460,62421269.2,6.44,6.43,6.42,6.41,6.4,98100,238600,260300,500700,878700,6.45,6.46,6.47,6.48,6.49,22200,182400,216000,272800,302500
103042000,6.45,9695860,62423848.2,6.44,6.43,6.42,6.41,6.4,98000,238600,260300,500700,878700,6.45,6.46,6.47,6.48,6.49,21900,182400,216000,272800,302500
103103000,6.45,9711460,62524462.2,6.44,6.43,6.42,6.41,6.4,99200,238600,259300,500700,878700,6.45,6.46,6.47,6.48,6.49,18600,182600,216000,272800,307000
103106000,6.44,9713860,62539939.2,6.44,6.43,6.42,6.41,6.4,100300,239000,259300,500700,878700,6.45,6.46,6.47,6.48,6.49,16500,182600,216000,272800,307000
103109000,6.45,9714060,62541228.2,6.44,6.43,6.42,6.41,6.4,100200,239000,259300,500700,878700,6.45,6.46,6.47,6.48,6.49,16800,182600,216000,272800,307000
103127000,6.45,9715560,62550901.2,6.44,6.43,6.42,6.41,6.4,103400,239000,259300,500700,879200,6.45,6.46,6.47,6.48,6.49,20800,182600,216000,272800,307000
103130000,6.44,9716160,62554765.2,6.44,6.43,6.42,6.41,6.4,102800,239000,259300,500700,879200,6.45,6.46,6.47,6.48,6.49,22300,182700,216000,272800,307000
103133000,6.45,9716960,62559925.2,6.44,6.43,6.42,6.41,6.4,102100,239000,259300,500700,879200,6.45,6.46,6.47,6.48,6.49,21500,182900,216000,272800,307000
103136000,6.44,9717160,62561213.2,6.44,6.43,6.42,6.41,6.4,101900,239000,259300,500700,879200,6.45,6.46,6.47,6.48,6.49,21500,182900,217000,272800,307000
103154000,6.45,9725260,62613458.2,6.44,6.43,6.42,6.41,6.4,97000,239000,261900,499700,878700,6.45,6.46,6.47,6.48,6.49,34100,177500,217000,272800,307000
103157000,6.45,9725260,62613458.2,6.44,6.43,6.42,6.41,6.4,97000,239000,261900,499700,879700,6.45,6.46,6.47,6.48,6.49,34100,177500,217000,272800,307000
103200000,6.44,9725660,62616034.2,6.44,6.43,6.42,6.41,6.4,96600,239000,261900,499700,879700,6.45,6.46,6.47,6.48,6.49,34300,177500,217000,272800,307000
103203000,6.44,9726160,62619257.2,6.44,6.43,6.42,6.41,6.4,101400,239000,264900,499700,879700,6.45,6.46,6.47,6.48,6.49,34100,177400,217000,272800,307000
103221000,6.44,9747060,62754048.2,6.44,6.43,6.42,6.41,6.4,98600,239000,265400,499700,879700,6.45,6.46,6.47,6.48,6.49,54100,176300,217000,272800,306800
103224000,6.44,9749060,62766939.2,6.44,6.43,6.42,6.41,6.4,97700,239000,265400,499700,879700,6.45,6.46,6.47,6.48,6.49,53200,176300,217000,272800,306800
103227000,6.45,9751060,62779829.2,6.44,6.43,6.42,6.41,6.4,96700,239000,265400,499700,879700,6.45,6.46,6.47,6.48,6.49,52200,176300,217000,272800,306800
103230000,6.44,9751160,62780473.2,6.44,6.43,6.42,6.41,6.4,96600,239000,265400,499700,879400,6.45,6.46,6.47,6.48,6.49,55400,176400,217000,272800,306800
103248000,6.44,9757860,62823652.2,6.44,6.43,6.42,6.41,6.4,93700,239100,265400,499700,883100,6.45,6.46,6.47,6.48,6.49,63500,176300,217000,272800,306800
103254000,6.44,9758760,62829449.2,6.44,6.43,6.42,6.41,6.4,97900,239100,265400,499700,883100,6.45,6.46,6.47,6.48,6.49,63400,176400,217000,272800,306800
103257000,6.45,9758860,62830094.2,6.44,6.43,6.42,6.41,6.4,98900,239100,265400,499700,883100,6.45,6.46,6.47,6.48,6.49,64100,176300,217000,272800,306800
103315000,6.45,9799360,63091067.2,6.44,6.43,6.42,6.41,6.4,77700,239100,265400,501700,884100,6.45,6.46,6.47,6.48,6.49,54700,175400,217000,273800,306800
103318000,6.44,9881460,63619791.2,6.43,6.42,6.41,6.4,6.39,239600,265400,501700,884100,205200,6.44,6.45,6.46,6.47,6.48,24400,64700,175400,217000,273800
103321000,6.44,9897260,63721543.2,6.43,6.42,6.41,6.4,6.39,250600,265400,501700,884100,205200,6.44,6.45,6.46,6.47,6.48,12300,64700,178100,217000,273800
103324000,6.44,9912860,63822022.2,6.44,6.43,6.42,6.41,6.4,23400,251000,265400,501700,884100,6.45,6.46,6.47,6.48,6.49,52800,178100,215700,273800,306800
103342000,6.45,9928660,63923894.2,6.44,6.43,6.42,6.41,6.4,36600,243900,265400,501700,880600,6.45,6.46,6.47,6.48,6.49,41200,178100,215700,273800,306800
103345000,6.44,9929160,63927114.2,6.44,6.43,6.42,6.41,6.4,36100,243900,265400,501700,880600,6.45,6.46,6.47,6.48,6.49,41200,178100,215700,273800,306800
103348000,6.44,9932360,63947726.2,6.44,6.43,6.42,6.41,6.4,24600,243900,265400,501700,880600,6.45,6.46,6.47,6.48,6.49,44300,178100,215700,273800,306800
103351000,6.45,9932760,63950304.2,6.44,6.43,6.42,6.41,6.4,24200,243900,265400,501700,880600,6.45,6.46,6.47,6.48,6.49,44500,178100,215700,273800,306800
103409000,6.44,9936760,63976097.2,6.44,6.43,6.42,6.41,6.4,32000,345100,265400,501900,879000,6.45,6.46,6.47,6.48,6.49,43800,178200,215700,273800,306800
103412000,6.45,9936860,63976742.2,6.44,6.43,6.42,6.41,6.4,34200,345100,265900,502100,879000,6.45,6.46,6.47,6.48,6.49,43700,178200,215700,273800,306800
103415000,6.44,9950960,64067558.2,6.44,6.43,6.42,6.41,6.4,21400,344600,265900,502100,879800,6.45,6.46,6.47,6.48,6.49,65400,173300,215700,273800,306800
103418000,6.45,9951860,64073363.2,6.44,6.43,6.42,6.41,6.4,22000,344600,265900,502100,879800,6.45,6.46,6.47,6.48,6.49,65800,173000,215700,273800,306800
103436000,6.44,9967160,64171912.2,6.44,6.43,6.42,6.41,6.4,13900,344600,269800,502400,879300,6.45,6.46,6.47,6.48,6.49,89500,181200,214700,273800,306800
103439000,6.44,9967260,64172556.2,6.44,6.43,6.42,6.41,6.4,63800,344600,269800,502400,879300,6.45,6.46,6.47,6.48,6.49,91200,181200,214700,273800,306800
103442000,6.45,9967460,64173846.2,6.44,6.43,6.42,6.41,6.4,63800,344600,269800,502400,879300,6.45,6.46,6.47,6.48,6.49,89800,181200,214700,273800,306800
103445000,6.45,9967460,64173846.2,6.44,6.43,6.42,6.41,6.4,63800,344600,269800,502400,879300,6.45,6.46,6.47,6.48,6.49,89800,181200,214700,273800,306800
103503000,6.45,9969060,64184158.2,6.44,6.43,6.42,6.41,6.4,68700,349600,269800,503900,884400,6.45,6.46,6.47,6.48,6.49,91700,181000,214700,273800,306800
103506000,6.45,9969060,64184158.2,6.44,6.43,6.42,6.41,6.4,73800,349600,269800,501300,884400,6.45,6.46,6.47,6.48,6.49,91800,181500,214700,273800,306800
103509000,6.45,9969160,64184803.2,6.44,6.43,6.42,6.41,6.4,79300,349600,269800,501300,884400,6.45,6.46,6.47,6.48,6.49,91700,181500,214700,273800,306800
103512000,6.45,9969460,64186737.2,6.44,6.43,6.42,6.41,6.4,85900,349600,269800,501300,884400,6.45,6.46,6.47,6.48,6.49,91500,182000,214700,273800,306800
103530000,6.44,9990060,64319403.2,6.44,6.43,6.42,6.41,6.4,68900,346000,269800,501300,884400,6.45,6.46,6.47,6.48,6.49,92700,205700,214700,274100,306800
103533000,6.44,9997660,64368355.2,6.44,6.43,6.42,6.41,6.4,61400,346000,272800,501300,884400,6.45,6.46,6.47,6.48,6.49,91900,205700,214700,274100,306800
103536000,6.44,9999160,64378015.2,6.44,6.43,6.42,6.41,6.4,61100,346000,275300,501300,884400,6.45,6.46,6.47,6.48,6.49,91500,205700,214700,274100,306800
103539000,6.44,9999260,64378659.2,6.44,6.43,6.42,6.41,6.4,61000,346000,275300,501300,884400,6.45,6.46,6.47,6.48,6.49,92000,205700,214700,274100,306800
103557000,6.44,10072860,64852645.2,6.44,6.43,6.42,6.41,6.4,1900,355700,275300,501300,884200,6.45,6.46,6.47,6.48,6.49,95800,188400,214700,274100,306800
103600000,6.44,10078460,64888708.2,6.43,6.42,6.41,6.4,6.39,355800,275300,501300,884200,205800,6.44,6.45,6.46,6.47,6.48,11800,94900,188400,214700,274100
103603000,6.44,10084960,64930568.2,6.43,6.42,6.41,6.4,6.39,355800,272300,501300,884200,205800,6.44,6.45,6.46,6.47,6.48,5300,94900,188400,214700,274100
103606000,6.44,10085060,64931212.2,6.43,6.42,6.41,6.4,6.39,355800,271800,501300,884200,205800,6.44,6.45,6.46,6.47,6.48,5600,94800,188200,214700,274100
103624000,6.44,10092660,64980142.2,6.43,6.42,6.41,6.4,6.39,356400,271800,500600,884200,205800,6.44,6.45,6.46,6.47,6.48,13700,101000,189500,214700,274100
103630000,6.43,10093760,64987223.2,6.43,6.42,6.41,6.4,6.39,356100,272000,500600,884200,205800,6.44,6.45,6.46,6.47,6.48,13500,101000,189400,214700,274100
103633000,6.44,10094560,64992375.2,6.43,6.42,6.41,6.4,6.39,356100,272000,500600,887700,205800,6.44,6.45,6.46,6.47,6.48,12600,101000,189400,214700,274100
103651000,6.44,10111860,65103776.2,6.43,6.42,6.41,6.4,6.39,365200,274000,500600,887100,205200,6.44,6.45,6.46,6.47,6.48,5300,102000,189400,214700,274100
103654000,6.44,10111960,65104420.2,6.43,6.42,6.41,6.4,6.39,366700,274000,500600,887100,205200,6.44,6.45,6.46,6.47,6.48,5400,102000,191400,214700,274100
103657000,6.44,10113560,65114724.2,6.43,6.42,6.41,6.4,6.39,366900,274000,500600,889500,205200,6.44,6.45,6.46,6.47,6.48,3800,102000,191400,214700,274100
103700000,6.43,10113860,65116654.2,6.43,6.42,6.41,6.4,6.39,364700,274000,500600,889500,205200,6.44,6.45,6.46,6.47,6.48,3700,101300,191400,214700,274100
103718000,6.44,10120260,65157864.2,6.43,6.42,6.41,6.4,6.39,363000,278500,500600,890500,206200,6.44,6.45,6.46,6.47,6.48,11500,100300,183200,214700,274100
103721000,6.44,10120260,65157864.2,6.43,6.42,6.41,6.4,6.39,363000,278500,501100,890500,206200,6.44,6.45,6.46,6.47,6.48,11600,100300,183200,214700,274100
103724000,6.43,10131760,65231819.2,6.43,6.42,6.41,6.4,6.39,358500,278500,501100,890500,206200,6.44,6.45,6.46,6.47,6.48,10800,109400,183200,214700,274100
103727000,6.44,10131860,65232463.2,6.43,6.42,6.41,6.4,6.39,359600,278500,501600,890500,206200,6.44,6.45,6.46,6.47,6.48,12700,129800,183200,214700,274100
103745000,6.44,10174260,65505204.2,6.43,6.42,6.41,6.4,6.39,330200,279500,491600,890500,206200,6.44,6.45,6.46,6.47,6.48,5800,128300,183200,214700,274100
103748000,6.44,10174260,65505204.2,6.43,6.42,6.41,6.4,6.39,330200,279500,491600,890500,206200,6.44,6.45,6.46,6.47,6.48,6600,128500,183200,214700,274100
103751000,6.44,10174460,65506492.2,6.43,6.42,6.41,6.4,6.39,330200,279800,491600,889500,206200,6.44,6.45,6.46,6.47,6.48,7200,128300,183200,214700,274100
103754000,6.44,10174460,65506492.2,6.43,6.42,6.41,6.4,6.39,332000,279800,491600,888400,206200,6.44,6.45,6.46,6.47,6.48,10100,128300,183200,214700,274100
103812000,6.44,10193360,65628087.2,6.43,6.42,6.41,6.4,6.39,344100,280800,491600,888400,186200,6.44,6.45,6.46,6.47,6.48,23600,112700,183200,214700,274100
103815000,6.44,10195160,65639679.2,6.43,6.42,6.41,6.4,6.39,344200,280800,491600,888400,186200,6.44,6.45,6.46,6.47,6.48,22200,112700,183200,214700,274100
103818000,6.44,10198460,65660921.2,6.43,6.42,6.41,6.4,6.39,344000,280800,491600,888400,186200,6.44,6.45,6.46,6.47,6.48,23100,106900,183200,210800,274100
103821000,6.44,10198560,65661565.2,6.43,6.42,6.41,6.4,6.39,344000,280800,491600,888400,186200,6.44,6.45,6.46,6.47,6.48,23000,106900,183200,210800,274100
103839000,6.43,10210560,65738775.2,6.43,6.42,6.41,6.4,6.39,341200,280800,493100,883400,186200,6.44,6.45,6.46,6.47,6.48,28000,106900,192500,210800,274100
103842000,6.44,10216160,65774834.2,6.43,6.42,6.41,6.4,6.39,336800,280800,493100,883400,186200,6.44,6.45,6.46,6.47,6.48,22900,106900,192500,210800,274100
103845000,6.44,10218260,65788358.2,6.43,6.42,6.41,6.4,6.39,336800,280800,493100,883400,186200,6.44,6.45,6.46,6.47,6.48,21000,106900,192500,210800,274100
103848000,6.44,10218360,65789002.2,6.43,6.42,6.41,6.4,6.39,336800,280800,493100,883400,186200,6.44,6.45,6.46,6.47,6.48,20900,106900,192500,210800,274100
103906000,6.43,10578860,68107086.2,6.42,6.41,6.4,6.39,6.38,279800,493100,884200,186200,397200,6.43,6.44,6.45,6.46,6.47,5100,54900,157900,191000,210800
103909000,6.43,10890860,70109857.2,6.42,6.41,6.4,6.39,6.38,10400,463300,884200,186200,397100,6.43,6.44,6.45,6.46,6.47,3000,52800,157900,191000,210800
103912000,6.43,10892860,70122717.2,6.42,6.41,6.4,6.39,6.38,22800,463300,884200,186200,397100,6.43,6.44,6.45,6.46,6.47,2500,52700,157900,191000,210800
103915000,6.43,10893760,70128504.2,6.42,6.41,6.4,6.39,6.38,23300,470800,884200,186200,397100,6.43,6.44,6.45,6.46,6.47,2500,52600,157500,191000,210800
103930000,6.42,10924160,70323692.2,6.42,6.41,6.4,6.39,6.38,8100,470300,886100,186200,397100,6.43,6.44,6.45,6.46,6.47,12700,51400,157500,189400,210800
103933000,6.42,10928360,70350658.2,6.42,6.41,6.4,6.39,6.38,4100,470300,886100,186200,397100,6.43,6.44,6.45,6.46,6.47,16300,47600,157500,189400,210800
103936000,6.42,10928360,70350658.2,6.42,6.41,6.4,6.39,6.38,4400,470300,886600,186200,398100,6.43,6.44,6.45,6.46,6.47,16800,49300,157500,189400,210800
103939000,6.42,10929960,70360930.2,6.42,6.41,6.4,6.39,6.38,9300,470300,888600,186200,398100,6.43,6.44,6.45,6.46,6.47,16800,49300,157500,189400,210800
103942000,6.43,10930160,70362215.2,6.42,6.41,6.4,6.39,6.38,14000,470300,890600,186200,398100,6.43,6.44,6.45,6.46,6.47,16500,49300,157500,189400,210800
103957000,6.43,10943660,70449014.2,6.42,6.41,6.4,6.39,6.38,14700,472300,891600,186200,398100,6.43,6.44,6.45,6.46,6.47,4400,49300,157500,192200,210800
104000000,6.42,10943860,70450298.2,6.42,6.41,6.4,6.39,6.38,14500,472300,891600,187300,398100,6.43,6.44,6.45,6.46,6.47,4500,49200,157500,192200,210800
104003000,6.43,10954060,70515884.2,6.42,6.41,6.4,6.39,6.38,18500,472800,891600,187300,398100,6.43,6.44,6.45,6.46,6.47,18900,61400,153600,192200,210800
104006000,6.43,10954160,70516527.2,6.42,6.41,6.4,6.39,6.38,18000,404800,891600,187800,398100,6.43,6.44,6.45,6.46,6.47,22200,60600,152300,193900,210800
104009000,6.43,10955160,70522957.2,6.42,6.41,6.4,6.39,6.38,18000,406800,892600,187800,398100,6.43,6.44,6.45,6.46,6.47,21300,60600,152300,193900,211300
104024000,6.43,10956760,70533242.2,6.42,6.41,6.4,6.39,6.38,28700,406800,892900,187800,398100,6.43,6.44,6.45,6.46,6.47,25000,60600,152200,193800,211300
104027000,6.42,10962760,70571762.2,6.42,6.41,6.4,6.39,6.38,22500,406800,892900,187800,398100,6.43,6.44,6.45,6.46,6.47,25000,60600,152200,184500,211300
104033000,6.42,10964360,70582049.2,6.42,6.41,6.4,6.39,6.38,24600,406800,895100,189500,403100,6.43,6.44,6.45,6.46,6.47,24800,60600,151500,184500,211300
104036000,6.42,10964360,70582049.2,6.42,6.41,6.4,6.39,6.38,26600,421000,895100,189500,403100,6.43,6.44,6.45,6.46,6.47,24900,60600,151000,184500,211300
104051000,6.42,10965460,70589118.2,6.42,6.41,6.4,6.39,6.38,39200,451500,894100,189600,403100,6.43,6.44,6.45,6.46,6.47,25900,60600,150800,181500,211300
104054000,6.43,10965760,70591047.2,6.42,6.41,6.4,6.39,6.38,49200,451300,894100,189600,403100,6.43,6.44,6.45,6.46,6.47,25800,60600,150800,181500,211300
104057000,6.43,10965760,70591047.2,6.42,6.41,6.4,6.39,6.38,49200,451300,894600,189600,403100,6.43,6.44,6.45,6.46,6.47,26200,60600,153800,181500,211300
104100000,6.43,10967660,70603255.2,6.42,6.41,6.4,6.39,6.38,48300,451300,894600,189600,403100,6.43,6.44,6.45,6.46,6.47,25200,60600,153800,181500,211300
104103000,6.42,10967860,70604540.2,6.42,6.41,6.4,6.39,6.38,49300,451300,894600,189600,403100,6.43,6.44,6.45,6.46,6.47,35200,60600,153800,181500,211300
104118000,6.43,10971260,70626382.2,6.42,6.41,6.4,6.39,6.38,49500,444300,896400,189600,408100,6.43,6.44,6.45,6.46,6.47,37700,60600,153800,181500,211300
104121000,6.43,10971960,70630882.2,6.42,6.41,6.4,6.39,6.38,77200,444300,896400,189600,408100,6.43,6.44,6.45,6.46,6.47,37100,60600,153800,181500,211300
104124000,6.43,10971960,70630882.2,6.42,6.41,6.4,6.39,6.38,77200,444300,896400,189600,409100,6.43,6.44,6.45,6.46,6.47,37100,60600,154200,181500,211300
104127000,6.43,10971960,70630882.2,6.42,6.41,6.4,6.39,6.38,77200,444300,896400,189600,409500,6.43,6.44,6.45,6.46,6.47,37100,60600,154200,181500,211300
104130000,6.43,10971960,70630882.2,6.42,6.41,6.4,6.39,6.38,77200,444300,896400,189600,409500,6.43,6.44,6.45,6.46,6.47,37300,60600,154200,181500,211300
104145000,6.43,10983960,70708040.2,6.42,6.41,6.4,6.39,6.38,82700,449700,896600,188600,409500,6.43,6.44,6.45,6.46,6.47,25100,60600,154200,181500,211300
104151000,6.42,10984060,70708682.2,6.42,6.41,6.4,6.39,6.38,88200,449700,899700,188600,409500,6.43,6.44,6.45,6.46,6.47,26700,60600,154200,181500,211300
104154000,6.43,10984260,70709968.2,6.42,6.41,6.4,6.39,6.38,88200,454700,899700,188600,409500,6.43,6.44,6.45,6.46,6.47,33800,60600,154200,181500,211300
104157000,6.43,10984260,70709968.2,6.42,6.41,6.4,6.39,6.38,88200,455700,899700,188600,409500,6.43,6.44,6.45,6.46,6.47,36000,60600,154200,181500,211300
104212000,6.43,10991960,70759432.2,6.42,6.41,6.4,6.39,6.38,89800,455700,899100,219100,409500,6.43,6.44,6.45,6.46,6.47,39100,60600,150000,181500,211300
104215000,6.43,10992060,70760075.2,6.42,6.41,6.4,6.39,6.38,90800,456400,899100,219100,409500,6.43,6.44,6.45,6.46,6.47,39000,63100,150000,181500,211300
104218000,6.43,10992160,70760718.2,6.42,6.41,6.4,6.39,6.38,91800,456400,899100,219100,409700,6.43,6.44,6.45,6.46,6.47,36700,67100,150000,181500,211300
104221000,6.42,10992460,70762644.2,6.42,6.41,6.4,6.39,6.38,92500,456400,899100,219100,409700,6.43,6.44,6.45,6.46,6.47,36600,67100,151400,181500,211300
104224000,6.43,10992560,70763287.2,6.42,6.41,6.4,6.39,6.38,93000,456400,900000,219100,409700,6.43,6.44,6.45,6.46,6.47,36900,67100,151400,181500,211300
104239000,6.43,11112260,71532412.2,6.42,6.41,6.4,6.39,6.38,39300,456600,896000,219300,409700,6.43,6.44,6.45,6.46,6.47,24900,66900,151400,184500,211300
104242000,6.43,11112660,71534982.2,6.42,6.41,6.4,6.39,6.38,43600,456600,896000,219300,409700,6.43,6.44,6.45,6.46,6.47,25600,66900,151400,184500,211300
104245000,6.43,11112660,71534982.2,6.42,6.41,6.4,6.39,6.38,45600,456600,896000,219300,409700,6.43,6.44,6.45,6.46,6.47,26800,66900,151400,184500,211300
104248000,6.43,11112660,71534982.2,6.42,6.41,6.4,6.39,6.38,46300,456600,896200,219300,409700,6.43,6.44,6.45,6.46,6.47,26800,66900,151400,184500,211300
104251000,6.43,11123760,71606355.2,6.42,6.41,6.4,6.39,6.38,48300,457600,896200,219300,409700,6.43,6.44,6.45,6.46,6.47,15800,66900,151400,184500,211300
104306000,6.43,11124760,71612784.2,6.42,6.41,6.4,6.39,6.38,66300,461000,896200,219300,409900,6.43,6.44,6.45,6.46,6.47,19400,66900,151200,184000,211300
104309000,6.43,11124760,71612784.2,6.42,6.41,6.4,6.39,6.38,67400,461000,896200,219300,409900,6.43,6.44,6.45,6.46,6.47,19400,66900,151200,184000,211300
104312000,6.43,11125460,71617285.2,6.42,6.41,6.4,6.39,6.38,67400,461000,896200,219300,409900,6.43,6.44,6.45,6.46,6.47,19200,66900,151200,184000,211300
104315000,6.43,11125460,71617285.2,6.42,6.41,6.4,6.39,6.38,68700,461500,896200,219300,409900,6.43,6.44,6.45,6.46,6.47,19200,66900,151200,184000,211300
104318000,6.43,11125460,71617285.2,6.42,6.41,6.4,6.39,6.38,69100,458500,896200,219300,409400,6.43,6.44,6.45,6.46,6.47,19200,66900,151200,184000,211300
104333000,6.43,11137960,71697659.2,6.42,6.41,6.4,6.39,6.38,68300,456900,896200,219300,410400,6.43,6.44,6.45,6.46,6.47,13600,66900,151200,184000,211300
104336000,6.43,11140860,71716306.2,6.42,6.41,6.4,6.39,6.38,68200,458900,896200,219300,410400,6.43,6.44,6.45,6.46,6.47,11500,66900,151200,184000,211300
104339000,6.42,11141860,71722735.2,6.42,6.41,6.4,6.39,6.38,68100,460000,893700,219300,410400,6.43,6.44,6.45,6.46,6.47,10700,66900,151200,184000,211300
104342000,6.43,11146560,71752955.2,6.42,6.41,6.4,6.39,6.38,68000,460200,893700,219300,410400,6.43,6.44,6.45,6.46,6.47,7500,66900,151200,184000,211300
104345000,6.43,11146660,71753598.2,6.42,6.41,6.4,6.39,6.38,68600,460200,895300,219300,410400,6.43,6.44,6.45,6.46,6.47,8200,66900,151200,184000,211300
104400000,6.43,11166060,71878325.2,6.42,6.41,6.4,6.39,6.38,61500,446000,895700,219300,411400,6.43,6.44,6.45,6.46,6.47,28200,64800,149700,184000,211200
104403000,6.43,11168160,71891819.2,6.42,6.41,6.4,6.39,6.38,61200,446000,895700,219300,411400,6.43,6.44,6.45,6.46,6.47,27000,64800,149700,184000,211200
104406000,6.43,11170160,71904679.2,6.42,6.41,6.4,6.39,6.38,64200,451900,895700,219300,412400,6.43,6.44,6.45,6.46,6.47,26300,64800,149700,184000,211200
104409000,6.43,11170160,71904679.2,6.42,6.41,6.4,6.39,6.38,64200,451900,895700,219800,413600,6.43,6.44,6.45,6.46,6.47,29000,64000,149700,184000,211200
104412000,6.43,11170360,71905965.2,6.42,6.41,6.4,6.39,6.38,78200,451900,897100,219800,414600,6.43,6.44,6.45,6.46,6.47,28800,64000,149700,184000,211200
104427000,6.42,11222060,72237902.2,6.42,6.41,6.4,6.39,6.38,32100,442700,898400,219800,414600,6.43,6.44,6.45,6.46,6.47,43900,64000,149700,184000,211200
104430000,6.42,11222260,72239186.2,6.42,6.41,6.4,6.39,6.38,35100,442700,898700,219800,414600,6.43,6.44,6.45,6.46,6.47,46700,64000,149700,183900,211200
104433000,6.43,11223060,72244329.2,6.42,6.41,6.4,6.39,6.38,84400,442700,898700,219800,414600,6.43,6.44,6.45,6.46,6.47,46200,64000,149700,183900,211200
104436000,6.43,11223060,72244329.2,6.42,6.41,6.4,6.39,6.38,84400,442700,898700,219800,414600,6.43,6.44,6.45,6.46,6.47,47100,64000,149700,183900,211200
104439000,6.43,11223060,72244329.2,6.42,6.41,6.4,6.39,6.38,90200,442700,900700,219800,414600,6.43,6.44,6.45,6.46,6.47,47100,79300,149700,183900,211200
104454000,6.43,11236760,72332377.2,6.42,6.41,6.4,6.39,6.38,96600,440300,900700,219800,416600,6.43,6.44,6.45,6.46,6.47,38400,79300,149700,183900,219900
104457000,6.43,11244860,72384391.2,6.42,6.41,6.4,6.39,6.38,91900,440300,900700,219800,416600,6.43,6.44,6.45,6.46,6.47,37200,70000,149700,180900,219900
104500000,6.43,11244860,72384391.2,6.42,6.41,6.4,6.39,6.38,91900,440300,900700,219800,417000,6.43,6.44,6.45,6.46,6.47,37300,70000,149700,180900,219900
104503000,6.42,11245860,72390813.2,6.42,6.41,6.4,6.39,6.38,91800,440300,900700,219800,417000,6.43,6.44,6.45,6.46,6.47,38600,70000,149700,180900,219900
104506000,6.43,11245960,72391456.2,6.42,6.41,6.4,6.39,6.38,91900,440300,900500,219800,417000,6.43,6.44,6.45,6.46,6.47,38500,70000,149700,180900,219900
104521000,6.43,11254260,72444783.2,6.42,6.41,6.4,6.39,6.38,89200,440300,896500,219800,417000,6.43,6.44,6.45,6.46,6.47,35000,70000,149700,180900,219900
104524000,6.43,11256160,72456995.2,6.42,6.41,6.4,6.39,6.38,88800,440300,896500,219800,417000,6.43,6.44,6.45,6.46,6.47,33600,70000,149700,180900,219900
104527000,6.42,11256860,72461494.2,6.42,6.41,6.4,6.39,6.38,93600,440300,900500,219800,417000,6.43,6.44,6.45,6.46,6.47,33500,70300,149700,180900,219900
104530000,6.43,11257660,72466633.2,6.42,6.41,6.4,6.39,6.38,93100,440300,900500,219800,417000,6.43,6.44,6.45,6.46,6.47,33400,70300,150300,180900,219900
104533000,6.43,11258560,72472420.2,6.42,6.41,6.4,6.39,6.38,92800,440300,900500,219800,417000,6.43,6.44,6.45,6.46,6.47,32500,70300,150300,180900,219900
104548000,6.42,11339460,72991800.2,6.42,6.41,6.4,6.39,6.38,17100,439700,900500,219800,416500,6.43,6.44,6.45,6.46,6.47,57300,66800,150300,180900,219900
104551000,6.43,11355660,73095829.2,6.42,6.41,6.4,6.39,6.38,3400,439700,900500,219800,416500,6.43,6.44,6.45,6.46,6.47,54800,66800,150300,174700,219900
104554000,6.42,11357660,73108681.2,6.42,6.41,6.4,6.39,6.38,2600,448400,900500,219800,416500,6.43,6.44,6.45,6.46,6.47,54300,66800,150300,174700,219900
104557000,6.42,11359760,73122165.2,6.42,6.41,6.4,6.39,6.38,700,450400,900500,219800,416500,6.43,6.44,6.45,6.46,6.47,55500,66800,150300,174700,219900
104600000,6.42,11360660,73127943.2,6.41,6.4,6.39,6.38,6.37,450400,900500,219800,416500,73100,6.43,6.44,6.45,6.46,6.47,55600,66900,150300,174700,219900
104615000,6.41,11367560,73172209.2,6.41,6.4,6.39,6.38,6.37,458800,865200,219800,416500,73100,6.42,6.43,6.44,6.45,6.46,16700,53600,66900,150300,174700
104618000,6.42,11425560,73543996.2,6.41,6.4,6.39,6.38,6.37,401500,865200,219800,416500,75100,6.42,6.43,6.44,6.45,6.46,48900,53100,66900,150300,174700
104621000,6.42,11510560,74088878.2,6.41,6.4,6.39,6.38,6.37,325300,865200,219800,416500,75100,6.42,6.43,6.44,6.45,6.46,45800,53000,66500,150300,174700
104624000,6.42,11510560,74088878.2,6.41,6.4,6.39,6.38,6.37,326300,865200,219800,416500,75100,6.42,6.43,6.44,6.45,6.46,50400,53000,66500,150300,174700
104627000,6.42,11511960,74097862.2,6.41,6.4,6.39,6.38,6.37,325900,864700,219800,416500,75100,6.42,6.43,6.44,6.45,6.46,49500,53000,66500,151300,174700
104642000,6.42,11516860,74129314.2,6.41,6.4,6.39,6.38,6.37,325900,867700,219800,416500,75100,6.42,6.43,6.44,6.45,6.46,45800,52300,66500,151300,179300
104645000,6.42,11519260,74144722.2,6.41,6.4,6.39,6.38,6.37,330300,867900,219800,416500,75100,6.42,6.43,6.44,6.45,6.46,43400,52100,66500,151300,179300
104648000,6.42,11519360,74145364.2,6.41,6.4,6.39,6.38,6.37,330300,867900,219800,416500,75100,6.42,6.43,6.44,6.45,6.46,43300,52100,69400,152400,179300
104651000,6.42,11522260,74163982.2,6.41,6.4,6.39,6.38,6.37,330300,867900,219800,416500,75100,6.42,6.43,6.44,6.45,6.46,43900,52100,69400,152400,179300
104654000,6.42,11522460,74165266.2,6.41,6.4,6.39,6.38,6.37,331300,867900,219800,416500,76400,6.42,6.43,6.44,6.45,6.46,43700,52100,69400,149400,179300
104709000,6.41,11547460,74325689.2,6.41,6.4,6.39,6.38,6.37,395900,867900,222600,416500,76400,6.42,6.43,6.44,6.45,6.46,17600,54900,69400,149300,177300
104712000,6.42,11550660,74346233.2,6.41,6.4,6.39,6.38,6.37,408000,867900,222600,416500,76400,6.42,6.43,6.44,6.45,6.46,44300,54900,69400,149300,177300
104715000,6.42,11553060,74361640.2,6.41,6.4,6.39,6.38,6.37,407900,867900,222600,416500,76400,6.42,6.43,6.44,6.45,6.46,42200,54900,69400,149300,177200
104718000,6.42,11554060,74368055.2,6.41,6.4,6.39,6.38,6.37,417500,874300,222600,416500,77400,6.42,6.43,6.44,6.45,6.46,41700,56900,69400,149300,177200
104721000,6.42,11555060,74374474.2,6.41,6.4,6.39,6.38,6.37,417400,874300,222600,418500,77400,6.42,6.43,6.44,6.45,6.46,50800,56900,69400,149300,177200
104736000,6.41,11559760,74404636.2,6.41,6.4,6.39,6.38,6.37,422300,877800,222600,412300,77400,6.42,6.43,6.44,6.45,6.46,47500,53700,69400,149300,177200
104739000,6.41,11559860,74405277.2,6.41,6.4,6.39,6.38,6.37,423200,878800,222600,412300,77400,6.42,6.43,6.44,6.45,6.46,47500,53700,69400,149300,177200
104742000,6.42,11560160,74407202.2,6.41,6.4,6.39,6.38,6.37,427400,878800,222600,412300,77400,6.42,6.43,6.44,6.45,6.46,48000,53700,69400,149300,177200
104745000,6.42,11560160,74407202.2,6.41,6.4,6.39,6.38,6.37,429100,883800,222600,412300,76400,6.42,6.43,6.44,6.45,6.46,56100,67600,69100,149300,177200
104748000,6.42,11565160,74439302.2,6.41,6.4,6.39,6.38,6.37,429200,884800,222600,412300,76400,6.42,6.43,6.44,6.45,6.46,51100,68500,67800,149300,177200
104803000,6.42,11583060,74554128.2,6.41,6.4,6.39,6.38,6.37,429600,883900,223000,412300,76400,6.42,6.43,6.44,6.45,6.46,46600,69500,70800,149300,188000
104806000,6.42,11583560,74557338.2,6.41,6.4,6.39,6.38,6.37,429600,883900,223000,412300,76400,6.42,6.43,6.44,6.45,6.46,46600,69500,70800,149300,188000
104809000,6.41,11587960,74585542.2,6.41,6.4,6.39,6.38,6.37,429200,884900,223000,412300,76400,6.42,6.43,6.44,6.45,6.46,46700,69500,70800,149300,188000
104812000,6.42,11588260,74587468.2,6.41,6.4,6.39,6.38,6.37,429200,884900,223000,412300,76400,6.42,6.43,6.44,6.45,6.46,46500,69500,70800,129300,188000
104830000,6.42,11611160,74734475.2,6.41,6.4,6.39,6.38,6.37,432500,884800,223000,411300,76400,6.42,6.43,6.44,6.45,6.46,27700,51500,70800,129600,188000
104833000,6.41,11613960,74752433.2,6.41,6.4,6.39,6.38,6.37,430600,891300,223000,411300,76400,6.42,6.43,6.44,6.45,6.46,27500,52200,71800,129600,188000
104836000,6.41,11614260,74754357.2,6.41,6.4,6.39,6.38,6.37,430400,891600,223000,411300,76400,6.42,6.43,6.44,6.45,6.46,27400,52300,71800,129600,188000
104839000,6.41,11615260,74760767.2,6.41,6.4,6.39,6.38,6.37,430800,890500,223000,411300,76400,6.42,6.43,6.44,6.45,6.46,27400,52300,71800,129600,188000
104842000,6.42,11615560,74762692.2,6.41,6.4,6.39,6.38,6.37,434000,890500,223000,411300,76400,6.42,6.43,6.44,6.45,6.46,27600,52300,71800,129600,188000
104857000,6.41,11621360,74799912.2,6.41,6.4,6.39,6.38,6.37,511200,891500,223000,411800,76400,6.42,6.43,6.44,6.45,6.46,31400,40400,71800,129600,188000
104900000,6.41,11621360,74799912.2,6.41,6.4,6.39,6.38,6.37,514200,891500,223000,411800,76400,6.42,6.43,6.44,6.45,6.46,31500,40400,71800,129600,188000
104903000,6.42,11623760,74815318.2,6.41,6.4,6.39,6.38,6.37,514700,891200,223000,411800,77000,6.42,6.43,6.44,6.45,6.46,29700,40400,71800,129600,188000
104906000,6.42,11623860,74815960.2,6.41,6.4,6.39,6.38,6.37,514700,890100,223000,411800,77000,6.42,6.43,6.44,6.45,6.46,29600,40400,71800,129600,188000
104924000,6.42,11652560,75000073.2,6.41,6.4,6.39,6.38,6.37,516200,893100,223000,411800,81200,6.42,6.43,6.44,6.45,6.46,26600,40800,71800,129600,187900
104927000,6.41,11654260,75010976.2,6.41,6.4,6.39,6.38,6.37,516900,893100,223000,411800,81200,6.42,6.43,6.44,6.45,6.46,26600,40800,71800,129600,187900
104930000,6.42,11654360,75011618.2,6.41,6.4,6.39,6.38,6.37,516900,893100,223000,411800,81200,6.42,6.43,6.44,6.45,6.46,29500,40400,71800,129600,187900
104933000,6.42,11655260,75017396.2,6.41,6.4,6.39,6.38,6.37,516200,893100,224000,411800,81200,6.42,6.43,6.44,6.45,6.46,38600,40400,71800,129600,187900
104951000,6.42,11656060,75022528.2,6.41,6.4,6.39,6.38,6.37,542300,896900,227000,411800,81200,6.42,6.43,6.44,6.45,6.46,61300,29000,61900,128300,187900
104954000,6.42,11660660,75052054.2,6.41,6.4,6.39,6.38,6.37,541700,896900,227000,411800,81200,6.42,6.43,6.44,6.45,6.46,58100,29000,61900,128300,187900
104957000,6.41,11660860,75053337.2,6.41,6.4,6.39,6.38,6.37,541600,897100,227000,411800,81200,6.42,6.43,6.44,6.45,6.46,58000,29000,61900,128300,187900
105000000,6.41,11666760,75091214.2,6.41,6.4,6.39,6.38,6.37,536800,897500,231700,411800,81200,6.42,6.43,6.44,6.45,6.46,52200,29000,61900,128300,187900
105018000,6.42,11682860,75194462.2,6.41,6.4,6.39,6.38,6.37,527600,906500,231700,411800,81200,6.42,6.43,6.44,6.45,6.46,42300,29000,62900,128300,187800
105021000,6.41,11687860,75226561.2,6.41,6.4,6.39,6.38,6.37,522300,907000,231700,411800,81200,6.42,6.43,6.44,6.45,6.46,37700,29000,62900,128300,187800
105024000,6.41,11703660,75327841.2,6.41,6.4,6.39,6.38,6.37,509600,907000,231700,411800,81200,6.42,6.43,6.44,6.45,6.46,38200,29000,62900,128300,188800
105027000,6.41,11703660,75327841.2,6.41,6.4,6.39,6.38,6.37,509800,907000,231700,411800,91200,6.42,6.43,6.44,6.45,6.46,38200,29000,62900,128300,188800
105045000,6.42,11711260,75376585.2,6.41,6.4,6.39,6.38,6.37,506500,894000,232400,414000,91400,6.42,6.43,6.44,6.45,6.46,38600,29000,62900,128300,188800
105048000,6.42,11711260,75376585.2,6.41,6.4,6.39,6.38,6.37,506500,894000,232400,414000,91400,6.42,6.43,6.44,6.45,6.46,48600,29000,62900,128300,188800
105051000,6.42,11711260,75376585.2,6.41,6.4,6.39,6.38,6.37,509500,894000,232400,414000,91400,6.42,6.43,6.44,6.45,6.46,48800,29000,62900,128300,188800
105054000,6.42,11711460,75377869.2,6.41,6.4,6.39,6.38,6.37,509500,894000,232400,414000,91400,6.42,6.43,6.44,6.45,6.46,49500,29000,62900,128300,188800
105112000,6.42,11724460,75461319.2,6.41,6.4,6.39,6.38,6.37,514700,893800,232400,414200,91400,6.42,6.43,6.44,6.45,6.46,58300,29900,67900,128300,188800
105115000,6.42,11724560,75461961.2,6.41,6.4,6.39,6.38,6.37,514900,893800,232400,414200,91400,6.42,6.43,6.44,6.45,6.46,58200,29900,67900,128300,188800
105121000,6.42,11725760,75469664.2,6.41,6.4,6.39,6.38,6.37,514800,893800,232400,414200,91400,6.42,6.43,6.44,6.45,6.46,57100,29900,67900,128300,188800
105139000,6.42,11740860,75566584.2,6.41,6.4,6.39,6.38,6.37,511100,887300,232400,414200,91400,6.42,6.43,6.44,6.45,6.46,57700,29900,67900,128300,188800
105142000,6.42,11743060,75580708.2,6.41,6.4,6.39,6.38,6.37,512600,887300,232400,414200,94400,6.42,6.43,6.44,6.45,6.46,55700,41000,67900,128300,188800
105145000,6.41,11745060,75593528.2,6.41,6.4,6.39,6.38,6.37,515000,887300,232400,414200,94400,6.42,6.43,6.44,6.45,6.46,57400,41000,67900,128300,188800
105148000,6.42,11745160,75594170.2,6.41,6.4,6.39,6.38,6.37,515500,887300,232400,414200,94400,6.42,6.43,6.44,6.45,6.46,57300,41000,67900,128300,188800
105206000,6.41,12268960,78951960.2,6.41,6.4,6.39,6.38,6.37,22100,892000,232400,416200,94400,6.42,6.43,6.44,6.45,6.46,49700,40500,67900,129400,188800
105209000,6.41,12294260,79114133.2,6.4,6.39,6.38,6.37,6.36,892800,232400,416200,94400,176800,6.41,6.42,6.43,6.44,6.45,17800,50000,40500,67900,129400
105212000,6.41,12300860,79156431.2,6.4,6.39,6.38,6.37,6.36,906700,232400,416200,94400,176800,6.41,6.42,6.43,6.44,6.45,31000,48600,39700,67900,129400
105215000,6.41,12304560,79180148.2,6.4,6.39,6.38,6.37,6.36,906700,232400,416200,94400,176800,6.41,6.42,6.43,6.44,6.45,16200,48500,39700,67900,129400
105233000,6.41,12324260,79306427.2,6.41,6.4,6.39,6.38,6.37,47000,897700,233400,416400,94400,6.42,6.43,6.44,6.45,6.46,50900,39400,67700,129400,188800
105236000,6.41,12324560,79308350.2,6.41,6.4,6.39,6.38,6.37,45800,897700,233400,416400,94400,6.42,6.43,6.44,6.45,6.46,51200,39400,67700,129400,188800
105239000,6.42,12325060,79311559.2,6.41,6.4,6.39,6.38,6.37,47200,898200,233400,416400,94900,6.42,6.43,6.44,6.45,6.46,50900,39400,67700,129400,188800
105242000,6.42,12325160,79312201.2,6.41,6.4,6.39,6.38,6.37,47200,898200,233400,416400,94900,6.42,6.43,6.44,6.45,6.46,52200,39400,67700,129400,188800
105303000,6.41,12335260,79376950.2,6.41,6.4,6.39,6.38,6.37,44800,898200,236400,426400,94900,6.42,6.43,6.44,6.45,6.46,57900,39400,67700,128400,188800
105306000,6.41,12335760,79380159.2,6.41,6.4,6.39,6.38,6.37,44700,898900,236400,426400,94900,6.42,6.43,6.44,6.45,6.46,57600,39400,67700,128400,188800
105309000,6.41,12339060,79401312.2,6.41,6.4,6.39,6.38,6.37,41400,898900,236400,426400,94900,6.42,6.43,6.44,6.45,6.46,57600,39400,67700,128400,188800
105327000,6.42,12372260,79614127.2,6.41,6.4,6.39,6.38,6.37,52800,898900,235400,426400,95900,6.42,6.43,6.44,6.45,6.46,60200,39400,67700,137200,188800
105330000,6.41,12375060,79632075.2,6.41,6.4,6.39,6.38,6.37,50000,898900,235400,426400,95900,6.42,6.43,6.44,6.45,6.46,95200,32800,58100,137300,188800
105333000,6.42,12380860,79669266.2,6.41,6.4,6.39,6.38,6.37,55700,898900,235400,426400,95900,6.42,6.43,6.44,6.45,6.46,94800,31900,58100,137300,188800
105336000,6.41,12380960,79669907.2,6.41,6.4,6.39,6.38,6.37,55600,899100,235400,426400,95900,6.42,6.43,6.44,6.45,6.46,94800,31900,58100,137300,188800
105354000,6.42,12393260,79748872.2,6.41,6.4,6.39,6.38,6.37,75600,901300,266400,426400,96100,6.42,6.43,6.44,6.45,6.46,78800,28200,58100,137200,188800
105357000,6.42,12398860,79784797.2,6.41,6.4,6.39,6.38,6.37,72900,901300,266400,428900,96100,6.42,6.43,6.44,6.45,6.46,75900,28200,58100,137200,188800
105400000,6.42,12400660,79796353.2,6.41,6.4,6.39,6.38,6.37,73600,901300,266400,428900,96100,6.42,6.43,6.44,6.45,6.46,74100,28200,58100,137200,188800
105421000,6.41,12452260,80127228.2,6.41,6.4,6.39,6.38,6.37,41600,906100,267400,428900,96100,6.42,6.43,6.44,6.45,6.46,70995,28200,58100,137200,188800
105424000,6.41,12452560,80129151.2,6.41,6.4,6.39,6.38,6.37,41600,906100,267400,428900,96100,6.42,6.43,6.44,6.45,6.46,71195,28200,58100,137200,188800
105427000,6.42,12452860,80131077.2,6.41,6.4,6.39,6.38,6.37,41500,906100,267400,428900,96100,6.42,6.43,6.44,6.45,6.46,71295,28200,58100,137200,188800
105430000,6.42,12453160,80133001.2,6.41,6.4,6.39,6.38,6.37,42500,906600,267400,428900,96100,6.42,6.43,6.44,6.45,6.46,70995,28200,58100,137200,188800
105448000,6.42,12475460,80276072.2,6.41,6.4,6.39,6.38,6.37,38500,908100,262400,428900,96400,6.42,6.43,6.44,6.45,6.46,59495,28700,58100,127300,189300
105451000,6.42,12475660,80277356.2,6.41,6.4,6.39,6.38,6.37,41500,908100,262400,428900,96400,6.42,6.43,6.44,6.45,6.46,59995,28700,58100,127300,189300
105454000,6.42,12475660,80277356.2,6.41,6.4,6.39,6.38,6.37,43100,908100,262400,428900,96400,6.42,6.43,6.44,6.45,6.46,59995,28700,58100,126300,189300
105457000,6.41,12476160,80280561.2,6.41,6.4,6.39,6.38,6.37,42600,908100,262600,428900,96400,6.42,6.43,6.44,6.45,6.46,59995,28700,58100,126300,189300
105515000,6.41,12488360,80358839.2,6.41,6.4,6.39,6.38,6.37,44600,912400,266600,429400,96400,6.42,6.43,6.44,6.45,6.46,52595,29500,58100,126300,189300
105518000,6.41,12501260,80441528.2,6.41,6.4,6.39,6.38,6.37,31600,912500,266600,429400,96400,6.42,6.43,6.44,6.45,6.46,63795,29500,58100,126300,189300
105521000,6.42,12501460,80442811.2,6.41,6.4,6.39,6.38,6.37,30500,912500,266600,429400,96400,6.42,6.43,6.44,6.45,6.46,63695,29500,58100,126300,189300
105524000,6.42,12501460,80442811.2,6.41,6.4,6.39,6.38,6.37,30300,912500,266600,429400,96400,6.42,6.43,6.44,6.45,6.46,63695,34800,58100,126300,189300
105542000,6.42,12514760,80528068.2,6.41,6.4,6.39,6.38,6.37,19900,914200,261900,432400,85100,6.42,6.43,6.44,6.45,6.46,65095,34800,57100,126200,189300
105545000,6.41,12535060,80658191.2,6.41,6.4,6.39,6.38,6.37,9500,914200,261900,432400,85100,6.42,6.43,6.44,6.45,6.46,65095,34800,57100,126200,189300
105548000,6.41,12542160,80703702.2,6.41,6.4,6.39,6.38,6.37,5100,914200,266600,432400,85100,6.42,6.43,6.44,6.45,6.46,65095,34800,57100,126200,189300
105551000,6.41,12543760,80713958.2,6.41,6.4,6.39,6.38,6.37,3500,920100,266600,434400,85100,6.42,6.43,6.44,6.45,6.46,63995,34800,57100,126200,189300
105609000,6.41,12560760,80822913.2,6.4,6.39,6.38,6.37,6.36,913200,267600,434400,85600,177200,6.41,6.42,6.43,6.44,6.45,17300,71995,33100,57100,126200
105612000,6.41,12560860,80823554.2,6.4,6.39,6.38,6.37,6.36,913600,267600,434400,85600,177200,6.41,6.42,6.43,6.44,6.45,20300,71995,33100,57100,126200
105615000,6.41,12560860,80823554.2,6.4,6.39,6.38,6.37,6.36,914900,267600,434400,85600,177200,6.41,6.42,6.43,6.44,6.45,21700,71895,33100,57100,126200
105618000,6.41,12560860,80823554.2,6.4,6.39,6.38,6.37,6.36,915500,267800,434400,85600,177200,6.41,6.42,6.43,6.44,6.45,22900,71895,33100,57100,126200
105636000,6.4,12578960,80939552.2,6.4,6.39,6.38,6.37,6.36,916800,267800,434400,85600,177200,6.41,6.42,6.43,6.44,6.45,9900,72195,33100,57100,126200
105639000,6.41,12579360,80942115.2,6.4,6.39,6.38,6.37,6.36,917100,267800,434400,85600,177200,6.41,6.42,6.43,6.44,6.45,9600,72195,33100,57100,72600
105642000,6.41,12581860,80958139.2,6.4,6.39,6.38,6.37,6.36,917000,273100,434400,85600,177200,6.41,6.42,6.43,6.44,6.45,9600,72195,33100,57100,72600
105645000,6.41,12581860,80958139.2,6.4,6.39,6.38,6.37,6.36,919400,272600,434900,85600,177200,6.41,6.42,6.43,6.44,6.45,8000,72195,33100,57100,72600
105703000,6.4,13507860,86884657.2,6.4,6.39,6.38,6.37,6.36,8400,269800,434900,85600,177700,6.41,6.42,6.43,6.44,6.45,16900,77095,32900,57100,72500
105706000,6.4,13514360,86926257.2,6.4,6.39,6.38,6.37,6.36,1900,268600,434900,85600,177700,6.41,6.42,6.43,6.44,6.45,16900,77095,32900,57100,72500
105709000,6.4,13514560,86927537.2,6.4,6.39,6.38,6.37,6.36,2900,268700,434900,85600,177700,6.41,6.42,6.43,6.44,6.45,16900,77095,32900,57100,72500
105712000,6.4,13515960,86936499.2,6.4,6.39,6.38,6.37,6.36,2100,268700,434900,85600,177700,6.41,6.42,6.43,6.44,6.45,17500,77095,32900,57100,72500
105730000,6.4,13525260,86996095.2,6.4,6.39,6.38,6.37,6.36,6600,270700,435200,85600,178000,6.41,6.42,6.43,6.44,6.45,27900,82095,31900,61500,72400
105733000,6.41,13525360,86996736.2,6.4,6.39,6.38,6.37,6.36,8800,270700,435200,85600,178000,6.41,6.42,6.43,6.44,6.45,27800,82095,31900,61500,72400
105736000,6.4,13525560,86998016.2,6.4,6.39,6.38,6.37,6.36,10100,270700,435200,85600,178000,6.41,6.42,6.43,6.44,6.45,27800,82095,31900,61500,72400
105739000,6.4,13525560,86998016.2,6.4,6.39,6.38,6.37,6.36,11100,270700,435200,86600,178000,6.41,6.42,6.43,6.44,6.45,28800,82095,31900,61500,72400
105757000,6.4,13533560,87049220.2,6.4,6.39,6.38,6.37,6.36,6600,285800,436200,87600,178000,6.41,6.42,6.43,6.44,6.45,32200,79995,31000,61500,72400
105800000,6.4,13533660,87049860.2,6.4,6.39,6.38,6.37,6.36,6500,285800,436200,87600,178000,6.41,6.42,6.43,6.44,6.45,32800,79295,31000,62500,72400
105803000,6.4,13534760,87056902.2,6.4,6.39,6.38,6.37,6.36,5700,285800,436200,87600,179000,6.41,6.42,6.43,6.44,6.45,32600,79295,31000,62500,72400
105806000,6.4,13536260,87066502.2,6.4,6.39,6.38,6.37,6.36,9200,285800,436200,87600,179000,6.41,6.42,6.43,6.44,6.45,32600,79295,31000,62500,72400
105824000,6.39,13911760,89465441.2,6.39,6.38,6.37,6.36,6.35,4600,375900,87600,171900,172300,6.4,6.41,6.42,6.43,6.44,27500,31100,77795,33300,62500
105827000,6.39,13911760,89465441.2,6.39,6.38,6.37,6.36,6.35,5100,376900,87600,171900,172300,6.4,6.41,6.42,6.43,6.44,30300,31100,77795,33300,62500
105830000,6.39,14066560,90453125.2,6.38,6.37,6.36,6.35,6.34,236900,89600,171900,172300,54100,6.39,6.4,6.41,6.42,6.43,33700,30400,31100,77795,33300
105833000,6.39,14113460,90752816.2,6.38,6.37,6.36,6.35,6.34,238700,89600,171900,172300,54100,6.39,6.4,6.41,6.42,6.43,155800,31300,30400,77695,33300
105851000,6.38,14356060,92300876.2,6.38,6.37,6.36,6.35,6.34,15200,89600,173900,172300,54100,6.39,6.4,6.41,6.42,6.43,132700,38400,26900,77695,31700
105854000,6.39,14356660,92304710.2,6.38,6.37,6.36,6.35,6.34,21400,89600,174400,172300,54100,6.39,6.4,6.41,6.42,6.43,132100,38400,26900,77695,31700
105900000,6.38,14418660,92699939.2,6.38,6.37,6.36,6.35,6.34,7000,56100,175200,184900,54000,6.39,6.4,6.41,6.42,6.43,134200,35600,26900,77695,31700
105918000,6.38,14545060,93506268.2,6.38,6.37,6.36,6.35,6.34,9500,55800,185200,216400,54000,6.39,6.4,6.41,6.42,6.43,7100,60800,34600,96695,26400
105921000,6.39,14606560,93898653.2,6.38,6.37,6.36,6.35,6.34,32900,60800,185200,216400,54000,6.39,6.4,6.41,6.42,6.43,3800,60800,34600,96695,26400
105924000,6.39,14613260,93941475.2,6.39,6.38,6.37,6.36,6.35,14500,38900,62200,187200,216400,6.4,6.41,6.42,6.43,6.44,60200,34600,96695,26400,65200
105927000,6.39,14627760,94034130.2,6.38,6.37,6.36,6.35,6.34,40200,64200,187200,216400,54000,6.39,6.4,6.41,6.42,6.43,8500,60400,34600,96695,26400
105945000,6.39,14723660,94646277.2,6.38,6.37,6.36,6.35,6.34,24500,204700,189100,229500,54000,6.39,6.4,6.41,6.42,6.43,17100,59900,34600,96695,26300
105948000,6.38,14834360,95352415.2,6.38,6.37,6.36,6.35,6.34,500,167100,189100,229300,54000,6.39,6.4,6.41,6.42,6.43,43200,59900,34600,96695,26300
105951000,6.39,14840260,95390017.2,6.38,6.37,6.36,6.35,6.34,6600,162900,190100,229300,54000,6.39,6.4,6.41,6.42,6.43,46700,59900,34600,96695,26300
105954000,6.38,14858060,95503581.2,6.38,6.37,6.36,6.35,6.34,1800,173400,190100,229300,54000,6.39,6.4,6.41,6.42,6.43,46700,59900,34600,96695,26300
110012000,6.38,15005660,96444241.2,6.38,6.37,6.36,6.35,6.34,8800,82500,193700,236800,61000,6.39,6.4,6.41,6.42,6.43,55900,61000,34600,106095,26300
110015000,6.39,15007160,96453824.2,6.38,6.37,6.36,6.35,6.34,14400,83500,193700,236600,61000,6.39,6.4,6.41,6.42,6.43,54600,61000,34600,106095,26300
110018000,6.37,15063560,96813317.2,6.37,6.36,6.35,6.34,6.33,51500,192700,236600,62000,55300,6.39,6.4,6.41,6.42,6.43,54500,61000,34600,106095,26300
110021000,6.39,15082360,96933442.2,6.38,6.37,6.36,6.35,6.34,13700,52500,192700,236600,62000,6.39,6.4,6.41,6.42,6.43,12700,61000,34600,121095,26300
110039000,6.39,15235260,97909571.2,6.38,6.37,6.36,6.35,6.34,21500,170300,194300,253600,62000,6.39,6.4,6.41,6.42,6.43,12000,60800,34600,121095,26300
110042000,6.39,15236560,97917878.2,6.38,6.37,6.36,6.35,6.34,78900,169100,194300,254100,67000,6.39,6.4,6.41,6.42,6.43,21200,60800,34600,121095,26300
110045000,6.39,15236860,97919795.2,6.38,6.37,6.36,6.35,6.34,79200,168100,203500,254600,67000,6.39,6.4,6.41,6.42,6.43,21200,60600,34600,121095,26300
110048000,6.37,15339660,98575433.2,6.37,6.36,6.35,6.34,6.33,145500,204500,254600,67000,56100,6.39,6.4,6.41,6.42,6.43,21200,60600,34600,121095,26300
110106000,6.38,15441260,99223134.2,6.38,6.37,6.36,6.35,6.34,3100,52300,208700,251600,67000,6.39,6.4,6.41,6.42,6.43,41300,70100,34600,111195,26200
110109000,6.37,15463360,99363962.2,6.37,6.36,6.35,6.34,6.33,35500,208700,251600,67000,59300,6.38,6.39,6.4,6.41,6.42,2500,42800,78700,34300,105695
110112000,6.38,15467060,99387568.2,6.38,6.37,6.36,6.35,6.34,16400,41800,208700,251600,67000,6.39,6.4,6.41,6.42,6.43,37800,78700,34300,105695,26200
110115000,6.38,15467560,99390758.2,6.38,6.37,6.36,6.35,6.34,17000,41000,210700,250700,67000,6.39,6.4,6.41,6.42,6.43,38100,78700,34300,105695,26200
110133000,6.39,15567360,100027848.2,6.38,6.37,6.36,6.35,6.34,101300,137800,253700,255000,67000,6.39,6.4,6.41,6.42,6.43,47300,80400,36300,105695,25200
110136000,6.38,15577860,100094861.2,6.38,6.37,6.36,6.35,6.34,93100,148900,254000,255000,67000,6.39,6.4,6.41,6.42,6.43,45000,80400,36300,105695,21500
110139000,6.37,15675560,100718143.2,6.37,6.36,6.35,6.34,6.33,144200,259000,255000,67000,65300,6.38,6.39,6.4,6.41,6.42,12300,46900,78700,36300,105695
110142000,6.38,15687860,100796617.2,6.38,6.37,6.36,6.35,6.34,24500,144200,264500,255000,67000,6.39,6.4,6.41,6.42,6.43,46400,78700,36300,105695,21500
110200000,6.38,15842060,101779728.2,6.38,6.37,6.36,6.35,6.34,3300,105500,276000,266500,67000,6.39,6.4,6.41,6.42,6.43,71000,78700,37500,105695,21500
110203000,6.39,15842560,101782920.2,6.38,6.37,6.36,6.35,6.34,4600,107300,276000,271500,67000,6.39,6.4,6.41,6.42,6.43,73800,78700,37500,105695,21500
110206000,6.39,15857560,101878770.2,6.38,6.37,6.36,6.35,6.34,11400,107600,276000,271500,67000,6.39,6.4,6.41,6.42,6.43,122300,78700,37500,105695,21500
110209000,6.38,15910660,102217211.2,6.38,6.37,6.36,6.35,6.34,6300,152800,276000,272000,67000,6.39,6.4,6.41,6.42,6.43,122300,78700,37500,105695,21500
110227000,6.38,15977860,102646466.2,6.38,6.37,6.36,6.35,6.34,26000,229100,278600,275100,67000,6.39,6.4,6.41,6.42,6.43,73200,78300,39400,105695,21500
110230000,6.38,15978960,102653484.2,6.38,6.37,6.36,6.35,6.34,24900,229100,278600,275100,67000,6.39,6.4,6.41,6.42,6.43,73300,78300,39400,105695,21500
110233000,6.39,15979160,102654762.2,6.38,6.37,6.36,6.35,6.34,26600,230400,278600,275100,67000,6.39,6.4,6.41,6.42,6.43,73600,78300,39400,105695,21500
110236000,6.38,15979260,102655400.2,6.38,6.37,6.36,6.35,6.34,26500,232700,278600,276100,67000,6.39,6.4,6.41,6.42,6.43,74100,99100,39400,105695,21500
110254000,6.39,15990060,102724369.2,6.38,6.37,6.36,6.35,6.34,66400,236000,278600,276100,67000,6.39,6.4,6.41,6.42,6.43,67700,99100,39400,105695,21500
110257000,6.39,15990060,102724369.2,6.38,6.37,6.36,6.35,6.34,66600,236000,278600,276100,67000,6.39,6.4,6.41,6.42,6.43,68100,99100,39400,105695,21500
110300000,6.39,16050960,103113119.2,6.38,6.37,6.36,6.35,6.34,32300,236000,293400,276100,67000,6.39,6.4,6.41,6.42,6.43,47800,99100,39400,105695,21500
110303000,6.38,16055460,103141863.2,6.38,6.37,6.36,6.35,6.34,31300,236000,293400,276100,67000,6.39,6.4,6.41,6.42,6.43,44400,101900,37900,105695,21500
110321000,6.38,16063860,103195485.2,6.38,6.37,6.36,6.35,6.34,19400,235200,293400,276400,70000,6.39,6.4,6.41,6.42,6.43,84200,101900,46700,105695,21500
110324000,6.38,16064160,103197401.2,6.38,6.37,6.36,6.35,6.34,24200,235400,293400,277900,70000,6.39,6.4,6.41,6.42,6.43,84000,101900,46700,105695,21500
110327000,6.38,16069160,103229301.2,6.38,6.37,6.36,6.35,6.34,21100,235400,293400,278700,70000,6.39,6.4,6.41,6.42,6.43,84000,101900,46700,105695,21500
110330000,6.38,16070160,103235681.2,6.38,6.37,6.36,6.35,6.34,20100,235400,293400,278700,75000,6.39,6.4,6.41,6.42,6.43,84100,101900,44700,105695,21500
110348000,6.39,16087960,103349331.2,6.38,6.37,6.36,6.35,6.34,12900,202400,294300,283100,78900,6.39,6.4,6.41,6.42,6.43,76800,103900,44700,105695,21500
110351000,6.39,16087960,103349331.2,6.38,6.37,6.36,6.35,6.34,14900,202500,294300,283100,78900,6.39,6.4,6.41,6.42,6.43,78800,103900,44700,105695,21400
110354000,6.38,16088560,103353161.2,6.38,6.37,6.36,6.35,6.34,17200,202500,294300,284100,78900,6.39,6.4,6.41,6.42,6.43,78600,103900,44700,105695,21500
110357000,6.38,16094260,103389527.2,6.38,6.37,6.36,6.35,6.34,11500,203200,294300,284100,78900,6.39,6.4,6.41,6.42,6.43,79100,103900,44700,105695,21500
110415000,6.39,16137360,103664932.2,6.39,6.38,6.37,6.36,6.35,66700,135600,191400,294300,284100,6.4,6.41,6.42,6.43,6.44,105600,44700,105695,21500,65200
110418000,6.39,16138460,103671970.2,6.39,6.38,6.37,6.36,6.35,106600,87400,198900,294300,284100,6.4,6.41,6.42,6.43,6.44,104700,44700,105695,21500,65200
110421000,6.4,16141060,103688585.2,6.39,6.38,6.37,6.36,6.35,126500,84700,197700,294300,284100,6.4,6.41,6.42,6.43,6.44,104600,44700,105695,21500,65200
110424000,6.39,16141160,103689224.2,6.39,6.38,6.37,6.36,6.35,126400,85000,197700,294300,284300,6.4,6.41,6.42,6.43,6.44,104600,44700,105695,21500,65200
110442000,6.39,16205460,104100361.2,6.39,6.38,6.37,6.36,6.35,77900,83500,202600,296400,275300,6.4,6.41,6.42,6.43,6.44,81000,44700,105695,21500,65200
110445000,6.39,16205460,104100361.2,6.39,6.38,6.37,6.36,6.35,89900,83500,208800,297400,275300,6.4,6.41,6.42,6.43,6.44,81000,44700,105695,21500,65200
110448000,6.4,16209260,104124647.2,6.39,6.38,6.37,6.36,6.35,86500,83500,208800,298400,276300,6.4,6.41,6.42,6.43,6.44,84200,44700,105695,21500,65200
110451000,6.4,16209460,104125927.2,6.39,6.38,6.37,6.36,6.35,60400,78500,208800,298400,277300,6.4,6.41,6.42,6.43,6.44,92300,45700,105695,21500,65200
110509000,6.39,16226860,104237118.2,6.39,6.38,6.37,6.36,6.35,50100,78900,208800,300400,277100,6.4,6.41,6.42,6.43,6.44,96100,49300,105695,22500,65200
110512000,6.39,16234960,104288879.2,6.39,6.38,6.37,6.36,6.35,42200,81300,208800,300400,277100,6.4,6.41,6.42,6.43,6.44,95900,49400,105695,22500,65200
110515000,6.39,16243960,104346389.2,6.39,6.38,6.37,6.36,6.35,34200,93300,208800,300900,277100,6.4,6.41,6.42,6.43,6.44,96000,49400,105695,22500,65200
110536000,6.4,16254060,104410991.2,6.39,6.38,6.37,6.36,6.35,54200,116200,208500,299900,276900,6.4,6.41,6.42,6.43,6.44,95700,52600,105695,22500,65200
110539000,6.4,16254060,104410991.2,6.39,6.38,6.37,6.36,6.35,54700,121800,208500,299900,276900,6.4,6.41,6.42,6.43,6.44,95700,52600,105695,22500,65200
110542000,6.39,16254860,104416104.2,6.39,6.38,6.37,6.36,6.35,54000,121800,208500,299900,276900,6.4,6.41,6.42,6.43,6.44,95600,52600,107695,22500,65200
110545000,6.39,16254860,104416104.2,6.39,6.38,6.37,6.36,6.35,56900,121800,208500,299900,276900,6.4,6.41,6.42,6.43,6.44,95700,37600,107695,22500,65200
110603000,6.4,16266460,104490344.2,6.39,6.38,6.37,6.36,6.35,67400,136500,209500,300500,276900,6.4,6.41,6.42,6.43,6.44,89200,37600,107695,22500,65200
110606000,6.4,16266460,104490344.2,6.39,6.38,6.37,6.36,6.35,67400,136500,209800,300500,276900,6.4,6.41,6.42,6.43,6.44,89300,37600,107695,22500,65200
110609000,6.4,16268460,104503144.2,6.39,6.38,6.37,6.36,6.35,67400,136500,209800,300500,276900,6.4,6.41,6.42,6.43,6.44,87300,37600,107695,23500,65200
110612000,6.4,16268660,104504424.2,6.39,6.38,6.37,6.36,6.35,70800,136500,209800,305800,275900,6.4,6.41,6.42,6.43,6.44,87100,37600,107695,23500,65200
110630000,6.38,16363360,105109518.2,6.38,6.37,6.36,6.35,6.34,144000,212300,305500,278400,78900,6.39,6.4,6.41,6.42,6.43,15500,89800,37500,107895,23500
110633000,6.38,16367560,105136319.2,6.38,6.37,6.36,6.35,6.34,140300,212300,305500,278400,78900,6.39,6.4,6.41,6.42,6.43,18300,89100,37500,107895,23500
110636000,6.38,16367560,105136319.2,6.38,6.37,6.36,6.35,6.34,140300,214300,305500,278400,78900,6.39,6.4,6.41,6.42,6.43,20900,88600,37500,107895,23500
110639000,6.38,16367560,105136319.2,6.38,6.37,6.36,6.35,6.34,140300,214300,305500,278400,78900,6.39,6.4,6.41,6.42,6.43,22000,88600,37500,107895,23500
110700000,6.39,16374760,105182295.2,6.38,6.37,6.36,6.35,6.34,147700,254400,307500,278400,79900,6.39,6.4,6.41,6.42,6.43,19300,104900,37500,107795,23400
110703000,6.39,16374860,105182934.2,6.38,6.37,6.36,6.35,6.34,140700,253800,307500,278400,79900,6.39,6.4,6.41,6.42,6.43,21500,105000,37500,107795,23400
110706000,6.39,16376760,105195075.2,6.38,6.37,6.36,6.35,6.34,144000,253800,307500,278400,79900,6.39,6.4,6.41,6.42,6.43,19600,105000,37500,107795,23400
110724000,6.38,16405060,105375775.2,6.38,6.37,6.36,6.35,6.34,122800,253800,310900,278400,94900,6.39,6.4,6.41,6.42,6.43,11400,103300,38500,107695,23400
110751000,6.39,16415760,105444121.2,6.38,6.37,6.36,6.35,6.34,134700,264300,310000,267800,94900,6.39,6.4,6.41,6.42,6.43,18500,103400,38500,107695,23400
110754000,6.39,16415960,105445399.2,6.38,6.37,6.36,6.35,6.34,132300,264300,310000,269800,94900,6.39,6.4,6.41,6.42,6.43,18300,103400,38500,107695,23400
110757000,6.39,16415960,105445399.2,6.38,6.37,6.36,6.35,6.34,132400,265300,310000,269800,94900,6.39,6.4,6.41,6.42,6.43,18400,103400,38500,107695,23400
110800000,6.38,16419960,105470919.2,6.38,6.37,6.36,6.35,6.34,128400,265300,310000,269800,94900,6.39,6.4,6.41,6.42,6.43,18400,103400,38500,107695,23400
110818000,6.39,16422860,105489443.2,6.38,6.37,6.36,6.35,6.34,122900,261100,310000,273200,94900,6.39,6.4,6.41,6.42,6.43,16700,103500,38400,107695,23400
110821000,6.38,16424060,105497099.2,6.38,6.37,6.36,6.35,6.34,127500,261100,310000,275200,94900,6.39,6.4,6.41,6.42,6.43,16700,103500,38400,107695,23400
110824000,6.39,16425160,105504128.2,6.38,6.37,6.36,6.35,6.34,127500,261100,310000,275200,94900,6.39,6.4,6.41,6.42,6.43,15600,103500,38400,107695,23400
110827000,6.38,16428260,105523936.2,6.38,6.37,6.36,6.35,6.34,129400,261400,310000,275200,94900,6.39,6.4,6.41,6.42,6.43,14600,103500,38400,107695,23400
110845000,6.38,16453760,105686672.2,6.38,6.37,6.36,6.35,6.34,109900,183600,310000,275400,95100,6.39,6.4,6.41,6.42,6.43,24500,101600,39800,107695,23500
110848000,6.38,16455460,105697518.2,6.38,6.37,6.36,6.35,6.34,109200,185600,310000,275400,95100,6.39,6.4,6.41,6.42,6.43,32600,98400,39800,107695,23500
110851000,6.39,16455760,105699434.2,6.38,6.37,6.36,6.35,6.34,113700,178100,310000,275400,95100,6.39,6.4,6.41,6.42,6.43,32400,98400,39800,107695,23500
110854000,6.38,16455860,105700072.2,6.38,6.37,6.36,6.35,6.34,113700,178100,310800,275400,95400,6.39,6.4,6.41,6.42,6.43,33700,98400,39800,107695,23500
110912000,6.39,16470860,105795799.2,6.38,6.37,6.36,6.35,6.34,100800,177900,311300,267700,95400,6.39,6.4,6.41,6.42,6.43,31900,98400,42800,107695,23500
110915000,6.39,16474160,105816873.2,6.38,6.37,6.36,6.35,6.34,101200,178400,311300,267700,95400,6.39,6.4,6.41,6.42,6.43,29900,98400,42800,107695,23500
110921000,6.38,16475360,105824538.2,6.38,6.37,6.36,6.35,6.34,104400,178400,311300,267700,95400,6.39,6.4,6.41,6.42,6.43,39100,98400,41700,107695,23500
110939000,6.39,16553260,106322321.2,6.39,6.38,6.37,6.36,6.35,84700,95200,178900,311300,267700,6.4,6.41,6.42,6.43,6.44,98200,41700,107695,23300,62200
110942000,6.39,16596160,106596566.2,6.39,6.38,6.37,6.36,6.35,53200,95200,178900,311700,267700,6.4,6.41,6.42,6.43,6.44,97200,41700,107695,23300,62200
110945000,6.39,16602560,106637462.2,6.39,6.38,6.37,6.36,6.35,48100,95200,178900,311700,267700,6.4,6.41,6.42,6.43,6.44,97300,41700,107695,23300,62200
110948000,6.39,16617360,106732034.2,6.39,6.38,6.37,6.36,6.35,34900,95200,178900,311700,267700,6.4,6.41,6.42,6.43,6.44,97300,41700,107695,23300,62200
111006000,6.39,16633360,106834333.2,6.39,6.38,6.37,6.36,6.35,24800,104200,181100,311700,267200,6.4,6.41,6.42,6.43,6.44,91400,41700,107695,23300,62200
111009000,6.39,16633360,106834333.2,6.39,6.38,6.37,6.36,6.35,24800,104200,181100,311700,267200,6.4,6.41,6.42,6.43,6.44,91400,41700,109595,23300,62200
111012000,6.4,16634560,106842003.2,6.39,6.38,6.37,6.36,6.35,23800,109500,181100,311700,267200,6.4,6.41,6.42,6.43,6.44,91700,41700,109595,23300,62200
111015000,6.39,16636260,106852866.2,6.39,6.38,6.37,6.36,6.35,22100,109500,183100,311700,267200,6.4,6.41,6.42,6.43,6.44,92500,41700,109595,23300,62200
111033000,6.38,16660660,107008798.2,6.38,6.37,6.36,6.35,6.34,114300,144600,311700,266700,95400,6.39,6.4,6.41,6.42,6.43,2300,94800,41700,109595,23300
111036000,6.38,16660760,107009436.2,6.38,6.37,6.36,6.35,6.34,114200,144600,311700,266700,95400,6.39,6.4,6.41,6.42,6.43,24300,94800,41600,109595,23300
111039000,6.39,16672560,107084809.2,6.38,6.37,6.36,6.35,6.34,113100,144600,311700,266700,95400,6.39,6.4,6.41,6.42,6.43,15500,94800,41600,109595,23300
111042000,6.38,16674460,107096948.2,6.38,6.37,6.36,6.35,6.34,113100,144600,311700,266700,95400,6.39,6.4,6.41,6.42,6.43,13800,94800,41600,109595,23300
111100000,6.39,16678660,107123757.2,6.38,6.37,6.36,6.35,6.34,138200,145600,311900,266900,95400,6.39,6.4,6.41,6.42,6.43,86900,87700,39200,109595,23300
111103000,6.38,16682560,107148641.2,6.38,6.37,6.36,6.35,6.34,134700,145600,311900,266900,95400,6.39,6.4,6.41,6.42,6.43,86700,84100,39200,109595,23300
111106000,6.38,16688760,107188199.2,6.38,6.37,6.36,6.35,6.34,130800,145600,311900,266900,95400,6.39,6.4,6.41,6.42,6.43,86500,84100,39200,109595,23300
111109000,6.38,16688860,107188837.2,6.38,6.37,6.36,6.35,6.34,137700,145600,311900,266900,95400,6.39,6.4,6.41,6.42,6.43,91000,84100,42200,109595,23300
111127000,6.38,16841360,108161919.2,6.37,6.36,6.35,6.34,6.33,152200,311900,266900,95400,79500,6.38,6.39,6.4,6.41,6.42,51500,78000,81700,42100,112995
111130000,6.38,16843060,108172765.2,6.37,6.36,6.35,6.34,6.33,153900,311900,266900,95400,79500,6.38,6.39,6.4,6.41,6.42,51200,77900,79800,42100,112995
111133000,6.38,16843660,108176592.2,6.37,6.36,6.35,6.34,6.33,153800,311900,266900,95400,79500,6.38,6.39,6.4,6.41,6.42,53000,77900,78600,42100,112995
111136000,6.38,16843660,108176592.2,6.37,6.36,6.35,6.34,6.33,154800,311900,268000,95400,79500,6.38,6.39,6.4,6.41,6.42,53400,77900,78400,42100,112995
111154000,6.38,16926760,108706074.2,6.37,6.36,6.35,6.34,6.33,98200,311900,268000,95400,79500,6.38,6.39,6.4,6.41,6.42,44400,77500,76200,42100,112995
111157000,6.38,16926760,108706074.2,6.37,6.36,6.35,6.34,6.33,98400,311900,268000,95400,79500,6.38,6.39,6.4,6.41,6.42,44400,77500,76200,42100,112995
111200000,6.38,16926760,108706074.2,6.37,6.36,6.35,6.34,6.33,98400,311900,268000,95400,79500,6.38,6.39,6.4,6.41,6.42,45400,77500,76200,39100,112995
111203000,6.37,16927060,108707987.2,6.37,6.36,6.35,6.34,6.33,104500,311900,268000,95400,79500,6.38,6.39,6.4,6.41,6.42,46400,77500,76200,39100,112995
111221000,6.37,17219560,110571354.2,6.37,6.36,6.35,6.34,6.33,8700,317500,267700,95400,79400,6.38,6.39,6.4,6.41,6.42,36600,77400,78600,39100,112995
111224000,6.37,17219860,110573267.2,6.37,6.36,6.35,6.34,6.33,11700,317500,267700,95400,79400,6.38,6.39,6.4,6.41,6.42,36800,77400,78600,39100,112995
111230000,6.37,17219860,110573267.2,6.37,6.36,6.35,6.34,6.33,11900,316500,267700,95900,79400,6.38,6.39,6.4,6.41,6.42,36800,77400,78600,39100,112995
111248000,6.38,17251260,110773363.2,6.37,6.36,6.35,6.34,6.33,5800,316500,275700,96400,79400,6.38,6.39,6.4,6.41,6.42,33400,77500,78600,39100,112995
111251000,6.37,17264660,110858821.2,6.37,6.36,6.35,6.34,6.33,2700,316500,275700,96400,79400,6.38,6.39,6.4,6.41,6.42,23100,77500,78600,39100,112995
111254000,6.38,17264860,110860097.2,6.37,6.36,6.35,6.34,6.33,2800,316500,275700,96400,79400,6.38,6.39,6.4,6.41,6.42,22200,77500,78600,39100,112995
111257000,6.38,17275660,110928993.2,6.37,6.36,6.35,6.34,6.33,17700,316500,275700,96400,79400,6.38,6.39,6.4,6.41,6.42,12200,77500,78600,39100,112995
111315000,6.38,17317660,111196953.2,6.37,6.36,6.35,6.34,6.33,100100,312400,276900,96400,84400,6.38,6.39,6.4,6.41,6.42,50400,69200,78900,39100,112895
111318000,6.37,17357160,111448962.2,6.37,6.36,6.35,6.34,6.33,103300,312800,276900,96400,84400,6.38,6.39,6.4,6.41,6.42,11700,70200,78900,39100,112895
111321000,6.38,17368960,111524246.2,6.38,6.37,6.36,6.35,6.34,22700,105400,312800,276900,96400,6.39,6.4,6.41,6.42,6.43,70200,78900,39100,112895,73300
111324000,6.38,17370060,111531264.2,6.38,6.37,6.36,6.35,6.34,21600,105400,312800,277100,96400,6.39,6.4,6.41,6.42,6.43,70200,78900,39100,112895,73300
111342000,6.39,17400560,111725973.2,6.38,6.37,6.36,6.35,6.34,25200,117300,313000,277600,96400,6.39,6.4,6.41,6.42,6.43,60200,79900,39100,112895,73300
111345000,6.39,17400560,111725973.2,6.38,6.37,6.36,6.35,6.34,25200,117300,313000,277600,96400,6.39,6.4,6.41,6.42,6.43,61000,79900,39100,112895,73300
111348000,6.38,17400660,111726611.2,6.38,6.37,6.36,6.35,6.34,25100,117400,313000,277600,96400,6.39,6.4,6.41,6.42,6.43,61500,79900,39100,112895,73300
111409000,6.38,17412460,111801900.2,6.38,6.37,6.36,6.35,6.34,17100,165100,313800,277700,96400,6.39,6.4,6.41,6.42,6.43,59700,79900,39100,112895,73300
111412000,6.39,17412660,111803178.2,6.38,6.37,6.36,6.35,6.34,23100,165100,313800,277700,96400,6.39,6.4,6.41,6.42,6.43,59500,79900,39100,112895,73300
111415000,6.39,17412660,111803178.2,6.38,6.37,6.36,6.35,6.34,23100,165100,313800,277700,96400,6.39,6.4,6.41,6.42,6.43,59500,79900,39100,112895,73300
111418000,6.39,17412660,111803178.2,6.38,6.37,6.36,6.35,6.34,23800,165100,313800,277700,96400,6.39,6.4,6.41,6.42,6.43,59800,79900,39100,112895,73300
111436000,6.39,17419660,111847846.2,6.38,6.37,6.36,6.35,6.34,23200,182100,313800,286100,96400,6.39,6.4,6.41,6.42,6.43,61900,79900,40100,112895,73300
111439000,6.38,17419860,111849122.2,6.38,6.37,6.36,6.35,6.34,27100,182100,313800,286100,96400,6.39,6.4,6.41,6.42,6.43,61900,79900,40100,112895,73300
111442000,6.38,17420160,111851038.2,6.38,6.37,6.36,6.35,6.34,29700,182100,313800,286100,96400,6.39,6.4,6.41,6.42,6.43,61700,79900,40100,112895,73300
111445000,6.38,17420460,111852952.2,6.38,6.37,6.36,6.35,6.34,29400,183100,313800,285100,96900,6.39,6.4,6.41,6.42,6.43,28900,79900,40100,112895,73000
111503000,6.38,17429146,111908397.88,6.38,6.37,6.36,6.35,6.34,75914,159100,313800,275100,96600,6.39,6.4,6.41,6.42,6.43,21000,80500,39500,112895,73000
111506000,6.38,17429146,111908397.88,6.38,6.37,6.36,6.35,6.34,82714,159100,315400,275500,96600,6.39,6.4,6.41,6.42,6.43,22000,80500,39500,112895,73000
111509000,6.39,17429946,111913509.88,6.38,6.37,6.36,6.35,6.34,82914,159100,315400,275500,96600,6.39,6.4,6.41,6.42,6.43,21200,80500,39500,112895,73000
111512000,6.39,17430646,111917976.88,6.38,6.37,6.36,6.35,6.34,82314,159100,315400,275500,96600,6.39,6.4,6.41,6.42,6.43,21500,80500,39500,112895,73000
111530000,6.39,17458946,112098763.88,6.39,6.38,6.37,6.36,6.35,10800,91214,159000,314600,275500,6.4,6.41,6.42,6.43,6.44,82400,39500,112895,73000,65900
111533000,6.4,17459146,112100043.88,6.39,6.38,6.37,6.36,6.35,13900,91714,159000,314600,275500,6.4,6.41,6.42,6.43,6.44,82300,39500,112895,73000,65900
111536000,6.4,17459146,112100043.88,6.39,6.38,6.37,6.36,6.35,13900,92214,159000,314600,275500,6.4,6.41,6.42,6.43,6.44,82300,39500,112895,73000,65900
111539000,6.4,17459146,112100043.88,6.39,6.38,6.37,6.36,6.35,19200,92214,159000,314600,275500,6.4,6.41,6.42,6.43,6.44,82300,39500,112895,73000,65900
111600000,6.4,17461646,112116041.88,6.39,6.38,6.37,6.36,6.35,73900,63514,118600,313000,274000,6.4,6.41,6.42,6.43,6.44,80700,39500,112895,73000,65900
111603000,6.4,17462046,112118600.88,6.39,6.38,6.37,6.36,6.35,79400,64514,118600,313000,274000,6.4,6.41,6.42,6.43,6.44,80400,39500,112895,73000,65900
111606000,6.4,17462046,112118600.88,6.39,6.38,6.37,6.36,6.35,79400,57814,118600,313000,274000,6.4,6.41,6.42,6.43,6.44,80600,39500,112895,73000,65900
111624000,6.39,17465346,112139696.88,6.39,6.38,6.37,6.36,6.35,78200,57914,128600,313000,277200,6.4,6.41,6.42,6.43,6.44,80000,39500,110995,73000,65900
111627000,6.39,17465346,112139696.88,6.39,6.38,6.37,6.36,6.35,78300,57614,128600,313000,277200,6.4,6.41,6.42,6.43,6.44,80000,39500,110995,73000,65900
111630000,6.39,17465346,112139696.88,6.39,6.38,6.37,6.36,6.35,78300,57614,128600,313000,277200,6.4,6.41,6.42,6.43,6.44,80000,39500,110995,73000,65900
111633000,6.4,17465546,112140976.88,6.39,6.38,6.37,6.36,6.35,79800,57614,128600,323000,277200,6.4,6.41,6.42,6.43,6.44,82800,39500,110995,73000,65900
111651000,6.4,17522846,112507695.88,6.39,6.38,6.37,6.36,6.35,94800,45214,131500,325000,277200,6.4,6.41,6.42,6.43,6.44,24900,41800,110995,73000,65900
111654000,6.4,17524146,112516015.88,6.39,6.38,6.37,6.36,6.35,93800,45214,131500,330000,277200,6.4,6.41,6.42,6.43,6.44,24000,41800,110995,73000,65900
111657000,6.4,17530746,112558255.88,6.39,6.38,6.37,6.36,6.35,94800,45214,129500,330000,277200,6.4,6.41,6.42,6.43,6.44,17500,39500,110995,73000,65900
111700000,6.41,17556346,112722175.88,6.4,6.39,6.38,6.37,6.36,14100,80900,36714,129500,329800,6.41,6.42,6.43,6.44,6.45,31500,110995,73000,65900,57700
111718000,6.4,17562646,112762534.88,6.4,6.39,6.38,6.37,6.36,78000,33900,37714,129500,329800,6.41,6.42,6.43,6.44,6.45,38000,107595,73000,65900,76400
111721000,6.41,17562846,112763816.88,6.4,6.39,6.38,6.37,6.36,88000,33900,37714,129500,329800,6.41,6.42,6.43,6.44,6.45,37800,107595,73000,65900,76400
111724000,6.4,17562946,112764456.88,6.4,6.39,6.38,6.37,6.36,87900,33900,34314,129500,329800,6.41,6.42,6.43,6.44,6.45,37800,112595,73000,65900,76400
111727000,6.41,17563446,112767661.88,6.4,6.39,6.38,6.37,6.36,89100,34000,34314,129500,329800,6.41,6.42,6.43,6.44,6.45,40000,112595,73000,65900,80400
111745000,6.4,17575046,112842016.88,6.4,6.39,6.38,6.37,6.36,93800,36000,35314,128500,329200,6.41,6.42,6.43,6.44,6.45,22500,112595,73000,65900,80400
111748000,6.4,17575046,112842016.88,6.4,6.39,6.38,6.37,6.36,93800,37200,35314,128500,329200,6.41,6.42,6.43,6.44,6.45,22600,112595,73000,65900,80400
111751000,6.41,17575246,112843298.88,6.4,6.39,6.38,6.37,6.36,98200,37200,36114,128500,329200,6.41,6.42,6.43,6.44,6.45,25700,112595,73000,65900,80400
111754000,6.41,17576046,112848426.88,6.4,6.39,6.38,6.37,6.36,98200,37200,36114,128500,329200,6.41,6.42,6.43,6.44,6.45,24900,112595,73000,65900,80400
111812000,6.41,17584846,112904832.88,6.4,6.39,6.38,6.37,6.36,102000,40100,38914,129000,328700,6.41,6.42,6.43,6.44,6.45,18400,112595,73000,65900,81200
111815000,6.4,17585846,112911232.88,6.4,6.39,6.38,6.37,6.36,101300,41100,38914,129000,328700,6.41,6.42,6.43,6.44,6.45,18400,112595,73000,65900,81200
111818000,6.4,17585946,112911872.88,6.4,6.39,6.38,6.37,6.36,101200,41100,38914,129000,328700,6.41,6.42,6.43,6.44,6.45,23400,112595,73000,65900,81200
111821000,6.41,17587546,112922128.88,6.4,6.39,6.38,6.37,6.36,101200,40600,39914,129000,328800,6.41,6.42,6.43,6.44,6.45,21900,112595,73000,65900,81200
111842000,6.41,17592846,112956101.88,6.4,6.39,6.38,6.37,6.36,105000,42100,41714,129000,328800,6.41,6.42,6.43,6.44,6.45,23300,113195,73000,65900,81200
111845000,6.4,17592946,112956741.88,6.4,6.39,6.38,6.37,6.36,104900,42100,41714,129000,328800,6.41,6.42,6.43,6.44,6.45,21500,113195,73000,65900,81200
111909000,6.4,17621746,113141315.88,6.4,6.39,6.38,6.37,6.36,105900,43600,32114,130000,328800,6.41,6.42,6.43,6.44,6.45,2800,113195,73000,65900,81200
111912000,6.41,17622046,113143238.88,6.4,6.39,6.38,6.37,6.36,105900,43600,32114,130000,328800,6.41,6.42,6.43,6.44,6.45,5900,113195,73000,65900,81200
111915000,6.41,17622046,113143238.88,6.4,6.39,6.38,6.37,6.36,105900,43600,34114,130000,328800,6.41,6.42,6.43,6.44,6.45,5900,113195,73000,65900,81200
111933000,6.4,17655446,113357127.88,6.4,6.39,6.38,6.37,6.36,85100,46900,34114,130000,329300,6.41,6.42,6.43,6.44,6.45,23200,116495,73000,65900,81200
111936000,6.4,17655446,113357127.88,6.4,6.39,6.38,6.37,6.36,85100,46900,34114,130000,329300,6.41,6.42,6.43,6.44,6.45,23300,116495,73000,65900,81200
111939000,6.4,17655446,113357127.88,6.4,6.39,6.38,6.37,6.36,85100,46900,34114,130000,329300,6.41,6.42,6.43,6.44,6.45,23400,113195,73000,65900,81200
111942000,6.41,17657846,113372511.88,6.4,6.39,6.38,6.37,6.36,85100,48900,33114,130000,329300,6.41,6.42,6.43,6.44,6.45,21000,113195,73000,65900,81200
112000000,6.4,17664446,113414813.88,6.4,6.39,6.38,6.37,6.36,90200,48900,33014,130000,329300,6.41,6.42,6.43,6.44,6.45,17400,108695,73000,65900,81200
112003000,6.4,17666346,113426990.88,6.4,6.39,6.38,6.37,6.36,90400,48500,33014,130000,329300,6.41,6.42,6.43,6.44,6.45,20700,108695,73000,65900,82200
112009000,6.4,17666446,113427630.88,6.4,6.39,6.38,6.37,6.36,83900,48500,33414,130000,327800,6.41,6.42,6.43,6.44,6.45,20900,108695,73000,65900,82200
112027000,6.42,17699846,113641769.88,6.41,6.4,6.39,6.38,6.37,300,86500,46500,33514,130000,6.42,6.43,6.44,6.45,6.46,109495,72300,65900,85300,183100
112030000,6.41,17706646,113685323.88,6.41,6.4,6.39,6.38,6.37,1000,81700,41000,33514,130000,6.42,6.43,6.44,6.45,6.46,108995,72300,65900,85300,183100
112036000,6.42,17709046,113700727.88,6.41,6.4,6.39,6.38,6.37,49000,44200,26700,33514,131000,6.42,6.43,6.44,6.45,6.46,102595,72300,65900,85300,183100
112054000,6.41,17774546,114120535.88,6.41,6.4,6.39,6.38,6.37,6800,42000,31600,35514,135600,6.42,6.43,6.44,6.45,6.46,108795,74400,65900,81300,183100
112103000,6.41,17778446,114145553.88,6.41,6.4,6.39,6.38,6.37,10800,46000,31600,35514,135600,6.42,6.43,6.44,6.45,6.46,116795,74400,65900,81300,183100
112121000,6.42,17804446,114312443.88,6.41,6.4,6.39,6.38,6.37,13500,52700,31600,35514,134500,6.42,6.43,6.44,6.45,6.46,86895,74400,65900,81300,183100
112124000,6.41,17804546,114313084.88,6.41,6.4,6.39,6.38,6.37,13400,46400,31600,35514,134500,6.42,6.43,6.44,6.45,6.46,86895,74400,65900,81300,183100
112127000,6.41,17804546,114313084.88,6.41,6.4,6.39,6.38,6.37,24200,46400,31600,35514,134500,6.42,6.43,6.44,6.45,6.46,83795,74400,65900,81300,183100
112130000,6.42,17815246,114381778.88,6.41,6.4,6.39,6.38,6.37,24200,46400,31600,35514,134500,6.42,6.43,6.44,6.45,6.46,73095,74400,65900,81300,183100
112148000,6.42,17844546,114569702.88,6.41,6.4,6.39,6.38,6.37,20700,46400,31600,68514,143700,6.42,6.43,6.44,6.45,6.46,61500,75400,65900,84600,181100
112151000,6.42,17846546,114582542.88,6.41,6.4,6.39,6.38,6.37,20700,46400,31600,68514,143900,6.42,6.43,6.44,6.45,6.46,59500,75400,65900,84600,181100
112154000,6.42,17862046,114682052.88,6.41,6.4,6.39,6.38,6.37,20900,47800,26400,68514,143900,6.42,6.43,6.44,6.45,6.46,44000,75400,65900,84600,181100
112157000,6.42,17869446,114729560.88,6.41,6.4,6.39,6.38,6.37,20900,42900,26000,68514,143900,6.42,6.43,6.44,6.45,6.46,36600,75700,65900,86100,181100
112215000,6.41,17875746,114769962.88,6.41,6.4,6.39,6.38,6.37,22200,42900,28000,70014,144100,6.42,6.43,6.44,6.45,6.46,36100,74200,65900,86600,181100
112218000,6.41,17883246,114818037.88,6.41,6.4,6.39,6.38,6.37,14700,42900,28000,69914,144300,6.42,6.43,6.44,6.45,6.46,36200,74200,65900,86600,181100
112221000,6.42,17885246,114830876.88,6.41,6.4,6.39,6.38,6.37,14600,42900,28000,69914,144300,6.42,6.43,6.44,6.45,6.46,34400,74200,65900,86600,181100
112224000,6.41,17885346,114831517.88,6.41,6.4,6.39,6.38,6.37,14500,42900,28000,69914,144300,6.42,6.43,6.44,6.45,6.46,34600,74200,65900,94000,181100
112245000,6.41,17917346,115036614.88,6.4,6.39,6.38,6.37,6.36,37300,25500,70614,145000,314800,6.41,6.42,6.43,6.44,6.45,9200,34000,75600,65900,102800
112248000,6.41,17920746,115058378.88,6.4,6.39,6.38,6.37,6.36,34300,24700,70614,145000,314800,6.41,6.42,6.43,6.44,6.45,9200,34000,75600,65900,102800
112251000,6.41,17923646,115076967.88,6.4,6.39,6.38,6.37,6.36,40800,24700,70614,145000,314800,6.41,6.42,6.43,6.44,6.45,6500,31500,75600,65900,102800
112306000,6.41,17938746,115173739.88,6.41,6.4,6.39,6.38,6.37,2200,52200,24700,72614,145000,6.42,6.43,6.44,6.45,6.46,25100,75600,65900,102800,191500
112309000,6.41,17940746,115186559.88,6.41,6.4,6.39,6.38,6.37,2000,52200,24700,73614,145000,6.42,6.43,6.44,6.45,6.46,25100,75600,65900,102800,191500
112312000,6.42,17940946,115187843.88,6.41,6.4,6.39,6.38,6.37,6500,52200,24700,73614,145000,6.42,6.43,6.44,6.45,6.46,24300,75600,65900,102800,191500
112315000,6.41,17941146,115189125.88,6.41,6.4,6.39,6.38,6.37,6300,52200,24700,73614,145000,6.42,6.43,6.44,6.45,6.46,24800,75600,65900,102800,191500
112318000,6.41,17941146,115189125.88,6.41,6.4,6.39,6.38,6.37,5400,53100,24700,73614,145000,6.42,6.43,6.44,6.45,6.46,31300,75600,65900,102800,191500
112336000,6.41,17951046,115252624.88,6.41,6.4,6.39,6.38,6.37,2500,55100,24700,75714,141900,6.42,6.43,6.44,6.45,6.46,15700,75600,75800,102800,191500
112339000,6.41,17951046,115252624.88,6.41,6.4,6.39,6.38,6.37,2500,60900,24700,71514,141900,6.42,6.43,6.44,6.45,6.46,16400,75600,75800,102800,191500
112342000,6.42,17952846,115264180.88,6.41,6.4,6.39,6.38,6.37,4900,61200,33000,71514,141900,6.42,6.43,6.44,6.45,6.46,14600,75600,75800,102800,191500
112345000,6.41,17956246,115285988.88,6.41,6.4,6.39,6.38,6.37,5700,61200,33000,71514,141900,6.42,6.43,6.44,6.45,6.46,11900,75600,75800,102800,191500
112403000,6.41,17968746,115366168.88,6.41,6.4,6.39,6.38,6.37,500,67800,33300,86414,141900,6.42,6.43,6.44,6.45,6.46,13400,75600,77200,102800,181500
112406000,6.41,17969246,115369373.88,6.4,6.39,6.38,6.37,6.36,67800,33300,86414,141900,313100,6.42,6.43,6.44,6.45,6.46,16100,75600,77200,102800,181500
112409000,6.42,17969646,115371941.88,6.4,6.39,6.38,6.37,6.36,48400,33300,86414,141900,313100,6.42,6.43,6.44,6.45,6.46,19600,75600,77200,102800,181500
112412000,6.42,17969746,115372583.88,6.4,6.39,6.38,6.37,6.36,52500,24100,86414,141900,313100,6.42,6.43,6.44,6.45,6.46,19300,75600,77200,102800,182000
112427000,6.41,17974046,115400175.88,6.41,6.4,6.39,6.38,6.37,1900,49000,25700,93314,141900,6.42,6.43,6.44,6.45,6.46,23200,75600,77200,102800,182000
112430000,6.41,17975146,115407226.88,6.41,6.4,6.39,6.38,6.37,1000,49000,25700,93314,141900,6.42,6.43,6.44,6.45,6.46,24100,75600,77200,102100,182000
112433000,6.4,17976646,115416840.88,6.4,6.39,6.38,6.37,6.36,48900,25700,93814,141900,313100,6.41,6.42,6.43,6.44,6.45,10000,22800,75600,77200,102100
112436000,6.41,17983046,115457861.88,6.4,6.39,6.38,6.37,6.36,48600,25700,93814,141900,313100,6.41,6.42,6.43,6.44,6.45,4400,22800,75600,77200,102100
112439000,6.41,17987746,115487988.88,6.4,6.39,6.38,6.37,6.36,41200,25700,93814,141900,313100,6.42,6.43,6.44,6.45,6.46,33600,75600,77200,102100,182000
112457000,6.42,17992546,115518795.88,6.41,6.4,6.39,6.38,6.37,4000,53000,25700,93914,141900,6.42,6.43,6.44,6.45,6.46,25400,75600,77200,102100,182000
112503000,6.41,17994846,115533559.88,6.41,6.4,6.39,6.38,6.37,5200,53000,25700,93914,141900,6.42,6.43,6.44,6.45,6.46,23300,75600,77200,102100,182000
112506000,6.42,17995846,115539979.88,6.41,6.4,6.39,6.38,6.37,5200,53000,25700,93914,141900,6.42,6.43,6.44,6.45,6.46,22500,75600,77200,102100,182000
112524000,6.41,18000446,115569491.88,6.41,6.4,6.39,6.38,6.37,10300,52000,25700,93914,140900,6.42,6.43,6.44,6.45,6.46,23900,75600,77200,102100,182000
112527000,6.41,18000446,115569491.88,6.41,6.4,6.39,6.38,6.37,10300,52000,25700,93914,140900,6.42,6.43,6.44,6.45,6.46,23900,75600,77200,102100,182000
112530000,6.41,18000446,115569491.88,6.41,6.4,6.39,6.38,6.37,10500,52000,25700,93914,140900,6.42,6.43,6.44,6.45,6.46,24600,75600,77200,102100,182000
112533000,6.41,18000746,115571415.88,6.41,6.4,6.39,6.38,6.37,10800,52000,25700,93914,140900,6.42,6.43,6.44,6.45,6.46,24500,75600,77200,102100,182000
112548000,6.41,18010146,115631743.88,6.41,6.4,6.39,6.38,6.37,8800,52300,25700,93914,140900,6.42,6.43,6.44,6.45,6.46,14600,75600,77200,102100,182000
112551000,6.42,18012146,115644583.88,6.41,6.4,6.39,6.38,6.37,8800,52300,25700,93914,140900,6.42,6.43,6.44,6.45,6.46,12800,76700,77200,102100,182000
112554000,6.42,18015046,115663201.88,6.41,6.4,6.39,6.38,6.37,8800,52300,25700,93914,140900,6.42,6.43,6.44,6.45,6.46,10000,76700,77200,102100,182000
112557000,6.42,18015846,115668337.88,6.41,6.4,6.39,6.38,6.37,8800,52300,25700,93914,140900,6.42,6.43,6.44,6.45,6.46,9400,76700,77200,102100,182000
112600000,6.42,18024746,115725460.88,6.41,6.4,6.39,6.38,6.37,7700,52300,22600,93914,137600,6.42,6.43,6.44,6.45,6.46,2000,76700,66000,102100,182000
112615000,6.42,18040446,115826320.88,6.42,6.41,6.4,6.39,6.38,6500,10600,48400,27200,93914,6.43,6.44,6.45,6.46,6.47,69600,66000,103500,182000,315000
112618000,6.43,18047246,115870039.88,6.42,6.41,6.4,6.39,6.38,12600,10600,48400,27600,93914,6.43,6.44,6.45,6.46,6.47,63300,66000,103500,182000,315000
112621000,6.42,18051346,115896389.88,6.42,6.41,6.4,6.39,6.38,12100,10600,48400,27600,93914,6.43,6.44,6.45,6.46,6.47,63200,66000,103500,182000,315000
112624000,6.43,18064546,115981264.88,6.42,6.41,6.4,6.39,6.38,12300,10600,48400,27600,83900,6.43,6.44,6.45,6.46,6.47,50700,66000,103500,182000,315000
112627000,6.43,18068546,116006984.88,6.42,6.41,6.4,6.39,6.38,19800,10600,48400,27600,83900,6.43,6.44,6.45,6.46,6.47,47800,66000,103500,178000,315000
112645000,6.43,18079146,116075098.88,6.42,6.41,6.4,6.39,6.38,9800,10600,50000,27600,83900,6.43,6.44,6.45,6.46,6.47,42800,66300,103700,178100,315000
112648000,6.43,18081346,116089244.88,6.42,6.41,6.4,6.39,6.38,9900,10600,50000,27600,83900,6.43,6.44,6.45,6.46,6.47,40600,66300,103200,178100,315000
112651000,6.43,18084646,116110461.88,6.42,6.41,6.4,6.39,6.38,10500,10600,62000,27600,83900,6.43,6.44,6.45,6.46,6.47,36500,66300,103200,178100,315000
112654000,6.43,18086446,116122035.88,6.42,6.41,6.4,6.39,6.38,22600,10600,62000,27600,83900,6.43,6.44,6.45,6.46,6.47,34700,66900,103200,178000,315000
112709000,6.43,18100446,116212016.88,6.42,6.41,6.4,6.39,6.38,7000,7600,63000,28600,83900,6.43,6.44,6.45,6.46,6.47,24600,66900,103200,178000,315000
112712000,6.43,18100646,116213302.88,6.42,6.41,6.4,6.39,6.38,7000,7600,61000,28600,83900,6.43,6.44,6.45,6.46,6.47,24400,66900,103200,178000,315000
112718000,6.43,18106146,116248667.88,6.42,6.41,6.4,6.39,6.38,7000,7600,61000,28600,84900,6.43,6.44,6.45,6.46,6.47,18900,67500,103200,176700,315000
112721000,6.43,18107846,116259598.88,6.42,6.41,6.4,6.39,6.38,7000,7600,61000,28600,84900,6.43,6.44,6.45,6.46,6.47,20400,67500,103200,176700,315000
112736000,6.43,18144946,116498193.88,6.42,6.41,6.4,6.39,6.38,7600,7600,61000,24000,84900,6.43,6.44,6.45,6.46,6.47,5400,62400,103200,176700,315000
112739000,6.43,18144946,116498193.88,6.42,6.41,6.4,6.39,6.38,7600,7600,61000,24000,84900,6.43,6.44,6.45,6.46,6.47,5400,62400,102200,177700,315000
112742000,6.43,18153246,116551548.88,6.42,6.41,6.4,6.39,6.38,6200,7600,61000,24000,84900,6.43,6.44,6.45,6.46,6.47,19900,62400,102200,177700,315000
112745000,6.42,18160346,116597200.88,6.42,6.41,6.4,6.39,6.38,7400,7500,61000,24000,84900,6.43,6.44,6.45,6.46,6.47,13900,62400,102200,177700,315000
112748000,6.42,18160646,116599126.88,6.42,6.41,6.4,6.39,6.38,7200,7500,61000,24000,84900,6.43,6.44,6.45,6.46,6.47,13900,62400,102200,177700,315000
112803000,6.42,18164146,116621617.88,6.42,6.41,6.4,6.39,6.38,6200,8000,66300,22800,83900,6.43,6.44,6.45,6.46,6.47,12600,62400,102200,178700,315000
112806000,6.43,18165546,116630610.88,6.42,6.41,6.4,6.39,6.38,7000,8000,66300,22800,84000,6.43,6.44,6.45,6.46,6.47,15500,62400,102200,178700,315000
112809000,6.43,18165546,116630610.88,6.42,6.41,6.4,6.39,6.38,7000,7500,66300,22800,84000,6.43,6.44,6.45,6.46,6.47,16500,62400,102200,178700,315000
112812000,6.43,18165646,116631253.88,6.42,6.41,6.4,6.39,6.38,7000,7500,66300,22800,84000,6.43,6.44,6.45,6.46,6.47,16400,62400,102200,178700,315000
112815000,6.43,18165646,116631253.88,6.42,6.41,6.4,6.39,6.38,7000,7500,66300,22800,84000,6.43,6.44,6.45,6.46,6.47,16400,62400,102200,178700,315000
112830000,6.43,18177646,116708400.88,6.42,6.41,6.4,6.39,6.38,12500,13800,69300,22800,86000,6.43,6.44,6.45,6.46,6.47,17300,62400,102200,179700,315000
112836000,6.42,18184046,116749490.88,6.42,6.41,6.4,6.39,6.38,6300,13800,67500,22800,86000,6.43,6.44,6.45,6.46,6.47,18200,62300,102200,179700,316600
112839000,6.42,18184246,116750774.88,6.42,6.41,6.4,6.39,6.38,6100,13800,67500,22800,86000,6.43,6.44,6.45,6.46,6.47,18200,61900,102200,179700,316600
112842000,6.42,18185746,116760406.88,6.42,6.41,6.4,6.39,6.38,4900,13800,67500,22800,86000,6.43,6.44,6.45,6.46,6.47,18400,61900,102200,179700,316600
112857000,6.43,18186146,116762975.88,6.42,6.41,6.4,6.39,6.38,4600,13800,67700,22800,86200,6.43,6.44,6.45,6.46,6.47,31200,60900,102200,179700,316600
112900000,6.43,18186146,116762975.88,6.42,6.41,6.4,6.39,6.38,5600,13800,67700,22800,86200,6.43,6.44,6.45,6.46,6.47,33200,60900,102200,179700,316600
112903000,6.42,18188246,116776464.88,6.42,6.41,6.4,6.39,6.38,4200,13800,67600,22800,86200,6.43,6.44,6.45,6.46,6.47,32600,60900,102200,179700,316600
112906000,6.43,18188546,116778391.88,6.42,6.41,6.4,6.39,6.38,4000,13800,67600,22800,86200,6.43,6.44,6.45,6.46,6.47,34100,60900,100200,179700,316600
112909000,6.43,18188546,116778391.88,6.42,6.41,6.4,6.39,6.38,4000,13800,67600,24600,86200,6.43,6.44,6.45,6.46,6.47,34100,60900,100200,179700,316600
112924000,6.42,18196346,116828449.88,6.41,6.4,6.39,6.38,6.37,24400,70600,26100,86200,138600,6.42,6.43,6.44,6.45,6.46,7400,34400,59700,100200,179700
112927000,6.42,18197346,116834869.88,6.41,6.4,6.39,6.38,6.37,18000,70600,26100,86200,138600,6.42,6.43,6.44,6.45,6.46,16700,34400,59700,100200,179700
112930000,6.41,18200246,116853458.88,6.41,6.4,6.39,6.38,6.37,8800,70600,25600,86200,138600,6.42,6.43,6.44,6.45,6.46,32000,31500,59700,100200,179700
112933000,6.42,18210646,116920226.88,6.41,6.4,6.39,6.38,6.37,8800,70600,25600,86200,138600,6.42,6.43,6.44,6.45,6.46,22100,31500,59700,100200,179700
112936000,6.42,18210646,116920226.88,6.41,6.4,6.39,6.38,6.37,14100,70600,25600,86200,138600,6.42,6.43,6.44,6.45,6.46,22100,31500,59700,100200,179700
112951000,6.42,18213846,116940754.88,6.41,6.4,6.39,6.38,6.37,12800,71600,25600,86200,138600,6.42,6.43,6.44,6.45,6.46,20800,29900,59700,100200,93800
112954000,6.42,18214146,116942680.88,6.41,6.4,6.39,6.38,6.37,12800,71600,25600,84200,138600,6.42,6.43,6.44,6.45,6.46,20500,29900,59700,100200,93800
112957000,6.42,18215046,116948458.88,6.41,6.4,6.39,6.38,6.37,12800,71600,25600,84200,138600,6.42,6.43,6.44,6.45,6.46,19600,29900,59700,100200,93800
113000000,6.42,18215046,116948458.88,6.41,6.4,6.39,6.38,6.37,12800,71600,25600,84200,138800,6.42,6.43,6.44,6.45,6.46,19800,29900,59700,100200,93800
113151000,6.42,18215046,116948458.88,6.41,6.4,6.39,6.38,6.37,12800,71600,25600,84200,138800,6.42,6.43,6.44,6.45,6.46,19800,29900,59700,100200,93800
113451000,6.42,18215046,116948458.88,6.41,6.4,6.39,6.38,6.37,12800,71600,25600,84200,138800,6.42,6.43,6.44,6.45,6.46,19800,29900,59700,100200,93800
113551000,6.42,18215046,116948458.88,6.41,6.4,6.39,6.38,6.37,12800,71600,25600,84200,138800,6.42,6.43,6.44,6.45,6.46,19800,29900,59700,100200,93800
113851000,6.42,18215046,116948458.88,6.41,6.4,6.39,6.38,6.37,12800,71600,25600,84200,138800,6.42,6.43,6.44,6.45,6.46,19800,29900,59700,100200,93800
113951000,6.42,18215046,116948458.88,6.41,6.4,6.39,6.38,6.37,12800,71600,25600,84200,138800,6.42,6.43,6.44,6.45,6.46,19800,29900,59700,100200,93800
114351000,6.42,18215046,116948458.88,6.41,6.4,6.39,6.38,6.37,12800,71600,25600,84200,138800,6.42,6.43,6.44,6.45,6.46,19800,29900,59700,100200,93800
114451000,6.42,18215046,116948458.88,6.41,6.4,6.39,6.38,6.37,12800,71600,25600,84200,138800,6.42,6.43,6.44,6.45,6.46,19800,29900,59700,100200,93800
114751000,6.42,18215046,116948458.88,6.41,6.4,6.39,6.38,6.37,12800,71600,25600,84200,138800,6.42,6.43,6.44,6.45,6.46,19800,29900,59700,100200,93800
114851000,6.42,18215046,116948458.88,6.41,6.4,6.39,6.38,6.37,12800,71600,25600,84200,138800,6.42,6.43,6.44,6.45,6.46,19800,29900,59700,100200,93800
115251000,6.42,18215046,116948458.88,6.41,6.4,6.39,6.38,6.37,12800,71600,25600,84200,138800,6.42,6.43,6.44,6.45,6.46,19800,29900,59700,100200,93800
115351000,6.42,18215046,116948458.88,6.41,6.4,6.39,6.38,6.37,12800,71600,25600,84200,138800,6.42,6.43,6.44,6.45,6.46,19800,29900,59700,100200,93800
115651000,6.42,18215046,116948458.88,6.41,6.4,6.39,6.38,6.37,12800,71600,25600,84200,138800,6.42,6.43,6.44,6.45,6.46,19800,29900,59700,100200,93800
115751000,6.42,18215046,116948458.88,6.41,6.4,6.39,6.38,6.37,12800,71600,25600,84200,138800,6.42,6.43,6.44,6.45,6.46,19800,29900,59700,100200,93800
120151000,6.42,18215046,116948458.88,6.41,6.4,6.39,6.38,6.37,12800,71600,25600,84200,138800,6.42,6.43,6.44,6.45,6.46,19800,29900,59700,100200,93800
120251000,6.42,18215046,116948458.88,6.41,6.4,6.39,6.38,6.37,12800,71600,25600,84200,138800,6.42,6.43,6.44,6.45,6.46,19800,29900,59700,100200,93800
120551000,6.42,18215046,116948458.88,6.41,6.4,6.39,6.38,6.37,12800,71600,25600,84200,138800,6.42,6.43,6.44,6.45,6.46,19800,29900,59700,100200,93800
120651000,6.42,18215046,116948458.88,6.41,6.4,6.39,6.38,6.37,12800,71600,25600,84200,138800,6.42,6.43,6.44,6.45,6.46,19800,29900,59700,100200,93800
121051000,6.42,18215046,116948458.88,6.41,6.4,6.39,6.38,6.37,12800,71600,25600,84200,138800,6.42,6.43,6.44,6.45,6.46,19800,29900,59700,100200,93800
121151000,6.42,18215046,116948458.88,6.41,6.4,6.39,6.38,6.37,12800,71600,25600,84200,138800,6.42,6.43,6.44,6.45,6.46,19800,29900,59700,100200,93800
121451000,6.42,18215046,116948458.88,6.41,6.4,6.39,6.38,6.37,12800,71600,25600,84200,138800,6.42,6.43,6.44,6.45,6.46,19800,29900,59700,100200,93800
121551000,6.42,18215046,116948458.88,6.41,6.4,6.39,6.38,6.37,12800,71600,25600,84200,138800,6.42,6.43,6.44,6.45,6.46,19800,29900,59700,100200,93800
121851000,6.42,18215046,116948458.88,6.41,6.4,6.39,6.38,6.37,12800,71600,25600,84200,138800,6.42,6.43,6.44,6.45,6.46,19800,29900,59700,100200,93800
121951000,6.42,18215046,116948458.88,6.41,6.4,6.39,6.38,6.37,12800,71600,25600,84200,138800,6.42,6.43,6.44,6.45,6.46,19800,29900,59700,100200,93800
122051000,6.42,18215046,116948458.88,6.41,6.4,6.39,6.38,6.37,12800,71600,25600,84200,138800,6.42,6.43,6.44,6.45,6.46,19800,29900,59700,100200,93800
122351000,6.42,18215046,116948458.88,6.41,6.4,6.39,6.38,6.37,12800,71600,25600,84200,138800,6.42,6.43,6.44,6.45,6.46,19800,29900,59700,100200,93800
122451000,6.42,18215046,116948458.88,6.41,6.4,6.39,6.38,6.37,12800,71600,25600,84200,138800,6.42,6.43,6.44,6.45,6.46,19800,29900,59700,100200,93800
122751000,6.42,18215046,116948458.88,6.41,6.4,6.39,6.38,6.37,12800,71600,25600,84200,138800,6.42,6.43,6.44,6.45,6.46,19800,29900,59700,100200,93800
122851000,6.42,18215046,116948458.88,6.41,6.4,6.39,6.38,6.37,12800,71600,25600,84200,138800,6.42,6.43,6.44,6.45,6.46,19800,29900,59700,100200,93800
123251000,6.42,18215046,116948458.88,6.41,6.4,6.39,6.38,6.37,12800,71600,25600,84200,138800,6.42,6.43,6.44,6.45,6.46,19800,29900,59700,100200,93800
123351000,6.42,18215046,116948458.88,6.41,6.4,6.39,6.38,6.37,12800,71600,25600,84200,138800,6.42,6.43,6.44,6.45,6.46,19800,29900,59700,100200,93800
123651000,6.42,18215046,116948458.88,6.41,6.4,6.39,6.38,6.37,12800,71600,25600,84200,138800,6.42,6.43,6.44,6.45,6.46,19800,29900,59700,100200,93800
123751000,6.42,18215046,116948458.88,6.41,6.4,6.39,6.38,6.37,12800,71600,25600,84200,138800,6.42,6.43,6.44,6.45,6.46,19800,29900,59700,100200,93800
124151000,6.42,18215046,116948458.88,6.41,6.4,6.39,6.38,6.37,12800,71600,25600,84200,138800,6.42,6.43,6.44,6.45,6.46,19800,29900,59700,100200,93800
124251000,6.42,18215046,116948458.88,6.41,6.4,6.39,6.38,6.37,12800,71600,25600,84200,138800,6.42,6.43,6.44,6.45,6.46,19800,29900,59700,100200,93800
124551000,6.42,18215046,116948458.88,6.41,6.4,6.39,6.38,6.37,12800,71600,25600,84200,138800,6.42,6.43,6.44,6.45,6.46,19800,29900,59700,100200,93800
124651000,6.42,18215046,116948458.88,6.41,6.4,6.39,6.38,6.37,12800,71600,25600,84200,138800,6.42,6.43,6.44,6.45,6.46,19800,29900,59700,100200,93800
125051000,6.42,18215046,116948458.88,6.41,6.4,6.39,6.38,6.37,12800,71600,25600,84200,138800,6.42,6.43,6.44,6.45,6.46,19800,29900,59700,100200,93800
125151000,6.42,18215046,116948458.88,6.41,6.4,6.39,6.38,6.37,12800,71600,25600,84200,138800,6.42,6.43,6.44,6.45,6.46,19800,29900,59700,100200,93800
125451000,6.42,18215046,116948458.88,6.41,6.4,6.39,6.38,6.37,12800,71600,25600,84200,138800,6.42,6.43,6.44,6.45,6.46,19800,29900,59700,100200,93800
125551000,6.42,18215046,116948458.88,6.41,6.4,6.39,6.38,6.37,12800,71600,25600,84200,138800,6.42,6.43,6.44,6.45,6.46,19800,29900,59700,100200,93800
125851000,6.42,18215046,116948458.88,6.41,6.4,6.39,6.38,6.37,12800,71600,25600,84200,138800,6.42,6.43,6.44,6.45,6.46,19800,29900,59700,100200,93800
125951000,6.42,18215046,116948458.88,6.41,6.4,6.39,6.38,6.37,12800,71600,25600,84200,138800,6.42,6.43,6.44,6.45,6.46,19800,29900,59700,100200,93800
130012000,6.41,18358886,117869918.48,6.41,6.4,6.39,6.38,6.37,58600,24660,57900,159400,160700,6.42,6.43,6.44,6.45,6.46,17400,25600,59600,101800,110900
130018000,6.41,18363586,117900045.48,6.41,6.4,6.39,6.38,6.37,53900,24660,57900,159400,160700,6.42,6.43,6.44,6.45,6.46,20100,24400,59600,101800,110900
130021000,6.42,18366986,117921854.48,6.41,6.4,6.39,6.38,6.37,52000,24660,57900,159400,160700,6.42,6.43,6.44,6.45,6.46,19700,24400,59600,101800,110900
130024000,6.41,18370086,117941725.48,6.41,6.4,6.39,6.38,6.37,49300,24660,57900,159400,160700,6.42,6.43,6.44,6.45,6.46,21900,24400,59600,101800,110900
130039000,6.41,18373386,117962903.48,6.41,6.4,6.39,6.38,6.37,49000,24760,57900,159400,160700,6.42,6.43,6.44,6.45,6.46,31700,24400,59600,101800,110900
130042000,6.41,18376786,117984699.48,6.41,6.4,6.39,6.38,6.37,45800,24760,57900,159400,160700,6.42,6.43,6.44,6.45,6.46,39200,24400,59600,101800,110900
130045000,6.41,18383686,118028928.48,6.41,6.4,6.39,6.38,6.37,22100,24760,57900,159400,160700,6.42,6.43,6.44,6.45,6.46,41400,24400,59600,101800,110900
130048000,6.41,18393286,118090464.48,6.41,6.4,6.39,6.38,6.37,12500,24760,57900,159400,160700,6.42,6.43,6.44,6.45,6.46,43800,24400,59600,101800,110900
130051000,6.41,18406686,118176351.48,6.4,6.39,6.38,6.37,6.36,58260,57900,159400,160700,317500,6.41,6.42,6.43,6.44,6.45,50500,40600,24400,59600,101800
130106000,6.41,18466086,118557132.48,6.41,6.4,6.39,6.38,6.37,10200,61860,57900,159400,160700,6.42,6.43,6.44,6.45,6.46,50500,29200,59600,101800,110900
130109000,6.41,18468186,118570613.48,6.41,6.4,6.39,6.38,6.37,10100,61860,57900,159400,160700,6.42,6.43,6.44,6.45,6.46,49200,29200,59600,101800,110900
130112000,6.42,18470386,118584737.48,6.41,6.4,6.39,6.38,6.37,10100,49860,57900,159400,160700,6.42,6.43,6.44,6.45,6.46,50200,29200,59600,101800,110900
130115000,6.42,18470386,118584737.48,6.41,6.4,6.39,6.38,6.37,8600,49860,57900,159400,160700,6.42,6.43,6.44,6.45,6.46,50700,29200,59600,101800,110900
130118000,6.41,18473286,118603326.48,6.41,6.4,6.39,6.38,6.37,5500,49860,57900,159400,160700,6.42,6.43,6.44,6.45,6.46,50700,29200,59600,101800,110900
130133000,6.41,18485286,118680247.48,6.4,6.39,6.38,6.37,6.36,50160,57900,159400,160700,317500,6.41,6.42,6.43,6.44,6.45,23800,46000,28500,139600,101800
130139000,6.41,18485286,118680247.48,6.4,6.39,6.38,6.37,6.36,50160,57900,159400,160700,317500,6.41,6.42,6.43,6.44,6.45,29200,46000,28500,139600,101800
130142000,6.41,18487286,118693067.48,6.4,6.39,6.38,6.37,6.36,50160,57900,159400,160700,317500,6.41,6.42,6.43,6.44,6.45,35700,46900,28500,139600,101800
130145000,6.4,18488586,118701387.48,6.4,6.39,6.38,6.37,6.36,48860,59100,159400,160700,317500,6.41,6.42,6.43,6.44,6.45,35700,46900,28500,139600,101800
130200000,6.41,18497786,118760359.48,6.4,6.39,6.38,6.37,6.36,58860,62100,159400,160700,317500,6.41,6.42,6.43,6.44,6.45,26400,46000,28500,139600,101800
130203000,6.41,18497986,118761641.48,6.4,6.39,6.38,6.37,6.36,59660,62100,159400,160700,317500,6.41,6.42,6.43,6.44,6.45,26200,46200,28500,139600,101800
130206000,6.41,18513486,118860950.48,6.4,6.39,6.38,6.37,6.36,65160,62100,159400,160700,317500,6.41,6.42,6.43,6.44,6.45,13000,46900,28500,139600,101800
130209000,6.4,18516586,118880790.48,6.4,6.39,6.38,6.37,6.36,62060,62100,159400,160700,317500,6.41,6.42,6.43,6.44,6.45,13400,43800,28500,139600,101800
130212000,6.41,18517786,118888482.48,6.4,6.39,6.38,6.37,6.36,62060,62100,159400,160700,317500,6.41,6.42,6.43,6.44,6.45,14500,43800,28500,139600,101800
130227000,6.4,18523386,118924363.48,6.4,6.39,6.38,6.37,6.36,60860,62100,159400,160700,317500,6.41,6.42,6.43,6.44,6.45,17000,44300,28500,139600,101800
130233000,6.41,18523586,118925645.48,6.4,6.39,6.38,6.37,6.36,60860,62100,154400,161700,317500,6.41,6.42,6.43,6.44,6.45,17500,44300,28500,139600,101800
130236000,6.41,18523886,118927568.48,6.4,6.39,6.38,6.37,6.36,60860,57900,154400,161700,317500,6.41,6.42,6.43,6.44,6.45,18300,44300,28500,139600,101800
130239000,6.41,18523886,118927568.48,6.4,6.39,6.38,6.37,6.36,60860,57900,154400,161700,317500,6.41,6.42,6.43,6.44,6.45,21900,49900,28500,139600,101800
130254000,6.41,18526486,118944221.48,6.4,6.39,6.38,6.37,6.36,61160,57900,153900,166700,315600,6.41,6.42,6.43,6.44,6.45,26300,49900,28800,139600,101800
130257000,6.41,18526486,118944221.48,6.4,6.39,6.38,6.37,6.36,61260,63200,153900,166700,315600,6.41,6.42,6.43,6.44,6.45,25100,49900,28800,139600,101800
130300000,6.41,18526486,118944221.48,6.4,6.39,6.38,6.37,6.36,61260,63200,154900,166700,315600,6.41,6.42,6.43,6.44,6.45,22400,49900,28800,139600,101800
130303000,6.41,18527486,118950631.48,6.4,6.39,6.38,6.37,6.36,73460,64200,154900,166700,315600,6.41,6.42,6.43,6.44,6.45,21800,50000,28800,139600,101800
130306000,6.4,18550886,119100611.48,6.4,6.39,6.38,6.37,6.36,72060,64200,154900,166700,315600,6.42,6.43,6.44,6.45,6.46,53300,28800,139600,101800,110900
130321000,6.41,18559486,119155812.48,6.41,6.4,6.39,6.38,6.37,700,60360,64200,154900,166700,6.42,6.43,6.44,6.45,6.46,50800,31000,139600,101800,110900
130324000,6.41,18561086,119166070.48,6.41,6.4,6.39,6.38,6.37,100,52560,64200,154900,166700,6.42,6.43,6.44,6.45,6.46,49500,31000,139600,101800,110900
130327000,6.41,18566786,119202607.48,6.41,6.4,6.39,6.38,6.37,12400,44760,64200,153900,168700,6.42,6.43,6.44,6.45,6.46,44600,31000,139600,101800,110900
130330000,6.41,18566786,119202607.48,6.41,6.4,6.39,6.38,6.37,12400,44760,64200,153900,168700,6.42,6.43,6.44,6.45,6.46,44600,31000,139600,101800,110900
130333000,6.42,18566986,119203891.48,6.41,6.4,6.39,6.38,6.37,12800,44760,64200,153900,168700,6.42,6.43,6.44,6.45,6.46,44400,31000,139600,101800,110900
130351000,6.42,18581186,119295026.48,6.41,6.4,6.39,6.38,6.37,18600,38060,64200,153900,168700,6.42,6.43,6.44,6.45,6.46,27500,31000,139600,101800,110900
130354000,6.42,18581386,119296310.48,6.41,6.4,6.39,6.38,6.37,18600,38560,64200,153900,168700,6.42,6.43,6.44,6.45,6.46,27300,31000,139600,101800,110900
130357000,6.42,18581386,119296310.48,6.41,6.4,6.39,6.38,6.37,18600,37560,64200,153900,168700,6.42,6.43,6.44,6.45,6.46,21700,31000,139600,101800,110900
130418000,6.44,18645786,119710252.48,6.43,6.42,6.41,6.4,6.39,15300,88500,3700,26760,64200,6.44,6.45,6.46,6.47,6.48,141500,105700,110900,316500,231600
130421000,6.43,18646386,119714110.48,6.43,6.42,6.41,6.4,6.39,14700,88500,3700,26760,64200,6.44,6.45,6.46,6.47,6.48,142400,105700,110900,317100,231600
130424000,6.44,18650186,119738564.48,6.43,6.42,6.41,6.4,6.39,14300,90400,3700,26660,64200,6.44,6.45,6.46,6.47,6.48,142800,105700,110900,316300,231600
130427000,6.43,18650286,119739207.48,6.43,6.42,6.41,6.4,6.39,14200,90400,3700,26860,64200,6.44,6.45,6.46,6.47,6.48,142800,105700,111700,316300,231600
130442000,6.44,18656986,119782287.48,6.42,6.41,6.4,6.39,6.38,88100,3400,26860,64600,153900,6.43,6.44,6.45,6.46,6.47,2400,142200,106500,111700,316300
130445000,6.42,18660486,119804758.48,6.42,6.41,6.4,6.39,6.38,84700,3400,26860,64600,153900,6.43,6.44,6.45,6.46,6.47,7800,142200,106500,111700,316300
130448000,6.43,18661786,119813117.48,6.42,6.41,6.4,6.39,6.38,84700,3400,26860,64600,153900,6.43,6.44,6.45,6.46,6.47,8000,142200,105700,111700,316300
130451000,6.43,18661886,119813760.48,6.42,6.41,6.4,6.39,6.38,84700,3400,28860,64600,153900,6.43,6.44,6.45,6.46,6.47,9500,142200,105700,111700,316300
130454000,6.43,18662386,119816975.48,6.42,6.41,6.4,6.39,6.38,84700,3400,28860,64600,153900,6.43,6.44,6.45,6.46,6.47,9500,142200,105700,111700,316300
130509000,6.42,18682586,119946916.48,6.42,6.41,6.4,6.39,6.38,75100,3400,18060,64600,159900,6.43,6.44,6.45,6.46,6.47,17300,139000,105400,111700,326300
130512000,6.42,18683086,119950128.48,6.42,6.41,6.4,6.39,6.38,75100,3400,18060,64600,159900,6.43,6.44,6.45,6.46,6.47,17100,139000,105400,111700,326300
130515000,6.42,18683086,119950128.48,6.42,6.41,6.4,6.39,6.38,77100,3400,18060,64600,159900,6.43,6.44,6.45,6.46,6.47,5400,139000,105400,111700,326300
130518000,6.43,18683186,119950771.48,6.42,6.41,6.4,6.39,6.38,77400,3400,18060,64600,159900,6.43,6.44,6.45,6.46,6.47,5500,139000,105400,111700,326300
130536000,6.43,18711386,120132148.48,6.42,6.41,6.4,6.39,6.38,73900,3600,18060,64600,159900,6.43,6.44,6.45,6.46,6.47,1100,130500,105400,111700,326300
130539000,6.43,18712186,120137292.48,6.42,6.41,6.4,6.39,6.38,73900,3600,18060,64600,159900,6.43,6.44,6.45,6.46,6.47,300,130500,105400,111700,326300
130542000,6.43,18712686,120140507.48,6.43,6.42,6.41,6.4,6.39,100,78900,3600,18060,64600,6.44,6.45,6.46,6.47,6.48,127500,105400,111700,326300,231600
130545000,6.43,18717686,120172655.48,6.43,6.42,6.41,6.4,6.39,4800,78700,3600,18060,64600,6.44,6.45,6.46,6.47,6.48,127500,107500,113700,326300,237700
130606000,6.42,18725486,120222807.48,6.42,6.41,6.4,6.39,6.38,76100,3600,24460,64600,159900,6.43,6.44,6.45,6.46,6.47,21400,253900,105400,113700,326300
130609000,6.42,18725486,120222807.48,6.42,6.41,6.4,6.39,6.38,76100,3600,24460,65600,159900,6.43,6.44,6.45,6.46,6.47,25800,251500,109900,113700,326300
130630000,6.42,18730886,120257509.48,6.42,6.41,6.4,6.39,6.38,75600,3600,24560,65600,159900,6.43,6.44,6.45,6.46,6.47,14300,253000,110700,113700,326300
130633000,6.43,18730986,120258152.48,6.42,6.41,6.4,6.39,6.38,75600,3600,24560,65600,159900,6.43,6.44,6.45,6.46,6.47,14200,253000,110700,113700,326300
130636000,6.43,18731186,120259438.48,6.42,6.41,6.4,6.39,6.38,78100,3600,24560,65600,159900,6.43,6.44,6.45,6.46,6.47,13800,253000,110700,113700,326300
130639000,6.43,18731186,120259438.48,6.42,6.41,6.4,6.39,6.38,78100,3600,24560,66000,159900,6.43,6.44,6.45,6.46,6.47,14300,253000,110700,113700,326300
130657000,6.43,18736086,120290909.48,6.42,6.41,6.4,6.39,6.38,75800,7500,44560,66000,159900,6.43,6.44,6.45,6.46,6.47,15900,253000,110700,114200,326300
130700000,6.43,18738086,120303769.48,6.42,6.41,6.4,6.39,6.38,80200,7500,44560,66000,159900,6.43,6.44,6.45,6.46,6.47,13900,253000,110700,114200,326300
130703000,6.43,18741086,120323059.48,6.42,6.41,6.4,6.39,6.38,80200,7500,44560,66000,159900,6.43,6.44,6.45,6.46,6.47,11700,253000,110700,114200,326300
130706000,6.42,18742386,120331405.48,6.42,6.41,6.4,6.39,6.38,78900,7500,44560,66000,159900,6.43,6.44,6.45,6.46,6.47,12100,253000,110700,114200,326300
130724000,6.42,18770286,120510792.48,6.42,6.41,6.4,6.39,6.38,73300,11200,44560,66700,159900,6.43,6.44,6.45,6.46,6.47,40700,248600,110700,114200,326300
130727000,6.42,18770386,120511434.48,6.42,6.41,6.4,6.39,6.38,75100,11200,44560,99700,159900,6.43,6.44,6.45,6.46,6.47,40700,253600,110700,114200,326300
130730000,6.43,18770686,120513363.48,6.42,6.41,6.4,6.39,6.38,76100,11200,44560,99700,159900,6.43,6.44,6.45,6.46,6.47,48500,253600,110700,114200,326300
130733000,6.43,18771486,120518501.48,6.42,6.41,6.4,6.39,6.38,75500,11200,44560,99700,159900,6.43,6.44,6.45,6.46,6.47,48900,253600,110700,114200,326300
130751000,6.43,18778286,120562165.48,6.42,6.41,6.4,6.39,6.38,73200,13700,45160,100200,152000,6.43,6.44,6.45,6.46,6.47,55600,253600,110700,117800,325800
130754000,6.42,18781386,120582067.48,6.42,6.41,6.4,6.39,6.38,70600,13700,45160,100200,152000,6.43,6.44,6.45,6.46,6.47,56000,253600,110700,117800,325800
130757000,6.42,18781386,120582067.48,6.42,6.41,6.4,6.39,6.38,70900,13700,45160,100200,152000,6.43,6.44,6.45,6.46,6.47,56000,253600,110700,117800,325800
130800000,6.42,18781386,120582067.48,6.42,6.41,6.4,6.39,6.38,70900,13700,45160,100200,152600,6.43,6.44,6.45,6.46,6.47,56000,254200,110700,117800,325800
130818000,6.43,18787886,120623814.48,6.42,6.41,6.4,6.39,6.38,71400,14500,60260,100200,152700,6.43,6.44,6.45,6.46,6.47,57800,254200,110700,117800,325800
130821000,6.43,18791486,120646931.48,6.42,6.41,6.4,6.39,6.38,68300,14500,60260,100200,152700,6.43,6.44,6.45,6.46,6.47,54700,254200,110700,117800,325800
130824000,6.43,18820686,120834598.48,6.42,6.41,6.4,6.39,6.38,59400,14500,60260,100200,152700,6.43,6.44,6.45,6.46,6.47,43900,254200,110700,117800,325800
130827000,6.42,18820786,120835240.48,6.42,6.41,6.4,6.39,6.38,59300,14500,60260,100200,152700,6.43,6.44,6.45,6.46,6.47,44800,254200,110700,117800,325800
130845000,6.42,18826486,120871877.48,6.42,6.41,6.4,6.39,6.38,81200,14600,60260,100200,152700,6.43,6.44,6.45,6.46,6.47,43100,254200,110700,117800,325800
130848000,6.42,18826586,120872519.48,6.42,6.41,6.4,6.39,6.38,81300,14600,60260,100200,152700,6.43,6.44,6.45,6.46,6.47,43100,254200,110700,117800,325800
130851000,6.42,18826586,120872519.48,6.42,6.41,6.4,6.39,6.38,81300,16600,60260,100200,152700,6.43,6.44,6.45,6.46,6.47,43100,254200,110700,117800,325800
130854000,6.43,18826786,120873805.48,6.42,6.41,6.4,6.39,6.38,74300,16600,60260,100200,152700,6.43,6.44,6.45,6.46,6.47,43100,253600,110700,117800,325800
130912000,6.43,18857686,121072473.48,6.42,6.41,6.4,6.39,6.38,76300,16600,60260,100200,152700,6.43,6.44,6.45,6.46,6.47,24100,253600,106800,103600,325800
130915000,6.42,18857986,121074400.48,6.42,6.41,6.4,6.39,6.38,76100,16600,60260,100200,152700,6.43,6.44,6.45,6.46,6.47,27000,253600,106800,103600,325800
130918000,6.42,18858586,121078252.48,6.42,6.41,6.4,6.39,6.38,73300,16600,57260,100200,152700,6.43,6.44,6.45,6.46,6.47,32000,253600,106800,103600,325800
130921000,6.43,18861086,121094304.48,6.42,6.41,6.4,6.39,6.38,71000,16600,58260,100200,152700,6.43,6.44,6.45,6.46,6.47,31800,253600,106800,103600,325800
130939000,6.42,18872286,121166251.48,6.42,6.41,6.4,6.39,6.38,71600,16600,63360,100200,153800,6.43,6.44,6.45,6.46,6.47,63600,250800,111800,103600,325800
130942000,6.42,18875286,121185513.48,6.42,6.41,6.4,6.39,6.38,68800,16600,63360,100200,153800,6.43,6.44,6.45,6.46,6.47,63400,250800,111800,103600,325800
130945000,6.42,18876586,121193859.48,6.42,6.41,6.4,6.39,6.38,67500,16600,63360,100200,153800,6.43,6.44,6.45,6.46,6.47,65100,250800,111800,103600,325800
130948000,6.42,18876686,121194501.48,6.42,6.41,6.4,6.39,6.38,67400,16600,63360,100200,153800,6.43,6.44,6.45,6.46,6.47,65200,250800,111800,108600,325800
131006000,6.42,18899286,121339598.48,6.42,6.41,6.4,6.39,6.38,43700,16600,63360,100200,153800,6.43,6.44,6.45,6.46,6.47,73300,248600,111800,109200,325800
131009000,6.42,18918986,121466072.48,6.42,6.41,6.4,6.39,6.38,24400,16600,63360,100200,153800,6.43,6.44,6.45,6.46,6.47,93000,248600,111800,109200,325800
131012000,6.43,18924386,121500757.48,6.42,6.41,6.4,6.39,6.38,20700,16600,63360,100200,153800,6.43,6.44,6.45,6.46,6.47,79300,248600,111800,109200,325800
131015000,6.43,18924386,121500757.48,6.42,6.41,6.4,6.39,6.38,22200,16600,63360,100200,153800,6.43,6.44,6.45,6.46,6.47,79300,248600,111800,109200,325800
131033000,6.42,18945586,121636864.48,6.42,6.41,6.4,6.39,6.38,13600,16600,63360,101200,161500,6.43,6.44,6.45,6.46,6.47,80200,248600,111800,109200,325800
131036000,6.42,18945586,121636864.48,6.42,6.41,6.4,6.39,6.38,13600,16700,63360,101200,161500,6.43,6.44,6.45,6.46,6.47,80200,248600,111800,109200,325800
131039000,6.43,18948586,121656154.48,6.42,6.41,6.4,6.39,6.38,15200,16700,63360,101200,161500,6.43,6.44,6.45,6.46,6.47,77200,248600,111800,109200,325800
131042000,6.43,18949386,121661292.48,6.42,6.41,6.4,6.39,6.38,15200,16700,63360,101200,161600,6.43,6.44,6.45,6.46,6.47,77400,248600,111800,109200,325800
131100000,6.42,18966386,121770438.48,6.42,6.41,6.4,6.39,6.38,5200,16700,65260,101200,161600,6.43,6.44,6.45,6.46,6.47,77200,247000,111800,107200,325800
131103000,6.42,18967386,121776860.48,6.42,6.41,6.4,6.39,6.38,4400,16700,65260,101200,161600,6.43,6.44,6.45,6.46,6.47,77600,248000,111800,107200,325800
131106000,6.42,18969486,121790342.48,6.42,6.41,6.4,6.39,6.38,2300,16700,65260,101200,161600,6.43,6.44,6.45,6.46,6.47,108200,248000,111800,107200,325800
131109000,6.42,18972986,121812812.48,6.41,6.4,6.39,6.38,6.37,17100,65260,100500,161600,204400,6.42,6.43,6.44,6.45,6.46,9500,78900,243100,111800,107200
131127000,6.41,18983786,121882077.48,6.41,6.4,6.39,6.38,6.37,11300,65660,100500,161600,204400,6.42,6.43,6.44,6.45,6.46,31300,77200,242300,111800,107200
131130000,6.42,18993786,121946277.48,6.41,6.4,6.39,6.38,6.37,11300,65660,100500,162600,204400,6.42,6.43,6.44,6.45,6.46,21300,77200,242300,111800,107200
131133000,6.42,18993986,121947561.48,6.41,6.4,6.39,6.38,6.37,11300,65660,100500,162600,204400,6.42,6.43,6.44,6.45,6.46,21100,77200,242300,111800,107200
131136000,6.41,18994086,121948202.48,6.41,6.4,6.39,6.38,6.37,11200,65660,100500,162600,204400,6.42,6.43,6.44,6.45,6.46,21200,77200,242200,111800,107200
131154000,6.42,18998586,121977050.48,6.41,6.4,6.39,6.38,6.37,10500,66160,100500,162600,204400,6.42,6.43,6.44,6.45,6.46,22800,88200,242100,111800,101500
131157000,6.41,19002986,122005254.48,6.41,6.4,6.39,6.38,6.37,6100,66160,100500,162600,204400,6.42,6.43,6.44,6.45,6.46,22800,88200,242100,111800,101500
131200000,6.42,19030086,122179050.48,6.41,6.4,6.39,6.38,6.37,21200,66160,100500,162600,204300,6.42,6.43,6.44,6.45,6.46,14700,88200,242100,111800,101500
131203000,6.42,19040286,122244534.48,6.41,6.4,6.39,6.38,6.37,21200,66160,100500,162600,204300,6.42,6.43,6.44,6.45,6.46,4500,86600,242000,111800,101500
131221000,6.42,19065886,122408918.48,6.41,6.4,6.39,6.38,6.37,19300,68860,100500,162600,204300,6.42,6.43,6.44,6.45,6.46,4900,76500,245400,120000,101500
131224000,6.41,19070586,122439079.48,6.41,6.4,6.39,6.38,6.37,18000,68960,98500,162600,204300,6.42,6.43,6.44,6.45,6.46,1500,76500,245400,120000,101500
131227000,6.42,19072186,122449351.48,6.42,6.41,6.4,6.39,6.38,5200,18000,68960,98500,162600,6.43,6.44,6.45,6.46,6.47,76500,245400,120000,101500,324200
131230000,6.42,19072486,122451277.48,6.42,6.41,6.4,6.39,6.38,6200,18000,68960,98500,163800,6.43,6.44,6.45,6.46,6.47,76500,245400,120000,101500,325800
131248000,6.41,19095386,122598431.48,6.41,6.4,6.39,6.38,6.37,19100,71260,99200,164300,204300,6.42,6.43,6.44,6.45,6.46,3700,68400,245400,119900,101400
131251000,6.42,19101586,122638235.48,6.42,6.41,6.4,6.39,6.38,5000,19100,71260,99200,165300,6.43,6.44,6.45,6.46,6.47,68900,245100,119700,101400,324200
131254000,6.43,19101786,122639520.48,6.42,6.41,6.4,6.39,6.38,6400,19100,70960,99200,165800,6.43,6.44,6.45,6.46,6.47,67900,215800,119700,114400,324200
131257000,6.43,19101786,122639520.48,6.42,6.41,6.4,6.39,6.38,6400,19100,70960,99200,165800,6.43,6.44,6.45,6.46,6.47,67900,215800,119700,114400,324200
131315000,6.42,19118286,122745459.48,6.42,6.41,6.4,6.39,6.38,1000,19100,70960,100200,165800,6.43,6.44,6.45,6.46,6.47,57400,217100,124500,114400,324200
131318000,6.43,19119186,122751246.48,6.42,6.41,6.4,6.39,6.38,8400,19100,70960,100200,168800,6.43,6.44,6.45,6.46,6.47,56500,217100,124500,114400,324200
131321000,6.43,19119186,122751246.48,6.42,6.41,6.4,6.39,6.38,8400,19100,70960,100200,168800,6.43,6.44,6.45,6.46,6.47,56500,217100,124500,114400,324200
131324000,6.43,19119286,122751889.48,6.42,6.41,6.4,6.39,6.38,8400,19100,70960,100200,168800,6.43,6.44,6.45,6.46,6.47,56400,217100,124500,114400,324200
131342000,6.43,19127386,122803926.48,6.42,6.41,6.4,6.39,6.38,7000,19100,67760,100200,168800,6.43,6.44,6.45,6.46,6.47,55400,217100,124800,116500,328000
131345000,6.42,19128686,122812272.48,6.42,6.41,6.4,6.39,6.38,7700,19100,67760,100200,168800,6.43,6.44,6.45,6.46,6.47,55900,217100,124800,116500,328000
131348000,6.42,19128686,122812272.48,6.42,6.41,6.4,6.39,6.38,26200,19100,67760,100200,168800,6.43,6.44,6.45,6.46,6.47,65900,217100,124800,116500,328000
131351000,6.42,19128886,122813556.48,6.42,6.41,6.4,6.39,6.38,26000,19100,67760,100200,168800,6.43,6.44,6.45,6.46,6.47,66000,217100,124800,116500,328000
131409000,6.42,19150586,122953027.48,6.42,6.41,6.4,6.39,6.38,31100,19100,67760,100200,168800,6.43,6.44,6.45,6.46,6.47,51700,218200,124800,116500,328000
131412000,6.42,19151786,122960734.48,6.42,6.41,6.4,6.39,6.38,30500,19100,67760,100200,168800,6.43,6.44,6.45,6.46,6.47,50600,218200,124800,116500,328000
131415000,6.42,19159286,123008884.48,6.42,6.41,6.4,6.39,6.38,23000,19100,67760,100200,168800,6.43,6.44,6.45,6.46,6.47,51000,217800,124800,116500,328000
131418000,6.42,19159286,123008884.48,6.42,6.41,6.4,6.39,6.38,23000,19100,67760,100200,168800,6.43,6.44,6.45,6.46,6.47,54300,216700,124800,116500,328000
131436000,6.43,19164886,123044875.48,6.42,6.41,6.4,6.39,6.38,25300,25800,66760,100200,168800,6.43,6.44,6.45,6.46,6.47,51500,217600,119800,116500,328000
131439000,6.43,19164886,123044875.48,6.42,6.41,6.4,6.39,6.38,25300,27800,66760,100200,169300,6.43,6.44,6.45,6.46,6.47,51500,217600,119800,116500,328000
131442000,6.43,19164986,123045518.48,6.42,6.41,6.4,6.39,6.38,25300,27800,66760,100200,169300,6.43,6.44,6.45,6.46,6.47,51400,217600,119800,116500,328000
131445000,6.42,19166286,123053864.48,6.42,6.41,6.4,6.39,6.38,24000,27800,66760,100200,169300,6.43,6.44,6.45,6.46,6.47,51400,217600,119800,116800,328000
131503000,6.43,19182286,123156698.48,6.42,6.41,6.4,6.39,6.38,123500,18600,66760,100600,168500,6.43,6.44,6.45,6.46,6.47,40600,217700,119800,116800,328000
131506000,6.43,19187286,123188835.48,6.42,6.41,6.4,6.39,6.38,125200,18600,66760,100600,168500,6.43,6.44,6.45,6.46,6.47,37100,218500,119800,116800,328000
131509000,6.42,19187386,123189477.48,6.42,6.41,6.4,6.39,6.38,125100,18600,66760,100600,168500,6.43,6.44,6.45,6.46,6.47,37100,218500,119800,116800,328000
131512000,6.43,19192886,123224842.48,6.42,6.41,6.4,6.39,6.38,125900,18600,66760,100600,168500,6.43,6.44,6.45,6.46,6.47,31600,218500,119800,116800,328000
131530000,6.42,19204986,123302631.48,6.42,6.41,6.4,6.39,6.38,127800,18600,66760,100600,168500,6.43,6.44,6.45,6.46,6.47,24500,218500,119800,116800,328000
131533000,6.43,19205186,123303917.48,6.42,6.41,6.4,6.39,6.38,127800,18600,66760,100600,168500,6.43,6.44,6.45,6.46,6.47,24700,218500,119800,116800,328000
131536000,6.43,19205186,123303917.48,6.42,6.41,6.4,6.39,6.38,127800,18600,66760,100600,168500,6.43,6.44,6.45,6.46,6.47,25200,218500,119800,116800,328000
131539000,6.43,19205186,123303917.48,6.42,6.41,6.4,6.39,6.38,127800,18600,104960,100600,168500,6.43,6.44,6.45,6.46,6.47,28600,218500,119800,116800,328000
131557000,6.43,19207186,123316762.48,6.42,6.41,6.4,6.39,6.38,129800,18600,108960,100600,166300,6.43,6.44,6.45,6.46,6.47,40000,218500,119800,116800,328000
131600000,6.43,19207186,123316762.48,6.42,6.41,6.4,6.39,6.38,129800,19300,108960,100600,166300,6.43,6.44,6.45,6.46,6.47,40600,218500,119800,116800,328000
131603000,6.42,19215386,123369407.48,6.42,6.41,6.4,6.39,6.38,121700,19300,111960,100600,166300,6.43,6.44,6.45,6.46,6.47,40800,218500,119800,116800,328000
131606000,6.42,19216686,123377753.48,6.42,6.41,6.4,6.39,6.38,120400,19300,111960,100600,166300,6.43,6.44,6.45,6.46,6.47,42000,217700,119800,116800,328000
131627000,6.42,19227086,123444604.48,6.42,6.41,6.4,6.39,6.38,115000,19300,111860,101400,166300,6.43,6.44,6.45,6.46,6.47,41500,217700,119800,103800,328000
131630000,6.42,19227086,123444604.48,6.42,6.41,6.4,6.39,6.38,119400,19300,111860,101400,166300,6.43,6.44,6.45,6.46,6.47,41600,217700,132800,103800,328000
131633000,6.43,19227286,123445890.48,6.42,6.41,6.4,6.39,6.38,119400,19300,111860,101400,166300,6.43,6.44,6.45,6.46,6.47,41500,217700,132800,103800,328000
131651000,6.43,19252186,123605960.48,6.42,6.41,6.4,6.39,6.38,118500,19700,113860,101400,166300,6.43,6.44,6.45,6.46,6.47,21300,217700,132800,103800,328000
131654000,6.43,19252186,123605960.48,6.42,6.41,6.4,6.39,6.38,118500,19700,113860,101400,166300,6.43,6.44,6.45,6.46,6.47,22600,218900,132800,103800,328000
131657000,6.42,19252686,123609170.48,6.42,6.41,6.4,6.39,6.38,124200,20700,113860,101400,166300,6.43,6.44,6.45,6.46,6.47,23800,218900,127800,103800,328000
131700000,6.42,19252686,123609170.48,6.42,6.41,6.4,6.39,6.38,124200,20700,113860,101400,166300,6.43,6.44,6.45,6.46,6.47,23900,218900,127800,103800,328000
131721000,6.42,19258486,123646450.48,6.42,6.41,6.4,6.39,6.38,128400,21200,113860,101400,166300,6.43,6.44,6.45,6.46,6.47,23200,218900,127800,103800,328000
131724000,6.43,19258586,123647093.48,6.42,6.41,6.4,6.39,6.38,128500,21200,113860,101400,166300,6.43,6.44,6.45,6.46,6.47,23200,218900,127800,103800,328000
131727000,6.42,19264186,123683087.48,6.42,6.41,6.4,6.39,6.38,131600,21200,113860,101900,165800,6.43,6.44,6.45,6.46,6.47,19200,218900,127800,103800,328000
131748000,6.42,19301886,123925361.48,6.42,6.41,6.4,6.39,6.38,104500,21200,113860,102900,166500,6.43,6.44,6.45,6.46,6.47,17700,130700,127800,103800,328000
131751000,6.43,19302086,123926647.48,6.42,6.41,6.4,6.39,6.38,104500,21200,115860,102900,166500,6.43,6.44,6.45,6.46,6.47,17600,130700,127800,103800,328000
131754000,6.43,19302286,123927933.48,6.42,6.41,6.4,6.39,6.38,104500,21200,115860,102900,166500,6.43,6.44,6.45,6.46,6.47,17400,130700,127800,103800,328000
131812000,6.43,19315586,124013323.48,6.42,6.41,6.4,6.39,6.38,88600,24700,127860,102800,169700,6.43,6.44,6.45,6.46,6.47,20200,130700,127800,103800,328000
131815000,6.43,19315586,124013323.48,6.42,6.41,6.4,6.39,6.38,88600,25100,127860,102800,169700,6.43,6.44,6.45,6.46,6.47,25500,130700,127800,103800,328000
131818000,6.42,19322586,124058263.48,6.42,6.41,6.4,6.39,6.38,81600,21600,127860,102800,169700,6.43,6.44,6.45,6.46,6.47,26600,130700,127800,103800,328000
131821000,6.43,19322886,124060191.48,6.42,6.41,6.4,6.39,6.38,81500,21600,127860,102800,169700,6.43,6.44,6.45,6.46,6.47,27300,149700,127800,103800,328000
131839000,6.42,19337886,124156593.48,6.42,6.41,6.4,6.39,6.38,76700,22300,127860,102800,169700,6.43,6.44,6.45,6.46,6.47,22900,149700,127800,103800,328000
131842000,6.43,19337986,124157236.48,6.42,6.41,6.4,6.39,6.38,76700,22300,127860,102800,169700,6.43,6.44,6.45,6.46,6.47,24800,149700,127800,103800,328000
131845000,6.42,19339586,124167508.48,6.42,6.41,6.4,6.39,6.38,77100,22300,132860,102800,169700,6.43,6.44,6.45,6.46,6.47,25600,149700,127800,103800,328000
131848000,6.42,19339686,124168150.48,6.42,6.41,6.4,6.39,6.38,77000,22300,132860,102800,169700,6.43,6.44,6.45,6.46,6.47,25600,151000,127800,103800,328000
131909000,6.42,19459486,124937237.48,6.41,6.4,6.39,6.38,6.37,10700,132860,104800,169700,210100,6.42,6.43,6.44,6.45,6.46,41000,71200,144600,127800,103800
131912000,6.42,19459686,124938521.48,6.41,6.4,6.39,6.38,6.37,10700,132860,105800,171700,210100,6.42,6.43,6.44,6.45,6.46,41100,70900,144600,127800,103800
131915000,6.42,19478686,125060501.48,6.41,6.4,6.39,6.38,6.37,10700,132860,105800,172200,212100,6.42,6.43,6.44,6.45,6.46,22200,70900,140300,127800,103800
131933000,6.43,19505786,125234484.48,6.42,6.41,6.4,6.39,6.38,32300,20000,127860,107400,175200,6.43,6.44,6.45,6.46,6.47,76000,142300,127800,103800,324200
131936000,6.42,19506086,125236410.48,6.42,6.41,6.4,6.39,6.38,32100,20000,127860,107400,175200,6.43,6.44,6.45,6.46,6.47,76200,142300,127800,103800,324200
131939000,6.43,19506486,125238982.48,6.42,6.41,6.4,6.39,6.38,33300,20000,127860,107400,175200,6.43,6.44,6.45,6.46,6.47,75800,142300,127800,103800,324200
131942000,6.43,19506686,125240268.48,6.42,6.41,6.4,6.39,6.38,33300,20000,127860,107400,180200,6.43,6.44,6.45,6.46,6.47,76200,142300,127800,103800,324200
132000000,6.42,19513186,125282041.48,6.42,6.41,6.4,6.39,6.38,30600,20000,127860,107400,180200,6.43,6.44,6.45,6.46,6.47,74200,143000,127000,104200,324200
132006000,6.42,19514986,125293599.48,6.42,6.41,6.4,6.39,6.38,29000,16600,127860,107400,180200,6.43,6.44,6.45,6.46,6.47,85500,145200,127000,104200,324200
132009000,6.42,19515086,125294241.48,6.42,6.41,6.4,6.39,6.38,28900,16600,127560,107400,180200,6.43,6.44,6.45,6.46,6.47,50700,145200,127000,104200,324200
132027000,6.42,19521786,125337303.48,6.42,6.41,6.4,6.39,6.38,27300,16600,127560,107400,180200,6.43,6.44,6.45,6.46,6.47,45900,145200,127000,104200,324200
132030000,6.43,19525186,125359165.48,6.42,6.41,6.4,6.39,6.38,27700,16600,127560,107400,180200,6.43,6.44,6.45,6.46,6.47,42500,145200,127000,104200,324200
132033000,6.42,19525986,125364303.48,6.42,6.41,6.4,6.39,6.38,28600,16600,127560,107400,180200,6.43,6.44,6.45,6.46,6.47,43200,145200,127000,104200,324200
132036000,6.42,19525986,125364303.48,6.42,6.41,6.4,6.39,6.38,27000,16600,127560,107400,180200,6.43,6.44,6.45,6.46,6.47,43500,145200,127000,104200,324200
132054000,6.42,19529186,125384850.48,6.42,6.41,6.4,6.39,6.38,22900,16600,128360,107700,181700,6.43,6.44,6.45,6.46,6.47,44700,145200,127000,104200,324200
132057000,6.42,19529586,125387418.48,6.42,6.41,6.4,6.39,6.38,27900,16600,128360,107700,181700,6.43,6.44,6.45,6.46,6.47,44400,145200,108300,104200,324200
132100000,6.42,19529586,125387418.48,6.42,6.41,6.4,6.39,6.38,27900,16600,128360,107700,181700,6.43,6.44,6.45,6.46,6.47,44500,145200,108300,104200,324200
132124000,6.43,19559656,125580741.88,6.42,6.41,6.4,6.39,6.38,25230,16600,126960,107700,181700,6.43,6.44,6.45,6.46,6.47,22200,145200,109600,104200,324200
132127000,6.42,19560956,125589087.88,6.42,6.41,6.4,6.39,6.38,23930,16600,126960,107700,181700,6.43,6.44,6.45,6.46,6.47,22300,145200,109600,104200,324200
132130000,6.42,19560956,125589087.88,6.42,6.41,6.4,6.39,6.38,23930,16600,126960,107700,181700,6.43,6.44,6.45,6.46,6.47,22400,145200,109600,104200,324200
132148000,6.43,19563456,125605145.88,6.42,6.41,6.4,6.39,6.38,23530,17600,126960,107700,181700,6.43,6.44,6.45,6.46,6.47,28900,145200,109600,110400,324200
132151000,6.43,19563856,125607717.88,6.42,6.41,6.4,6.39,6.38,43430,18000,126960,108300,181700,6.43,6.44,6.45,6.46,6.47,28500,145200,109600,110400,324200
132154000,6.43,19564056,125609003.88,6.42,6.41,6.4,6.39,6.38,43830,18000,126960,108300,181700,6.43,6.44,6.45,6.46,6.47,29100,145200,109600,110400,324200
132157000,6.43,19569456,125643725.88,6.42,6.41,6.4,6.39,6.38,43830,12400,126960,108300,181700,6.43,6.44,6.45,6.46,6.47,23700,145200,109600,110400,324200
132215000,6.43,19581656,125722086.88,6.42,6.41,6.4,6.39,6.38,37330,14200,126960,108300,182200,6.43,6.44,6.45,6.46,6.47,72200,145200,109600,110400,324200
132218000,6.43,19585656,125747806.88,6.42,6.41,6.4,6.39,6.38,35830,14200,126960,108300,182200,6.43,6.44,6.45,6.46,6.47,68400,145200,109600,110400,324200
132221000,6.43,19585856,125749092.88,6.42,6.41,6.4,6.39,6.38,35830,14200,126960,106700,182200,6.43,6.44,6.45,6.46,6.47,68200,145200,109600,110400,324200
132242000,6.43,19593156,125795963.88,6.42,6.41,6.4,6.39,6.38,35030,23000,127860,106700,183200,6.43,6.44,6.45,6.46,6.47,67400,145200,109600,110400,324200
132245000,6.42,19594456,125804309.88,6.42,6.41,6.4,6.39,6.38,33730,24700,127860,106700,183200,6.43,6.44,6.45,6.46,6.47,67400,145200,109600,110400,324200
132248000,6.42,19594556,125804951.88,6.42,6.41,6.4,6.39,6.38,33630,24700,127860,106700,183200,6.43,6.44,6.45,6.46,6.47,67500,145200,109600,110400,324200
132251000,6.43,19594656,125805594.88,6.42,6.41,6.4,6.39,6.38,38630,24700,127860,106700,183200,6.43,6.44,6.45,6.46,6.47,64400,145200,109600,110400,324200
132309000,6.42,19600856,125845445.88,6.42,6.41,6.4,6.39,6.38,51830,39300,127460,106700,183600,6.43,6.44,6.45,6.46,6.47,60000,150200,109600,110400,324200
132312000,6.43,19601056,125846731.88,6.42,6.41,6.4,6.39,6.38,51830,39300,127460,106700,183600,6.43,6.44,6.45,6.46,6.47,59900,150200,109600,110400,324200
132315000,6.43,19604556,125869236.88,6.42,6.41,6.4,6.39,6.38,55330,39300,127460,106700,183600,6.43,6.44,6.45,6.46,6.47,57300,150200,109600,110400,324200
132318000,6.43,19605956,125878238.88,6.42,6.41,6.4,6.39,6.38,55330,39300,127460,106700,183600,6.43,6.44,6.45,6.46,6.47,56300,150200,109600,110400,324200
132336000,6.42,19654256,126188492.88,6.42,6.41,6.4,6.39,6.38,30030,36900,127460,106700,183600,6.43,6.44,6.45,6.46,6.47,40300,150200,109600,110400,324200
132339000,6.42,19655256,126194912.88,6.42,6.41,6.4,6.39,6.38,48830,36900,127460,106700,183600,6.43,6.44,6.45,6.46,6.47,40300,150200,109600,110400,324200
132342000,6.43,19655456,126196198.88,6.42,6.41,6.4,6.39,6.38,48830,36900,127460,106700,183600,6.43,6.44,6.45,6.46,6.47,40100,150200,109600,110400,324200
132345000,6.42,19656856,126205186.88,6.42,6.41,6.4,6.39,6.38,48830,36900,132460,106700,183600,6.43,6.44,6.45,6.46,6.47,40200,150200,109600,110400,324200
132403000,6.43,19660256,126227048.88,6.42,6.41,6.4,6.39,6.38,50130,36900,131460,107200,183600,6.43,6.44,6.45,6.46,6.47,77700,150200,109600,104200,324200
132406000,6.42,19661556,126235394.88,6.42,6.41,6.4,6.39,6.38,48830,36900,131460,107200,183600,6.43,6.44,6.45,6.46,6.47,77700,150200,109600,104200,324200
132409000,6.42,19661656,126236036.88,6.42,6.41,6.4,6.39,6.38,48730,36900,131460,107200,183600,6.43,6.44,6.45,6.46,6.47,77700,150200,109600,104200,324200
132412000,6.43,19662656,126242457.88,6.42,6.41,6.4,6.39,6.38,47830,36900,131460,107200,183600,6.43,6.44,6.45,6.46,6.47,77600,150200,109600,104200,324200
132430000,6.42,19684856,126385130.88,6.42,6.41,6.4,6.39,6.38,37030,41300,132960,107200,183600,6.43,6.44,6.45,6.46,6.47,64400,150200,109600,104200,324200
132433000,6.43,19685056,126386416.88,6.42,6.41,6.4,6.39,6.38,37030,41300,132960,107200,183600,6.43,6.44,6.45,6.46,6.47,64200,150200,109600,104200,324200
132436000,6.42,19688756,126410172.88,6.42,6.41,6.4,6.39,6.38,33530,41300,132960,107200,183600,6.43,6.44,6.45,6.46,6.47,64000,150200,109600,104200,324200
132439000,6.42,19688756,126410172.88,6.42,6.41,6.4,6.39,6.38,33530,41300,132960,107200,183600,6.43,6.44,6.45,6.46,6.47,67700,150200,109600,104200,324200
132457000,6.43,19690956,126424300.88,6.42,6.41,6.4,6.39,6.38,31730,37900,132960,107200,183600,6.43,6.44,6.45,6.46,6.47,68400,150200,109600,104200,324200
132500000,6.42,19691656,126428794.88,6.42,6.41,6.4,6.39,6.38,31030,35900,132960,107200,183600,6.43,6.44,6.45,6.46,6.47,68500,150200,109600,104200,324200
132503000,6.43,19704356,126510455.88,6.42,6.41,6.4,6.39,6.38,31030,35900,132960,107200,183600,6.43,6.44,6.45,6.46,6.47,55800,150200,109600,104200,324200
132506000,6.42,19706456,126523937.88,6.42,6.41,6.4,6.39,6.38,28930,35900,132960,107200,183600,6.43,6.44,6.45,6.46,6.47,57000,150200,109600,104200,324200
132524000,6.42,19710556,126550298.88,6.42,6.41,6.4,6.39,6.38,39430,35900,132960,107200,183600,6.43,6.44,6.45,6.46,6.47,54600,150200,105100,104200,324200
132527000,6.42,19715256,126580506.88,6.42,6.41,6.4,6.39,6.38,40230,35900,134360,107200,183600,6.43,6.44,6.45,6.46,6.47,50300,150200,105100,104200,324200
132530000,6.42,19715356,126581148.88,6.42,6.41,6.4,6.39,6.38,40130,35900,134360,107200,183600,6.43,6.44,6.45,6.46,6.47,51000,150200,105100,104200,324200
132533000,6.42,19715556,126582433.88,6.42,6.41,6.4,6.39,6.38,40030,35900,134360,107200,183600,6.43,6.44,6.45,6.46,6.47,51000,150200,105100,104200,324200
132551000,6.42,19717956,126597852.88,6.42,6.41,6.4,6.39,6.38,39730,35900,134360,107200,183600,6.43,6.44,6.45,6.46,6.47,55500,151200,105100,104200,324200
132554000,6.42,19725356,126645384.88,6.42,6.41,6.4,6.39,6.38,34730,35900,134360,107200,183600,6.43,6.44,6.45,6.46,6.47,53100,151200,105100,104200,324200
132557000,6.42,19725356,126645384.88,6.42,6.41,6.4,6.39,6.38,34730,35900,134360,107200,183600,6.43,6.44,6.45,6.46,6.47,53300,151200,105100,104200,324200
132600000,6.42,19725356,126645384.88,6.42,6.41,6.4,6.39,6.38,34730,35900,134360,107200,183600,6.43,6.44,6.45,6.46,6.47,53400,151200,105100,104200,324200
132618000,6.42,19730256,126676867.88,6.42,6.41,6.4,6.39,6.38,32830,41700,134360,107200,183600,6.43,6.44,6.45,6.46,6.47,51900,151200,106100,104200,324200
132621000,6.42,19732256,126689725.88,6.42,6.41,6.4,6.39,6.38,32630,42000,134360,107200,183600,6.43,6.44,6.45,6.46,6.47,50100,151200,106100,104200,324200
132624000,6.43,19732356,126690368.88,6.42,6.41,6.4,6.39,6.38,32630,42000,134360,107200,183600,6.43,6.44,6.45,6.46,6.47,50000,151200,106100,104200,324200
132627000,6.42,19733756,126699356.88,6.42,6.41,6.4,6.39,6.38,31230,43000,134360,107200,183600,6.43,6.44,6.45,6.46,6.47,50000,151200,106100,104200,324200
132654000,6.43,19742456,126755282.88,6.42,6.41,6.4,6.39,6.38,40930,46400,135360,107200,183900,6.43,6.44,6.45,6.46,6.47,47900,151200,106100,104200,324200
132712000,6.43,19745156,126772629.88,6.42,6.41,6.4,6.39,6.38,39830,47700,135360,107300,183900,6.43,6.44,6.45,6.46,6.47,47800,151200,106100,106600,324200
132715000,6.43,19745156,126772629.88,6.42,6.41,6.4,6.39,6.38,42830,47700,135360,107300,183900,6.43,6.44,6.45,6.46,6.47,47800,151200,106100,106600,324200
132718000,6.43,19745256,126773272.88,6.42,6.41,6.4,6.39,6.38,46530,49700,136760,107300,183900,6.43,6.44,6.45,6.46,6.47,51100,151200,106100,106600,324200
132739000,6.43,19747156,126785475.88,6.42,6.41,6.4,6.39,6.38,47130,50500,136760,107300,183900,6.43,6.44,6.45,6.46,6.47,51800,151200,106100,104200,324200
132742000,6.43,19747456,126787404.88,6.42,6.41,6.4,6.39,6.38,47130,50500,136760,107300,183900,6.43,6.44,6.45,6.46,6.47,51500,151200,106100,104200,324200
132745000,6.43,19748956,126797049.88,6.42,6.41,6.4,6.39,6.38,47230,50500,136760,107300,183900,6.43,6.44,6.45,6.46,6.47,50000,151200,106100,104200,324200
132806000,6.42,19766756,126911443.88,6.42,6.41,6.4,6.39,6.38,50030,45300,136760,107300,183900,6.43,6.44,6.45,6.46,6.47,41000,151200,106100,104200,326600
132809000,6.43,19768156,126920445.88,6.42,6.41,6.4,6.39,6.38,55230,45300,136760,107300,183900,6.43,6.44,6.45,6.46,6.47,39800,151200,106100,104200,326600
132812000,6.43,19768456,126922373.88,6.42,6.41,6.4,6.39,6.38,53130,45300,136760,107300,183900,6.43,6.44,6.45,6.46,6.47,39600,152600,106100,104200,326600
132815000,6.43,19768456,126922373.88,6.42,6.41,6.4,6.39,6.38,53130,45300,136760,107300,183900,6.43,6.44,6.45,6.46,6.47,39600,152600,106100,104200,324200
132833000,6.43,19779156,126991157.88,6.42,6.41,6.4,6.39,6.38,55130,45300,136760,107300,184700,6.43,6.44,6.45,6.46,6.47,31900,152600,106100,104200,324200
132836000,6.42,19779456,126993083.88,6.42,6.41,6.4,6.39,6.38,54830,45300,136760,107300,184700,6.43,6.44,6.45,6.46,6.47,31900,152600,106100,104200,324200
132839000,6.42,19779456,126993083.88,6.42,6.41,6.4,6.39,6.38,54830,48700,136760,107300,184700,6.43,6.44,6.45,6.46,6.47,32300,152600,106100,104200,331600
132842000,6.43,19779656,126994369.88,6.42,6.41,6.4,6.39,6.38,54830,48700,136760,107300,184700,6.43,6.44,6.45,6.46,6.47,82100,152600,106100,104200,331600
132903000,6.43,19795856,127098512.88,6.42,6.41,6.4,6.39,6.38,68230,50100,138760,107300,184800,6.43,6.44,6.45,6.46,6.47,72700,152600,106100,104200,324200
132906000,6.42,19797256,127107500.88,6.42,6.41,6.4,6.39,6.38,71030,50100,138760,104300,184800,6.43,6.44,6.45,6.46,6.47,72800,152600,106100,104200,324200
132909000,6.42,19797256,127107500.88,6.42,6.41,6.4,6.39,6.38,75630,50100,138760,104300,184800,6.43,6.44,6.45,6.46,6.47,72800,152600,106100,104200,324200
132927000,6.42,19839056,127375960.88,6.42,6.41,6.4,6.39,6.38,44230,54000,139060,104300,184700,6.43,6.44,6.45,6.46,6.47,144600,151100,106100,104200,342900
132930000,6.42,19845056,127414480.88,6.42,6.41,6.4,6.39,6.38,39230,54000,139060,104300,184700,6.43,6.44,6.45,6.46,6.47,145100,151100,106100,104200,342900
132933000,6.42,19846856,127426038.88,6.42,6.41,6.4,6.39,6.38,37630,54000,139060,104300,184700,6.43,6.44,6.45,6.46,6.47,144900,151100,106100,104200,342900
132936000,6.42,19846856,127426038.88,6.42,6.41,6.4,6.39,6.38,39430,54000,139060,104300,184700,6.43,6.44,6.45,6.46,6.47,146000,151100,106100,104200,342900
132954000,6.43,19852556,127462675.88,6.42,6.41,6.4,6.39,6.38,65730,59300,139060,104300,184700,6.43,6.44,6.45,6.46,6.47,148600,151100,106100,104200,342900
133000000,6.42,19853356,127467812.88,6.42,6.41,6.4,6.39,6.38,67030,59300,140560,104300,184700,6.43,6.44,6.45,6.46,6.47,148600,151100,106100,104200,342900
133003000,6.43,19853756,127470384.88,6.42,6.41,6.4,6.39,6.38,67030,59300,140560,104300,184700,6.43,6.44,6.45,6.46,6.47,148700,151100,106100,104200,342900
133021000,6.42,19855956,127484510.88,6.42,6.41,6.4,6.39,6.38,66330,59300,140560,104300,184700,6.43,6.44,6.45,6.46,6.47,150900,151100,106100,104200,342900
133024000,6.43,19856056,127485153.88,6.42,6.41,6.4,6.39,6.38,66330,59300,140560,104300,184700,6.43,6.44,6.45,6.46,6.47,150300,151100,106100,104200,342900
133027000,6.42,19857356,127493499.88,6.42,6.41,6.4,6.39,6.38,65030,59300,141260,104300,184700,6.43,6.44,6.45,6.46,6.47,151300,151100,106100,104200,342900
133030000,6.42,19857456,127494141.88,6.42,6.41,6.4,6.39,6.38,64930,59300,141260,104300,184700,6.43,6.44,6.45,6.46,6.47,151400,151100,106100,104200,324200
133048000,6.42,19863656,127533994.88,6.42,6.41,6.4,6.39,6.38,67530,60700,143260,104300,184700,6.43,6.44,6.45,6.46,6.47,146700,151100,106100,104200,324200
133051000,6.42,19863756,127534636.88,6.42,6.41,6.4,6.39,6.38,70430,70700,143260,104300,184700,6.43,6.44,6.45,6.46,6.47,146700,151100,106100,104200,324200
133057000,6.43,19873856,127599579.88,6.42,6.41,6.4,6.39,6.38,70530,70700,143260,104300,184700,6.43,6.44,6.45,6.46,6.47,141500,151100,106100,104200,324200
133115000,6.43,19880556,127642637.88,6.42,6.41,6.4,6.39,6.38,72330,71700,143260,104300,184700,6.43,6.44,6.45,6.46,6.47,136600,160800,106100,104200,324200
133118000,6.43,19880556,127642637.88,6.42,6.41,6.4,6.39,6.38,74330,71900,143260,104300,184700,6.43,6.44,6.45,6.46,6.47,136600,160800,106100,104200,324200
133121000,6.43,19880856,127644566.88,6.42,6.41,6.4,6.39,6.38,90930,73800,143260,104300,184700,6.43,6.44,6.45,6.46,6.47,136300,160800,106100,104200,324200
133124000,6.43,19880856,127644566.88,6.42,6.41,6.4,6.39,6.38,91130,73800,143260,104300,184700,6.43,6.44,6.45,6.46,6.47,146900,160800,106100,104200,324200
133142000,6.43,19884356,127667058.88,6.42,6.41,6.4,6.39,6.38,96430,75800,143360,104300,184700,6.43,6.44,6.45,6.46,6.47,151300,173300,106100,104200,324200
133145000,6.43,19884456,127667701.88,6.42,6.41,6.4,6.39,6.38,95430,74800,143360,104300,184700,6.43,6.44,6.45,6.46,6.47,152200,173300,106100,104200,324200
133148000,6.42,19885856,127676689.88,6.42,6.41,6.4,6.39,6.38,96830,74800,143360,104300,184700,6.43,6.44,6.45,6.46,6.47,152200,173300,106100,104200,324200
133151000,6.42,19885956,127677331.88,6.42,6.41,6.4,6.39,6.38,96730,74800,143360,104300,184700,6.43,6.44,6.45,6.46,6.47,152200,154600,106100,100200,324200
133209000,6.43,19889056,127697250.88,6.42,6.41,6.4,6.39,6.38,95330,74800,143960,107500,184700,6.43,6.44,6.45,6.46,6.47,153900,158600,106100,100200,324200
133212000,6.43,19893356,127724892.88,6.42,6.41,6.4,6.39,6.38,94630,74800,143960,107500,184700,6.43,6.44,6.45,6.46,6.47,150400,158600,106100,100200,324200
133215000,6.43,19894056,127729393.88,6.42,6.41,6.4,6.39,6.38,94630,74800,143960,107500,184700,6.43,6.44,6.45,6.46,6.47,150100,158600,106100,100200,324200
133218000,6.43,19894056,127729393.88,6.42,6.41,6.4,6.39,6.38,94630,74800,143960,107500,185200,6.43,6.44,6.45,6.46,6.47,150200,158600,106100,100200,324200
133236000,6.42,19909556,127828912.88,6.42,6.41,6.4,6.39,6.38,80730,75300,143960,107500,185200,6.43,6.44,6.45,6.46,6.47,150400,158600,104200,100200,324200
133242000,6.43,19910656,127835982.88,6.42,6.41,6.4,6.39,6.38,80530,73400,143960,107500,185200,6.43,6.44,6.45,6.46,6.47,150700,158600,104200,100200,324200
133245000,6.42,19913756,127855884.88,6.42,6.41,6.4,6.39,6.38,81730,73400,143960,108000,185200,6.43,6.44,6.45,6.46,6.47,150700,158600,104200,100200,324200
133303000,6.42,20009686,128471822.48,6.41,6.4,6.39,6.38,6.37,75300,143960,108000,193200,192300,6.42,6.43,6.44,6.45,6.46,19000,208200,156100,104200,100200
133306000,6.41,20010986,128480155.48,6.41,6.4,6.39,6.38,6.37,74200,143960,108000,193200,192300,6.42,6.43,6.44,6.45,6.46,20400,208200,156100,104200,100200
133309000,6.42,20011186,128481438.48,6.41,6.4,6.39,6.38,6.37,74100,143960,108000,193200,192300,6.42,6.43,6.44,6.45,6.46,21500,208200,156100,104200,100200
133312000,6.42,20011286,128482080.48,6.41,6.4,6.39,6.38,6.37,75500,145960,108000,193200,192300,6.42,6.43,6.44,6.45,6.46,21400,208200,155600,104200,100200
133330000,6.41,20030886,128607846.48,6.41,6.4,6.39,6.38,6.37,94000,146560,108000,193200,192300,6.42,6.43,6.44,6.45,6.46,9100,207600,155600,104200,100200
133333000,6.42,20031086,128609130.48,6.41,6.4,6.39,6.38,6.37,94500,146560,108000,193200,192300,6.42,6.43,6.44,6.45,6.46,9800,204900,155600,104200,100200
133336000,6.41,20031586,128612335.48,6.41,6.4,6.39,6.38,6.37,94000,146160,108000,193200,192300,6.42,6.43,6.44,6.45,6.46,10400,204900,155600,104200,100200
133339000,6.42,20032686,128619387.48,6.41,6.4,6.39,6.38,6.37,93000,146160,108000,193200,192300,6.42,6.43,6.44,6.45,6.46,11000,204900,155600,104200,100200
133357000,6.42,20037786,128652084.48,6.41,6.4,6.39,6.38,6.37,88800,164660,108500,193200,192300,6.42,6.43,6.44,6.45,6.46,11900,223500,155600,104200,100200
133400000,6.42,20037786,128652084.48,6.41,6.4,6.39,6.38,6.37,88900,164660,108500,193200,192300,6.42,6.43,6.44,6.45,6.46,11900,223500,155600,104200,100200
133403000,6.41,20038486,128656573.48,6.41,6.4,6.39,6.38,6.37,88900,165660,108500,193200,192300,6.42,6.43,6.44,6.45,6.46,13900,223600,155600,104200,100200
133406000,6.42,20042186,128680327.48,6.41,6.4,6.39,6.38,6.37,91500,165660,108500,193200,202300,6.42,6.43,6.44,6.45,6.46,15300,223600,155600,104200,100200
133424000,6.42,20048786,128722684.48,6.41,6.4,6.39,6.38,6.37,91700,169460,108500,193800,202300,6.42,6.43,6.44,6.45,6.46,9400,205000,155600,104200,101800
133427000,6.41,20062186,128808579.48,6.41,6.4,6.39,6.38,6.37,78400,169460,108500,193800,202300,6.42,6.43,6.44,6.45,6.46,10400,205000,154300,104200,101800
133433000,6.42,20062886,128813067.48,6.41,6.4,6.39,6.38,6.37,85000,169460,108500,193800,202300,6.42,6.43,6.44,6.45,6.46,11100,205000,154300,104200,101800
133451000,6.41,20070586,128862450.48,6.41,6.4,6.39,6.38,6.37,79800,169460,108500,214300,202300,6.42,6.43,6.44,6.45,6.46,8600,205500,154300,104200,101800
133454000,6.42,20074086,128884920.48,6.41,6.4,6.39,6.38,6.37,84800,169960,108500,214300,202300,6.42,6.43,6.44,6.45,6.46,6000,205400,154300,104200,101800
133457000,6.42,20074086,128884920.48,6.41,6.4,6.39,6.38,6.37,84800,169960,108500,214300,202300,6.42,6.43,6.44,6.45,6.46,6000,204900,154300,104200,101800
133500000,6.42,20074086,128884920.48,6.41,6.4,6.39,6.38,6.37,84800,169960,108500,214300,202300,6.42,6.43,6.44,6.45,6.46,6100,204900,154300,104200,101800
133518000,6.42,20077086,128904165.48,6.41,6.4,6.39,6.38,6.37,101600,172460,111500,214300,202900,6.42,6.43,6.44,6.45,6.46,6400,204200,154300,104200,101800
133521000,6.42,20077086,128904165.48,6.41,6.4,6.39,6.38,6.37,128300,184460,112000,214300,202900,6.42,6.43,6.44,6.45,6.46,6400,204200,154300,104200,101800
133524000,6.42,20078686,128914437.48,6.41,6.4,6.39,6.38,6.37,127400,187960,112000,214300,202900,6.42,6.43,6.44,6.45,6.46,5000,204700,154300,104200,101800
133527000,6.41,20082186,128936893.48,6.41,6.4,6.39,6.38,6.37,133000,182460,112000,214300,202900,6.42,6.43,6.44,6.45,6.46,3900,204700,154300,104200,101800
133545000,6.42,20089286,128982501.48,6.41,6.4,6.39,6.38,6.37,134200,180160,112000,214300,202900,6.43,6.44,6.45,6.46,6.47,208400,154300,104200,101800,324200
133548000,6.41,20090586,128990834.48,6.41,6.4,6.39,6.38,6.37,132900,180160,112000,214300,202900,6.43,6.44,6.45,6.46,6.47,208800,154300,104200,101800,324200
133551000,6.43,20090686,128991477.48,6.41,6.4,6.39,6.38,6.37,132900,180160,112000,214300,202900,6.43,6.44,6.45,6.46,6.47,208700,154300,104200,101800,324200
133554000,6.43,20090686,128991477.48,6.41,6.4,6.39,6.38,6.37,132900,180160,112000,224300,202900,6.43,6.44,6.45,6.46,6.47,208700,154300,104200,101800,324200
133612000,6.42,20128586,129234930.48,6.41,6.4,6.39,6.38,6.37,114400,180160,112200,225100,212900,6.42,6.43,6.44,6.45,6.46,2000,117300,155000,104200,101800
133615000,6.42,20131986,129256751.48,6.42,6.41,6.4,6.39,6.38,28500,88300,180160,112200,225100,6.43,6.44,6.45,6.46,6.47,117900,155000,104200,101800,324200
133618000,6.42,20135286,129277937.48,6.42,6.41,6.4,6.39,6.38,28900,88300,180160,112200,225100,6.43,6.44,6.45,6.46,6.47,117700,155000,104200,101800,324200
133621000,6.43,20135586,129279865.48,6.42,6.41,6.4,6.39,6.38,33400,88300,180160,112200,225100,6.43,6.44,6.45,6.46,6.47,117500,155000,104200,101800,324200
133642000,6.43,20141486,129317746.48,6.42,6.41,6.4,6.39,6.38,45800,77600,180160,110400,225400,6.43,6.44,6.45,6.46,6.47,128600,155000,104200,101800,324200
133648000,6.42,20148486,129362705.48,6.42,6.41,6.4,6.39,6.38,41100,77600,180160,110400,225400,6.43,6.44,6.45,6.46,6.47,127800,155000,104200,101800,324200
133706000,6.43,20165386,129471372.48,6.42,6.41,6.4,6.39,6.38,48200,76800,180160,110400,225400,6.43,6.44,6.45,6.46,6.47,113300,156300,104200,101800,324200
133709000,6.42,20166686,129479718.48,6.42,6.41,6.4,6.39,6.38,46900,76800,180160,110400,225400,6.43,6.44,6.45,6.46,6.47,113300,156300,104200,101800,324200
133712000,6.43,20166886,129481003.48,6.42,6.41,6.4,6.39,6.38,46800,76800,180160,110400,225400,6.43,6.44,6.45,6.46,6.47,113200,156300,104900,101800,324200
133715000,6.43,20166886,129481003.48,6.42,6.41,6.4,6.39,6.38,46800,76800,180160,110400,225400,6.43,6.44,6.45,6.46,6.47,113600,156300,104900,101800,324200
133733000,6.44,20296486,130314381.48,6.43,6.42,6.41,6.4,6.39,100,46600,71000,182160,110400,6.44,6.45,6.46,6.47,6.48,151100,107700,101800,324200,314100
133736000,6.42,20297086,130318234.48,6.43,6.42,6.41,6.4,6.39,300,46100,70700,182160,110400,6.44,6.45,6.46,6.47,6.48,151100,107700,101800,324200,314100
133739000,6.42,20297086,130318234.48,6.43,6.42,6.41,6.4,6.39,300,46200,68800,182160,110400,6.44,6.45,6.46,6.47,6.48,151100,107700,101800,324200,314100
133742000,6.44,20297286,130319522.48,6.43,6.42,6.41,6.4,6.39,300,43500,68800,182160,110400,6.44,6.45,6.46,6.47,6.48,150900,107700,101800,324200,314100
133800000,6.43,20321486,130475138.48,6.42,6.41,6.4,6.39,6.38,39000,70500,182160,110400,229100,6.43,6.44,6.45,6.46,6.47,3300,149600,107700,101800,324900
133803000,6.43,20321686,130476424.48,6.42,6.41,6.4,6.39,6.38,42500,70500,183160,109400,229100,6.43,6.44,6.45,6.46,6.47,4500,152500,107700,171800,324900
133806000,6.43,20321686,130476424.48,6.42,6.41,6.4,6.39,6.38,42800,70500,183160,109400,229100,6.43,6.44,6.45,6.46,6.47,4500,152500,107700,171800,324900
133809000,6.42,20322986,130484770.48,6.42,6.41,6.4,6.39,6.38,41500,70500,183160,109400,229100,6.43,6.44,6.45,6.46,6.47,5500,152500,107700,174600,324900
133827000,6.42,20329786,130528473.48,6.42,6.41,6.4,6.39,6.38,45500,66100,181360,109400,228400,6.43,6.44,6.45,6.46,6.47,2300,152500,107700,178900,324900
133830000,6.42,20329886,130529115.48,6.42,6.41,6.4,6.39,6.38,45400,60600,181360,109600,228400,6.43,6.44,6.45,6.46,6.47,2800,152500,107700,178900,324900
133833000,6.43,20329986,130529758.48,6.42,6.41,6.4,6.39,6.38,46400,60600,181360,109600,228400,6.43,6.44,6.45,6.46,6.47,3900,152500,107700,178900,324900
133836000,6.43,20329986,130529758.48,6.42,6.41,6.4,6.39,6.38,46400,61100,181360,109600,228400,6.43,6.44,6.45,6.46,6.47,6700,152500,107700,178900,324900
133854000,6.43,20334386,130558036.48,6.42,6.41,6.4,6.39,6.38,50400,64100,181360,109600,228400,6.43,6.44,6.45,6.46,6.47,5600,152500,107700,178900,324900
133857000,6.43,20336786,130573468.48,6.42,6.41,6.4,6.39,6.38,50400,64100,183160,109600,228400,6.43,6.44,6.45,6.46,6.47,2700,152500,107700,178900,324900
133900000,6.43,20336786,130573468.48,6.42,6.41,6.4,6.39,6.38,50400,64100,183160,109600,228400,6.43,6.44,6.45,6.46,6.47,3000,149500,107700,178900,324900
133903000,6.43,20336986,130574754.48,6.42,6.41,6.4,6.39,6.38,50400,64100,183160,109600,228400,6.43,6.44,6.45,6.46,6.47,2800,149500,107700,178900,324900
133921000,6.43,20339486,130590816.48,6.42,6.41,6.4,6.39,6.38,52800,66100,183160,109600,228400,6.43,6.44,6.45,6.46,6.47,2400,149500,107700,178900,324900
133924000,6.43,20342386,130609463.48,6.43,6.42,6.41,6.4,6.39,1800,51400,66100,183160,109600,6.44,6.45,6.46,6.47,6.48,149900,107700,178900,324900,319100
133927000,6.43,20344486,130622964.48,6.42,6.41,6.4,6.39,6.38,51200,66100,183160,109600,229400,6.43,6.44,6.45,6.46,6.47,10200,154200,107700,178900,324900
133930000,6.43,20344486,130622964.48,6.42,6.41,6.4,6.39,6.38,51200,66100,182160,109600,229400,6.43,6.44,6.45,6.46,6.47,12700,154100,107700,178900,324900
133948000,6.42,20347986,130645456.48,6.42,6.41,6.4,6.39,6.38,49900,69500,182160,109600,229400,6.43,6.44,6.45,6.46,6.47,12800,152700,109300,178900,324900
133951000,6.43,20348286,130647384.48,6.42,6.41,6.4,6.39,6.38,50800,67500,182160,109600,229400,6.43,6.44,6.45,6.46,6.47,11200,152700,109300,178900,324900
133954000,6.42,20348486,130648668.48,6.42,6.41,6.4,6.39,6.38,51600,67500,182160,109600,229400,6.43,6.44,6.45,6.46,6.47,11200,152700,109300,178900,324900
133957000,6.43,20354786,130689177.48,6.42,6.41,6.4,6.39,6.38,51600,67500,182160,109600,229400,6.43,6.44,6.45,6.46,6.47,5200,152700,109300,178900,324900
134012000,6.43,20371086,130794042.48,6.42,6.41,6.4,6.39,6.38,52500,71100,182160,109600,229900,6.44,6.45,6.46,6.47,6.48,144000,111800,178900,324900,319100
134015000,6.43,20374386,130815261.48,6.42,6.41,6.4,6.39,6.38,53800,71100,182160,109600,229900,6.43,6.44,6.45,6.46,6.47,5700,141500,111800,178900,324900
134018000,6.43,20380686,130855770.48,6.43,6.42,6.41,6.4,6.39,8500,50600,67500,182160,109600,6.44,6.45,6.46,6.47,6.48,142100,109900,178900,324900,319100
134021000,6.44,20384186,130878306.48,6.43,6.42,6.41,6.4,6.39,10100,50600,67500,182160,109600,6.44,6.45,6.46,6.47,6.48,139000,111700,178900,324900,319100
134024000,6.44,20384186,130878306.48,6.43,6.42,6.41,6.4,6.39,10200,51500,67500,182160,109600,6.44,6.45,6.46,6.47,6.48,139000,111700,178900,324900,319100
134039000,6.44,20392886,130934319.48,6.43,6.42,6.41,6.4,6.39,9400,51500,67500,182560,109600,6.44,6.45,6.46,6.47,6.48,127600,109900,178900,324900,319100
134042000,6.43,20393086,130935606.48,6.43,6.42,6.41,6.4,6.39,10400,51500,67500,182560,109600,6.44,6.45,6.46,6.47,6.48,127500,109900,178900,324900,319100
134048000,6.43,20394386,130943965.48,6.43,6.42,6.41,6.4,6.39,9100,51900,51100,182560,109600,6.44,6.45,6.46,6.47,6.48,127500,109900,178900,324900,319100
134051000,6.44,20395586,130951692.48,6.43,6.42,6.41,6.4,6.39,9000,49900,51100,182560,109600,6.44,6.45,6.46,6.47,6.48,126400,109900,178900,324200,319100
134106000,6.44,20398486,130970368.48,6.43,6.42,6.41,6.4,6.39,40700,58600,51100,183260,109400,6.44,6.45,6.46,6.47,6.48,123800,105600,178900,324200,273400
134109000,6.43,20399786,130978727.48,6.43,6.42,6.41,6.4,6.39,39400,58600,51300,183260,109400,6.44,6.45,6.46,6.47,6.48,123800,105600,178900,324200,273400
134112000,6.44,20399986,130980015.48,6.43,6.42,6.41,6.4,6.39,39400,58600,51300,183260,109400,6.44,6.45,6.46,6.47,6.48,124000,105600,178900,324200,273400
134115000,6.44,20399986,130980015.48,6.43,6.42,6.41,6.4,6.39,39400,58600,51300,183260,109400,6.44,6.45,6.46,6.47,6.48,124000,105600,178900,324200,273400
134118000,6.44,20399986,130980015.48,6.43,6.42,6.41,6.4,6.39,39400,62000,51300,183260,109400,6.44,6.45,6.46,6.47,6.48,124000,105900,178900,324200,273400
134133000,6.44,20401686,130990949.48,6.43,6.42,6.41,6.4,6.39,39500,62000,53300,183260,109400,6.44,6.45,6.46,6.47,6.48,126800,105900,178900,331200,273400
134136000,6.44,20401686,130990949.48,6.43,6.42,6.41,6.4,6.39,39500,62000,53300,183260,109400,6.44,6.45,6.46,6.47,6.48,127300,105900,178900,331200,273400
134142000,6.44,20405686,131016705.48,6.43,6.42,6.41,6.4,6.39,39100,62000,53300,183260,109400,6.44,6.45,6.46,6.47,6.48,123700,105900,178900,331200,273400
134145000,6.44,20405686,131016705.48,6.43,6.42,6.41,6.4,6.39,40100,62000,53300,183260,109400,6.44,6.45,6.46,6.47,6.48,123700,105900,178900,331200,273400
134200000,6.44,20407286,131026995.48,6.43,6.42,6.41,6.4,6.39,44000,58700,53300,190360,109400,6.44,6.45,6.46,6.47,6.48,122000,105900,178900,331200,273400
134203000,6.44,20407386,131027639.48,6.43,6.42,6.41,6.4,6.39,44000,58700,53300,190360,109400,6.44,6.45,6.46,6.47,6.48,121900,105900,178900,331200,273400
134206000,6.44,20407386,131027639.48,6.43,6.42,6.41,6.4,6.39,44000,58700,53300,190360,109400,6.44,6.45,6.46,6.47,6.48,122300,105900,178900,331200,273400
134209000,6.43,20417886,131095244.48,6.43,6.42,6.41,6.4,6.39,42500,58700,53300,190360,109400,6.44,6.45,6.46,6.47,6.48,113300,105900,178900,331200,273400
134212000,6.44,20465786,131403719.48,6.43,6.42,6.41,6.4,6.39,42400,58700,53300,190360,109400,6.44,6.45,6.46,6.47,6.48,64700,105900,182600,331200,273400
134227000,6.43,20469886,131430107.48,6.43,6.42,6.41,6.4,6.39,45200,58700,53300,191360,109400,6.44,6.45,6.46,6.47,6.48,67200,105900,182600,331200,273400
134230000,6.43,20469886,131430107.48,6.43,6.42,6.41,6.4,6.39,45300,58700,55300,191360,109400,6.44,6.45,6.46,6.47,6.48,68200,105900,182600,331200,273400
134233000,6.44,20470086,131431395.48,6.43,6.42,6.41,6.4,6.39,46500,58700,55300,191360,109400,6.44,6.45,6.46,6.47,6.48,68000,105900,182600,331200,273400
134236000,6.44,20472386,131446207.48,6.43,6.42,6.41,6.4,6.39,43600,63700,55300,191360,109400,6.44,6.45,6.46,6.47,6.48,66800,104500,182600,331200,273400
134239000,6.44,20472386,131446207.48,6.43,6.42,6.41,6.4,6.39,43600,63700,57300,191360,109400,6.44,6.45,6.46,6.47,6.48,66900,104500,182600,331200,273400
134257000,6.44,20477086,131476460.48,6.43,6.42,6.41,6.4,6.39,57500,56000,57300,190960,109400,6.44,6.45,6.46,6.47,6.48,84700,106900,182600,331200,273400
134300000,6.44,20478286,131484188.48,6.43,6.42,6.41,6.4,6.39,57500,56000,57300,190960,109400,6.44,6.45,6.46,6.47,6.48,83500,106900,182600,331200,273400
134303000,6.44,20478786,131487408.48,6.43,6.42,6.41,6.4,6.39,67300,56000,57300,190960,109400,6.44,6.45,6.46,6.47,6.48,83000,106900,182600,331200,273400
134306000,6.44,20478786,131487408.48,6.43,6.42,6.41,6.4,6.39,78400,56000,57300,190960,109400,6.44,6.45,6.46,6.47,6.48,83500,106900,182600,331200,273400
134321000,6.44,20511386,131697338.48,6.43,6.42,6.41,6.4,6.39,91200,47500,57300,189660,109400,6.44,6.45,6.46,6.47,6.48,53300,105900,182600,331200,273400
134324000,6.44,20512986,131707642.48,6.43,6.42,6.41,6.4,6.39,94800,47500,57300,189660,109400,6.44,6.45,6.46,6.47,6.48,51700,105900,184600,331200,273400
134327000,6.43,20519286,131748189.48,6.43,6.42,6.41,6.4,6.39,92300,47500,57300,189660,109400,6.44,6.45,6.46,6.47,6.48,47900,105900,184600,331200,273400
134330000,6.44,20522586,131769441.48,6.43,6.42,6.41,6.4,6.39,92300,47500,57300,189660,109400,6.44,6.45,6.46,6.47,6.48,44700,105900,184600,331200,273400
134333000,6.44,20522786,131770729.48,6.43,6.42,6.41,6.4,6.39,97300,41100,57300,189660,109400,6.44,6.45,6.46,6.47,6.48,44500,105900,184600,331200,273400
134348000,6.44,20545986,131920124.48,6.43,6.42,6.41,6.4,6.39,98500,40500,46700,189660,109400,6.44,6.45,6.46,6.47,6.48,3600,107700,184600,331200,273400
134351000,6.45,20551086,131952981.48,6.43,6.42,6.41,6.4,6.39,98400,40500,46700,189660,109400,6.45,6.46,6.47,6.48,6.49,131600,184600,331200,273400,346800
134354000,6.44,20551886,131958133.48,6.43,6.42,6.41,6.4,6.39,99800,40400,46700,189660,109500,6.44,6.45,6.46,6.47,6.48,3800,160000,184800,327700,273400
134357000,6.43,20552986,131965214.48,6.43,6.42,6.41,6.4,6.39,126700,40400,43700,190160,109500,6.44,6.45,6.46,6.47,6.48,4400,159900,184800,327700,273400
134415000,6.44,20561686,132021212.48,6.43,6.42,6.41,6.4,6.39,123300,40400,43700,191160,109500,6.44,6.45,6.46,6.47,6.48,2100,159700,184800,327700,273400
134418000,6.44,20564886,132041820.48,6.43,6.42,6.41,6.4,6.39,123300,40400,43700,191160,109500,6.44,6.45,6.46,6.47,6.48,4900,160100,184800,327700,273400
134421000,6.44,20565086,132043108.48,6.43,6.42,6.41,6.4,6.39,127400,40400,43700,191160,109500,6.44,6.45,6.46,6.47,6.48,14400,159900,184800,327700,273400
134424000,6.44,20565086,132043108.48,6.43,6.42,6.41,6.4,6.39,127400,40400,43700,191660,109500,6.44,6.45,6.46,6.47,6.48,14400,159900,184800,327700,273400
134427000,6.44,20565086,132043108.48,6.43,6.42,6.41,6.4,6.39,127900,40400,43700,191660,109500,6.44,6.45,6.46,6.47,6.48,17100,146900,184800,327700,273400
134442000,6.44,20589186,132198103.48,6.43,6.42,6.41,6.4,6.39,104100,40400,43700,192160,109500,6.44,6.45,6.46,6.47,6.48,17600,147900,184800,327700,273400
134445000,6.44,20589286,132198747.48,6.43,6.42,6.41,6.4,6.39,104100,40400,43700,192160,109500,6.44,6.45,6.46,6.47,6.48,18500,147700,184800,327700,273400
134448000,6.43,20590586,132207106.48,6.43,6.42,6.41,6.4,6.39,102800,40400,43700,192160,109500,6.44,6.45,6.46,6.47,6.48,18600,147700,184800,327700,273400
134451000,6.44,20591286,132211613.48,6.43,6.42,6.41,6.4,6.39,102700,40400,43700,192160,109500,6.44,6.45,6.46,6.47,6.48,24400,147700,184800,327700,273400
134454000,6.44,20591286,132211613.48,6.43,6.42,6.41,6.4,6.39,105600,40400,43700,192160,109500,6.44,6.45,6.46,6.47,6.48,25300,147400,184800,327700,273400
134509000,6.44,20606586,132310126.48,6.43,6.42,6.41,6.4,6.39,110400,43900,43700,192160,109500,6.44,6.45,6.46,6.47,6.48,9100,152400,202800,327700,273400
134512000,6.43,20607886,132318487.48,6.43,6.42,6.41,6.4,6.39,109300,40400,43700,192160,109500,6.44,6.45,6.46,6.47,6.48,9800,152400,202800,327700,273400
134515000,6.43,20612286,132346818.48,6.43,6.42,6.41,6.4,6.39,108800,40400,43800,192160,109500,6.44,6.45,6.46,6.47,6.48,8700,152400,202800,327700,273400
134521000,6.43,20613786,132356463.48,6.43,6.42,6.41,6.4,6.39,107300,40400,43800,192160,109500,6.44,6.45,6.46,6.47,6.48,15700,152400,202800,327700,273400
134536000,6.44,20619586,132393760.48,6.43,6.42,6.41,6.4,6.39,131800,45600,43800,192160,109500,6.44,6.45,6.46,6.47,6.48,11600,165400,189800,327700,273400
134539000,6.44,20619986,132396336.48,6.43,6.42,6.41,6.4,6.39,131900,45200,43800,192160,109500,6.44,6.45,6.46,6.47,6.48,11900,165400,189800,327700,273400
134542000,6.44,20620286,132398268.48,6.43,6.42,6.41,6.4,6.39,131900,45200,43800,192160,109500,6.44,6.45,6.46,6.47,6.48,11800,165400,189800,327700,273400
134545000,6.44,20620386,132398912.48,6.43,6.42,6.41,6.4,6.39,131900,45200,43800,196560,109500,6.44,6.45,6.46,6.47,6.48,11700,165400,189800,327700,273400
134548000,6.43,20621686,132407271.48,6.43,6.42,6.41,6.4,6.39,135900,40000,43800,196560,109500,6.44,6.45,6.46,6.47,6.48,11700,165400,189800,327700,273400
134603000,6.43,20633686,132484530.48,6.43,6.42,6.41,6.4,6.39,135500,40400,43800,196060,109500,6.44,6.45,6.46,6.47,6.48,11900,165400,189800,327700,273400
134609000,6.43,20637986,132512179.48,6.43,6.42,6.41,6.4,6.39,131200,43400,43800,196060,109500,6.44,6.45,6.46,6.47,6.48,30700,165400,189800,327700,273400
134612000,6.44,20639886,132524397.48,6.43,6.42,6.41,6.4,6.39,126600,43400,43800,196060,109500,6.44,6.45,6.46,6.47,6.48,33700,165400,189800,327700,273400
134615000,6.43,20655586,132625348.48,6.43,6.42,6.41,6.4,6.39,110900,43400,43800,196060,109500,6.44,6.45,6.46,6.47,6.48,39800,162400,189800,327700,273400
134630000,6.43,20703086,132930847.48,6.43,6.42,6.41,6.4,6.39,49200,46800,43800,196060,109500,6.44,6.45,6.46,6.47,6.48,34800,161300,189800,327700,273400
134633000,6.44,20703286,132932135.48,6.43,6.42,6.41,6.4,6.39,49200,46800,43800,196060,110500,6.44,6.45,6.46,6.47,6.48,34600,161300,189800,327700,273400
134636000,6.43,20705386,132945638.48,6.43,6.42,6.41,6.4,6.39,48100,46800,43800,206060,110500,6.44,6.45,6.46,6.47,6.48,34600,161300,187000,327700,273400
134639000,6.43,20705386,132945638.48,6.43,6.42,6.41,6.4,6.39,53000,46800,43800,206160,110500,6.44,6.45,6.46,6.47,6.48,40800,162100,187000,327700,273400
134642000,6.44,20705586,132946926.48,6.43,6.42,6.41,6.4,6.39,54000,46800,43800,206160,110500,6.44,6.45,6.46,6.47,6.48,40600,162100,187000,327700,273400
134657000,6.43,20713186,132995834.48,6.43,6.42,6.41,6.4,6.39,77400,43400,43800,206160,110500,6.44,6.45,6.46,6.47,6.48,21700,165100,187000,327700,273400
134700000,6.43,20713186,132995834.48,6.43,6.42,6.41,6.4,6.39,83500,43400,43800,206160,110500,6.44,6.45,6.46,6.47,6.48,23400,165100,187000,327700,273400
134706000,6.44,20714186,133002271.48,6.43,6.42,6.41,6.4,6.39,83500,43400,43800,206160,110500,6.44,6.45,6.46,6.47,6.48,23800,165100,187000,327700,273400
134709000,6.43,20715486,133010630.48,6.43,6.42,6.41,6.4,6.39,82200,43400,43800,206160,110500,6.44,6.45,6.46,6.47,6.48,28200,165100,187000,327700,273400
134727000,6.44,20718786,133031853.48,6.43,6.42,6.41,6.4,6.39,84100,52000,43800,206160,109500,6.44,6.45,6.46,6.47,6.48,18800,164800,187000,327700,273400
134730000,6.43,20721486,133049214.48,6.43,6.42,6.41,6.4,6.39,81900,52000,43800,206160,109500,6.44,6.45,6.46,6.47,6.48,18800,164800,187000,327700,273400
134733000,6.44,20721686,133050501.48,6.43,6.42,6.41,6.4,6.39,81800,47000,43800,206160,109500,6.44,6.45,6.46,6.47,6.48,18700,164800,187000,327700,273400
134736000,6.44,20721686,133050501.48,6.43,6.42,6.41,6.4,6.39,81800,47000,45800,206160,109500,6.44,6.45,6.46,6.47,6.48,19300,164800,187000,327700,273400
134751000,6.43,20735086,133136770.48,6.43,6.42,6.41,6.4,6.39,73700,43800,45800,206160,109500,6.44,6.45,6.46,6.47,6.48,10100,164800,187000,327700,273400
134754000,6.44,20738286,133157372.48,6.43,6.42,6.41,6.4,6.39,80900,43800,45800,206160,109500,6.44,6.45,6.46,6.47,6.48,7500,164800,187000,327700,273400
134757000,6.44,20738386,133158016.48,6.43,6.42,6.41,6.4,6.39,80900,43800,45800,206160,109500,6.44,6.45,6.46,6.47,6.48,7500,162100,187000,327700,273400
134803000,6.44,20738586,133159304.48,6.43,6.42,6.41,6.4,6.39,81900,43800,45800,206160,109500,6.44,6.45,6.46,6.47,6.48,7600,163500,187000,327700,273400
134818000,6.44,20745386,133203064.48,6.43,6.42,6.41,6.4,6.39,82200,43800,45600,206160,109700,6.44,6.45,6.46,6.47,6.48,12600,163500,187000,327700,273400
134821000,6.44,20745586,133204352.48,6.43,6.42,6.41,6.4,6.39,82200,43800,45600,206160,109700,6.44,6.45,6.46,6.47,6.48,12400,163500,187000,327700,273400
134824000,6.44,20748986,133226248.48,6.43,6.42,6.41,6.4,6.39,82200,43800,45600,206160,109700,6.44,6.45,6.46,6.47,6.48,9000,163500,187000,327700,273400
134827000,6.43,20749586,133230106.48,6.43,6.42,6.41,6.4,6.39,81700,43800,45600,206160,109700,6.44,6.45,6.46,6.47,6.48,9000,163500,187000,327700,273400
134830000,6.43,20751786,133244261.48,6.43,6.42,6.41,6.4,6.39,80400,43800,45600,206160,109700,6.44,6.45,6.46,6.47,6.48,8200,163500,187000,327700,273400
134845000,6.44,20753586,133255839.48,6.43,6.42,6.41,6.4,6.39,79200,43800,45600,206160,109700,6.44,6.45,6.46,6.47,6.48,9500,163500,187000,327700,273400
134848000,6.43,20754886,133264198.48,6.43,6.42,6.41,6.4,6.39,77900,43800,45600,206160,109700,6.44,6.45,6.46,6.47,6.48,9600,163500,187000,327700,273400
134851000,6.44,20755886,133270638.48,6.43,6.42,6.41,6.4,6.39,77900,43800,49600,206660,110200,6.44,6.45,6.46,6.47,6.48,13600,163500,187000,327700,273400
134854000,6.44,20755886,133270638.48,6.43,6.42,6.41,6.4,6.39,77900,43800,50900,206660,110200,6.44,6.45,6.46,6.47,6.48,18000,163500,186800,327700,273400
134857000,6.43,20757986,133284141.48,6.43,6.42,6.41,6.4,6.39,75800,43800,50900,206660,110700,6.44,6.45,6.46,6.47,6.48,18200,163500,186800,327700,273400
134912000,6.44,20770386,133363982.48,6.43,6.42,6.41,6.4,6.39,72300,47500,50900,206660,110700,6.44,6.45,6.46,6.47,6.48,14100,163500,188300,329600,273400
134915000,6.44,20771186,133369127.48,6.43,6.42,6.41,6.4,6.39,71600,47500,50900,206660,110700,6.44,6.45,6.46,6.47,6.48,14000,163500,188300,329600,273400
134918000,6.43,20772386,133376843.48,6.43,6.42,6.41,6.4,6.39,70400,47500,50900,206660,110700,6.44,6.45,6.46,6.47,6.48,14000,163500,188300,329600,273400
134924000,6.44,20772986,133380707.48,6.43,6.42,6.41,6.4,6.39,69300,47500,50900,206660,110700,6.44,6.45,6.46,6.47,6.48,18000,163500,188300,329600,273400
134939000,6.43,20778486,133416106.48,6.43,6.42,6.41,6.4,6.39,75000,53000,51900,199560,110700,6.44,6.45,6.46,6.47,6.48,20900,164500,188300,327700,273400
134942000,6.44,20782886,133444442.48,6.43,6.42,6.41,6.4,6.39,75000,49300,51900,199560,110700,6.44,6.45,6.46,6.47,6.48,16600,164500,188300,327700,273400
134945000,6.44,20783186,133446374.48,6.43,6.42,6.41,6.4,6.39,82000,49300,51900,199560,110700,6.44,6.45,6.46,6.47,6.48,16600,164500,188300,327700,273400
134948000,6.43,20796686,133533279.48,6.43,6.42,6.41,6.4,6.39,73700,43800,51900,199560,110700,6.44,6.45,6.46,6.47,6.48,6900,164500,188300,327700,273400
134951000,6.44,20798186,133542926.48,6.43,6.42,6.41,6.4,6.39,72400,43800,51900,199560,110700,6.44,6.45,6.46,6.47,6.48,6700,164500,188300,327700,273400
135006000,6.44,20810386,133621466.48,6.43,6.42,6.41,6.4,6.39,74600,52400,51900,199560,109900,6.44,6.45,6.46,6.47,6.48,1200,164500,188300,327700,273400
135009000,6.44,20814386,133647213.48,6.43,6.42,6.41,6.4,6.39,73300,52400,51900,199560,109900,6.44,6.45,6.46,6.47,6.48,3400,160800,190300,327700,273400
135012000,6.44,20814486,133647857.48,6.43,6.42,6.41,6.4,6.39,73300,52400,51900,199560,109900,6.44,6.45,6.46,6.47,6.48,3900,155200,190300,327700,273400
135015000,6.44,20814486,133647857.48,6.43,6.42,6.41,6.4,6.39,74300,48800,51900,199560,109900,6.44,6.45,6.46,6.47,6.48,6600,155200,190300,327700,273400
135033000,6.44,20829486,133744419.48,6.43,6.42,6.41,6.4,6.39,73900,48800,52100,199560,109900,6.45,6.46,6.47,6.48,6.49,154900,190300,327700,273400,340500
135036000,6.44,20831686,133758589.48,6.44,6.43,6.42,6.41,6.4,22700,76600,48800,52100,199560,6.45,6.46,6.47,6.48,6.49,158200,190300,327700,273400,340500
135039000,6.44,20831686,133758589.48,6.44,6.43,6.42,6.41,6.4,22700,76600,48500,52100,199560,6.45,6.46,6.47,6.48,6.49,158200,190300,327700,273400,340500
135042000,6.45,20832486,133763743.48,6.44,6.43,6.42,6.41,6.4,22400,76600,48500,49700,199560,6.45,6.46,6.47,6.48,6.49,158000,190300,327700,274400,340500
135100000,6.44,20839386,133808180.48,6.44,6.43,6.42,6.41,6.4,20800,69800,48500,50700,199560,6.45,6.46,6.47,6.48,6.49,152300,186800,327700,274400,340500
135106000,6.45,20840786,133817204.48,6.44,6.43,6.42,6.41,6.4,20200,73000,48500,50700,199560,6.45,6.46,6.47,6.48,6.49,154900,186800,327700,277900,340500
135109000,6.44,20842186,133826220.48,6.44,6.43,6.42,6.41,6.4,18800,70100,48500,50700,199560,6.45,6.46,6.47,6.48,6.49,154900,186800,327700,277900,340500
135127000,6.45,20851386,133885523.48,6.44,6.43,6.42,6.41,6.4,27300,72000,43500,53200,199760,6.45,6.46,6.47,6.48,6.49,156800,187600,327700,277900,340500
135130000,6.44,20852786,133894539.48,6.44,6.43,6.42,6.41,6.4,25900,72000,43500,53200,199760,6.45,6.46,6.47,6.48,6.49,156800,187600,327700,277900,340500
135133000,6.45,20853186,133897118.48,6.44,6.43,6.42,6.41,6.4,25800,72000,43500,53200,199760,6.45,6.46,6.47,6.48,6.49,156500,189100,327700,277900,340500
135154000,6.45,20863586,133964184.48,6.44,6.43,6.42,6.41,6.4,73800,45200,38400,52700,199760,6.45,6.46,6.47,6.48,6.49,150900,190100,327700,277900,340500
135157000,6.44,20868886,133998339.48,6.44,6.43,6.42,6.41,6.4,71300,45200,38400,52700,199760,6.45,6.46,6.47,6.48,6.49,148600,190100,327700,277900,340500
135200000,6.44,20868886,133998339.48,6.44,6.43,6.42,6.41,6.4,71300,45400,38400,52700,199760,6.45,6.46,6.47,6.48,6.49,148600,190100,327700,277900,340500
135203000,6.44,20869986,134005425.48,6.44,6.43,6.42,6.41,6.4,70400,45500,38400,52700,198760,6.45,6.46,6.47,6.48,6.49,149400,190100,326000,277900,340500
135221000,6.44,20886486,134111760.48,6.44,6.43,6.42,6.41,6.4,60500,50700,38500,54200,198760,6.45,6.46,6.47,6.48,6.49,143500,189100,326000,278700,340500
135224000,6.45,20886686,134113050.48,6.44,6.43,6.42,6.41,6.4,70500,50700,38500,54200,198760,6.45,6.46,6.47,6.48,6.49,143300,189100,326000,278700,340500
135230000,6.44,20888386,134123998.48,6.44,6.43,6.42,6.41,6.4,72000,51700,38500,55800,198760,6.45,6.46,6.47,6.48,6.49,143500,190100,326000,278700,340500
135248000,6.44,20896086,134173624.48,6.44,6.43,6.42,6.41,6.4,78800,51000,38500,55800,198760,6.45,6.46,6.47,6.48,6.49,145200,190100,326000,278700,340500
135251000,6.44,20897486,134182640.48,6.44,6.43,6.42,6.41,6.4,77400,51000,38500,55800,198760,6.45,6.46,6.47,6.48,6.49,145200,190100,326000,278700,340500
135257000,6.44,20900186,134200030.48,6.44,6.43,6.42,6.41,6.4,72200,57000,38500,55800,198760,6.45,6.46,6.47,6.48,6.49,145100,190100,326000,278700,340500
135315000,6.45,20909786,134261857.48,6.44,6.43,6.42,6.41,6.4,45400,59200,38500,51800,198760,6.45,6.46,6.47,6.48,6.49,150600,195200,326000,278700,340500
135318000,6.45,20909786,134261857.48,6.44,6.43,6.42,6.41,6.4,49000,59200,38500,51800,203560,6.45,6.46,6.47,6.48,6.49,150700,195200,326000,278700,340500
135321000,6.45,20920386,134330227.48,6.44,6.43,6.42,6.41,6.4,50900,59200,38500,51800,203560,6.45,6.46,6.47,6.48,6.49,140100,195200,326000,278700,340500
135324000,6.45,20921286,134336032.48,6.44,6.43,6.42,6.41,6.4,50900,59200,38500,51800,203560,6.45,6.46,6.47,6.48,6.49,139200,195200,326000,278700,340500
135342000,6.45,20937086,134437794.48,6.44,6.43,6.42,6.41,6.4,46200,65700,38500,52800,203560,6.45,6.46,6.47,6.48,6.49,140600,193600,326000,278700,340500
135345000,6.44,20937886,134442946.48,6.44,6.43,6.42,6.41,6.4,45400,65700,38500,52800,204460,6.45,6.46,6.47,6.48,6.49,142600,194300,326000,278700,340500
135348000,6.44,20940686,134460978.48,6.44,6.43,6.42,6.41,6.4,42600,65700,38500,52800,204460,6.45,6.46,6.47,6.48,6.49,143500,194300,326000,278700,340500
135351000,6.44,20940786,134461622.48,6.44,6.43,6.42,6.41,6.4,43500,65700,38500,52800,204460,6.45,6.46,6.47,6.48,6.49,144500,194300,326000,280200,340500
135409000,6.44,20956986,134566057.48,6.44,6.43,6.42,6.41,6.4,48000,68100,38500,52300,204460,6.45,6.46,6.47,6.48,6.49,134300,194300,326000,280200,340500
135412000,6.45,20957286,134567991.48,6.44,6.43,6.42,6.41,6.4,48400,68100,38500,52300,204460,6.45,6.46,6.47,6.48,6.49,134200,194300,326000,280200,340500
135415000,6.45,20957286,134567991.48,6.44,6.43,6.42,6.41,6.4,71600,67900,38500,52300,204460,6.45,6.46,6.47,6.48,6.49,128600,194300,326000,280200,340500
135418000,6.45,20957286,134567991.48,6.44,6.43,6.42,6.41,6.4,77700,67900,39700,52300,204460,6.45,6.46,6.47,6.48,6.49,128700,194300,326000,280200,340500
135436000,6.44,21126486,135658428.48,6.44,6.43,6.42,6.41,6.4,13800,77900,36300,53300,204460,6.45,6.46,6.47,6.48,6.49,24800,192800,326000,280200,340500
135439000,6.45,21151286,135818388.48,6.44,6.43,6.42,6.41,6.4,15700,77900,36300,53600,207660,6.46,6.47,6.48,6.49,6.5,192800,326000,280200,340500,373300
135442000,6.46,21152286,135824832.48,6.44,6.43,6.42,6.41,6.4,45600,77900,36300,53600,207660,6.46,6.47,6.48,6.49,6.5,197300,326000,280200,340500,373300
135445000,6.44,21152386,135825476.48,6.44,6.43,6.42,6.41,6.4,55500,76100,36300,53600,207660,6.46,6.47,6.48,6.49,6.5,198300,329000,280200,340500,373300
135503000,6.45,21183286,136024868.48,6.45,6.44,6.43,6.42,6.41,16100,63800,76100,36300,55900,6.46,6.47,6.48,6.49,6.5,188400,331900,280200,340500,373300
135506000,6.45,21183286,136024868.48,6.45,6.44,6.43,6.42,6.41,16100,64100,76100,36300,55300,6.46,6.47,6.48,6.49,6.5,188400,311900,280200,340500,373300
135509000,6.45,21184586,136033253.48,6.45,6.44,6.43,6.42,6.41,14800,64100,76100,36300,55300,6.46,6.47,6.48,6.49,6.5,188400,311900,280200,340500,373300
135512000,6.46,21186386,136044865.48,6.45,6.44,6.43,6.42,6.41,23400,64100,76100,36300,53300,6.46,6.47,6.48,6.49,6.5,188900,311900,280200,340500,373300
135530000,6.45,21195486,136103604.48,6.45,6.44,6.43,6.42,6.41,21500,65200,76900,38300,198100,6.46,6.47,6.48,6.49,6.5,180800,315000,280300,340500,374100
135533000,6.46,21195686,136104896.48,6.45,6.44,6.43,6.42,6.41,21500,70700,76900,38300,198100,6.46,6.47,6.48,6.49,6.5,184900,315000,280300,390500,374100
135536000,6.45,21198686,136124246.48,6.45,6.44,6.43,6.42,6.41,18500,70700,76900,38300,198100,6.46,6.47,6.48,6.49,6.5,184900,315000,280300,390500,374100
135539000,6.46,21198886,136125538.48,6.45,6.44,6.43,6.42,6.41,18500,70700,76900,38300,198100,6.46,6.47,6.48,6.49,6.5,188600,315000,280300,390500,374100
135557000,6.45,21203386,136154573.48,6.45,6.44,6.43,6.42,6.41,22400,110700,75900,38300,198100,6.46,6.47,6.48,6.49,6.5,187500,314000,280300,390500,374100
135600000,6.45,21203486,136155218.48,6.45,6.44,6.43,6.42,6.41,22300,110700,75900,38300,198100,6.46,6.47,6.48,6.49,6.5,187500,314000,280300,390500,374100
135603000,6.45,21205286,136166830.48,6.45,6.44,6.43,6.42,6.41,20200,110700,75700,38300,198100,6.46,6.47,6.48,6.49,6.5,187300,314000,280300,390500,374100
135606000,6.45,21210686,136201660.48,6.45,6.44,6.43,6.42,6.41,18400,110700,75700,38300,198100,6.46,6.47,6.48,6.49,6.5,187300,314000,280300,390500,374100
135624000,6.45,21252186,136469296.48,6.45,6.44,6.43,6.42,6.41,6600,106600,76300,38300,198100,6.46,6.47,6.48,6.49,6.5,190700,314000,280300,390500,376100
135627000,6.45,21253186,136475746.48,6.45,6.44,6.43,6.42,6.41,9600,106500,76300,38300,198100,6.46,6.47,6.48,6.49,6.5,190700,314000,280300,390500,376100
135630000,6.45,21254486,136484131.48,6.45,6.44,6.43,6.42,6.41,8300,106500,75800,38300,198100,6.46,6.47,6.48,6.49,6.5,190900,314000,280300,390500,376100
135633000,6.46,21254686,136485423.48,6.45,6.44,6.43,6.42,6.41,11900,106500,75800,38300,198100,6.46,6.47,6.48,6.49,6.5,190800,314000,280300,390500,376100
135651000,6.45,21263086,136539606.48,6.45,6.44,6.43,6.42,6.41,12400,120300,77200,38200,198100,6.46,6.47,6.48,6.49,6.5,192000,320000,280300,390500,376100
135654000,6.46,21263286,136540898.48,6.45,6.44,6.43,6.42,6.41,15400,120300,73200,38200,198100,6.46,6.47,6.48,6.49,6.5,192200,322000,280300,390500,376100
135657000,6.45,21264086,136546058.48,6.45,6.44,6.43,6.42,6.41,33200,120300,73200,38200,196300,6.46,6.47,6.48,6.49,6.5,192200,322000,280300,390500,376100
135700000,6.45,21264086,136546058.48,6.45,6.44,6.43,6.42,6.41,33500,120300,73200,38200,196300,6.46,6.47,6.48,6.49,6.5,192200,322100,280300,390500,376100
135718000,6.46,21268486,136574443.48,6.45,6.44,6.43,6.42,6.41,38600,118400,74200,38200,196600,6.46,6.47,6.48,6.49,6.5,194000,322100,280300,390500,376100
135721000,6.46,21268786,136576381.48,6.45,6.44,6.43,6.42,6.41,38600,118400,74200,38200,196600,6.46,6.47,6.48,6.49,6.5,193700,322100,280300,390500,376100
135724000,6.46,21268786,136576381.48,6.45,6.44,6.43,6.42,6.41,46100,118400,74200,38200,196600,6.46,6.47,6.48,6.49,6.5,193700,322100,280300,390500,376100
135727000,6.46,21282986,136668105.48,6.45,6.44,6.43,6.42,6.41,61200,107500,74200,38200,196600,6.46,6.47,6.48,6.49,6.5,180400,322100,280300,390500,376100
135745000,6.46,21306786,136821788.48,6.45,6.44,6.43,6.42,6.41,73300,107500,67400,38200,196600,6.46,6.47,6.48,6.49,6.5,166000,322700,280300,390500,376100
135748000,6.46,21308386,136832124.48,6.45,6.44,6.43,6.42,6.41,85200,107500,67400,38200,196600,6.46,6.47,6.48,6.49,6.5,164400,322700,280300,390500,376100
135751000,6.45,21338086,137023919.48,6.45,6.44,6.43,6.42,6.41,79500,107500,67400,38200,196600,6.46,6.47,6.48,6.49,6.5,140400,322700,280300,390500,376100
135754000,6.45,21346386,137077525.48,6.45,6.44,6.43,6.42,6.41,78300,107500,62000,38200,196600,6.46,6.47,6.48,6.49,6.5,133300,322700,280300,390500,376100
135812000,6.45,21409886,137487686.48,6.45,6.44,6.43,6.42,6.41,94200,86800,62000,38200,196600,6.46,6.47,6.48,6.49,6.5,76000,322700,290800,390500,376100
135815000,6.45,21419086,137547086.48,6.45,6.44,6.43,6.42,6.41,91000,83200,58600,38200,196600,6.46,6.47,6.48,6.49,6.5,70000,322900,290800,390500,376100
135818000,6.46,21428086,137605226.48,6.45,6.44,6.43,6.42,6.41,95400,83200,58600,38200,196600,6.46,6.47,6.48,6.49,6.5,61200,322900,290800,390500,376100
