timestamp,open_price,high_price,low_price,close_price,volume,money
1690421400,58.55,58.55,58.55,58.55,77400,4531770.0
1690421400,58.54,58.54,58.54,58.54,100,5854.0
1690421401,58.54,58.55,58.49,58.52,17500,1024107.0
1690421402,58.53,58.54,58.44,58.54,15200,889268.0
1690421403,58.52,58.54,58.5,58.5,3300,193139.0
1690421404,58.51,58.53,58.51,58.53,7000,409694.0
1690421405,58.49,58.54,58.49,58.51,10600,620333.0
1690421406,58.51,58.51,58.51,58.51,0,0.0
1690421407,58.51,58.54,58.51,58.54,3700,216496.0
1690421408,58.53,58.58,58.51,58.56,20100,1176741.0
1690421409,58.56,58.56,58.56,58.56,1500,87840.0
1690421410,58.56,58.56,58.56,58.56,0,0.0
1690421411,58.56,58.56,58.56,58.56,0,0.0
1690421412,58.56,58.56,58.56,58.56,0,0.0
1690421413,58.61,58.61,58.58,58.58,5100,298809.0
1690421414,58.61,58.65,58.58,58.61,5100,299000.0
1690421415,58.58,58.59,58.57,58.57,17600,1031005.0
1690421416,58.58,58.58,58.58,58.58,400,23432.0
1690421417,58.58,58.58,58.58,58.58,0,0.0
1690421418,58.58,58.58,58.58,58.58,0,0.0
1690421419,58.55,58.55,58.53,58.53,900,52679.0
1690421420,58.52,58.57,58.52,58.57,5400,316161.0
1690421421,58.57,58.57,58.57,58.57,0,0.0
1690421422,58.57,58.58,58.53,58.55,1800,105402.0
1690421423,58.55,58.58,58.55,58.58,4000,234311.0
1690421424,58.55,58.55,58.55,58.55,300,17565.0
1690421425,58.58,58.58,58.58,58.58,500,29290.0
1690421426,58.58,58.58,58.58,58.58,0,0.0
1690421427,58.58,58.58,58.58,58.58,0,0.0
1690421428,58.58,58.75,58.53,58.75,9500,556832.0
1690421429,58.75,58.75,58.75,58.75,0,0.0
1690421430,58.65,58.65,58.57,58.57,1800,105445.0
1690421431,58.58,58.58,58.57,58.57,300,17572.0
1690421432,58.57,58.57,58.57,58.57,0,0.0
1690421433,58.65,58.65,58.58,58.58,2000,117293.0
1690421434,58.58,58.58,58.58,58.58,100,5858.0
1690421435,58.56,58.69,58.56,58.69,2200,129105.0
1690421436,58.69,58.69,58.57,58.58,3400,199407.0
1690421437,58.58,58.58,58.58,58.58,0,0.0
1690421438,58.7,58.7,58.66,58.66,4300,252374.0
1690421439,58.71,58.75,58.71,58.75,300,17621.0
1690421440,58.75,58.75,58.75,58.75,0,0.0
1690421441,58.62,58.75,58.59,58.66,17100,1003601.0
1690421442,58.75,58.75,58.67,58.67,1100,64617.0
1690421443,58.67,58.67,58.67,58.67,0,0.0
1690421444,58.75,58.78,58.66,58.75,12300,722606.0
1690421445,58.75,58.75,58.75,58.75,0,0.0
1690421446,58.77,58.77,58.75,58.75,500,29377.0
1690421447,58.75,58.77,58.75,58.77,7600,446614.0
1690421448,58.77,58.77,58.77,58.77,0,0.0
1690421449,58.77,58.77,58.77,58.77,900,52893.0
1690421450,58.77,58.79,58.77,58.79,1900,111673.0
1690421451,58.77,58.77,58.77,58.77,200,11754.0
1690421452,58.78,58.78,58.77,58.77,3500,205726.0
1690421453,58.77,58.77,58.77,58.77,0,0.0
1690421454,58.79,58.79,58.79,58.79,100,5879.0
1690421455,58.77,58.77,58.66,58.66,1000,58731.0
1690421456,58.66,58.66,58.66,58.66,0,0.0
1690421457,58.7,58.7,58.7,58.7,1700,99790.0
1690421458,58.62,58.78,58.62,58.7,2300,135005.0
1690421459,58.7,58.7,58.7,58.7,0,0.0
1690421460,58.73,58.76,58.57,58.76,9116,534497.6400000006
1690421461,58.76,58.76,58.76,58.76,0,0.0
1690421462,58.64,58.64,58.6,58.6,700,41024.0
1690421463,58.6,58.6,58.6,58.6,19200,1125120.0
1690421464,58.6,58.6,58.6,58.6,0,0.0
1690421465,58.66,58.71,58.6,58.6,6100,357589.0
1690421466,58.6,58.61,58.6,58.6,1400,82043.0
1690421467,58.6,58.6,58.6,58.6,0,0.0
1690421468,58.7,58.74,58.7,58.7,6700,393390.0
1690421469,58.7,58.7,58.7,58.7,0,0.0
1690421470,58.7,58.7,58.7,58.7,0,0.0
1690421471,58.7,58.73,58.63,58.73,6300,369805.0
1690421472,58.73,58.73,58.73,58.73,0,0.0
1690421473,58.73,58.73,58.73,58.73,0,0.0
1690421474,58.74,58.76,58.7,58.7,5300,311315.0
1690421475,58.7,58.7,58.7,58.7,0,0.0
1690421476,58.71,58.73,58.62,58.73,10300,604078.0
1690421477,58.76,58.77,58.76,58.77,1700,99903.0
1690421478,58.77,58.77,58.77,58.77,0,0.0
1690421479,58.94,58.94,58.79,58.79,2400,141261.0
1690421480,58.79,58.79,58.79,58.79,0,0.0
1690421481,58.79,58.94,58.79,58.94,1200,70706.0
1690421482,58.92,58.94,58.92,58.94,8800,518664.0
1690421483,58.94,58.94,58.94,58.94,0,0.0
1690421484,58.93,58.93,58.93,58.93,600,35358.0
1690421485,58.93,58.93,58.79,58.79,6800,399888.0
1690421486,58.79,58.79,58.79,58.79,0,0.0
1690421487,58.95,58.95,58.95,58.95,3300,194535.0
1690421488,58.95,58.95,58.95,58.95,0,0.0
1690421489,58.97,58.97,58.74,58.74,21600,1270553.0
1690421490,58.8,58.87,58.8,58.87,400,23541.0
1690421491,58.87,58.87,58.87,58.87,0,0.0
1690421492,58.94,58.94,58.87,58.87,5000,294378.0
1690421493,58.94,58.94,58.87,58.87,4900,288540.0
1690421494,58.87,58.87,58.87,58.87,0,0.0
1690421495,58.87,58.94,58.8,58.8,5400,317904.0
1690421496,58.87,58.87,58.87,58.87,1000,58870.0
1690421497,58.87,58.87,58.87,58.87,600,35322.0
1690421498,58.88,58.93,58.88,58.93,700,41243.0
1690421499,58.93,58.93,58.93,58.93,0,0.0
1690421500,58.87,58.87,58.87,58.87,200,11774.0
1690421501,58.94,58.94,58.87,58.87,3000,176750.0
1690421502,58.87,58.87,58.87,58.87,0,0.0
1690421503,58.87,58.87,58.87,58.87,0,0.0
1690421504,58.91,58.91,58.91,58.91,400,23564.0
1690421505,58.91,58.91,58.91,58.91,0,0.0
1690421506,58.91,58.91,58.91,58.91,0,0.0
1690421507,58.91,58.91,58.91,58.91,0,0.0
1690421508,58.91,58.91,58.91,58.91,0,0.0
1690421509,58.87,58.87,58.87,58.87,100,5887.0
1690421510,58.87,58.87,58.87,58.87,0,0.0
1690421511,58.9,58.91,58.9,58.91,3200,188487.0
1690421512,58.9,58.91,58.9,58.91,400,23563.0
1690421513,58.91,58.91,58.91,58.91,0,0.0
1690421514,58.91,58.92,58.9,58.9,1800,106031.0
1690421515,58.91,58.91,58.91,58.91,100,5891.0
1690421516,58.9,58.9,58.9,58.9,300,17670.0
1690421517,58.91,58.91,58.91,58.91,300,17673.0
1690421518,58.91,58.91,58.91,58.91,0,0.0
1690421519,58.89,58.89,58.89,58.89,200,11778.0
1690421520,58.89,58.89,58.87,58.87,3700,217883.0
1690421521,58.9,58.9,58.9,58.9,200,11780.0
1690421522,58.87,58.89,58.81,58.89,14500,853577.0
1690421523,58.89,58.89,58.89,58.89,17500,1030575.0
1690421524,58.83,58.88,58.83,58.88,2100,123573.0
1690421525,58.88,58.88,58.75,58.75,6800,399920.0
1690421526,58.75,58.75,58.75,58.75,0,0.0
1690421527,58.8,58.8,58.8,58.8,2100,123480.0
1690421528,58.81,58.81,58.8,58.8,1800,105842.0
1690421529,58.8,58.8,58.8,58.8,0,0.0
1690421530,58.8,58.8,58.8,58.8,400,23520.0
1690421531,58.76,58.81,58.75,58.81,1100,64668.0
1690421532,58.81,58.81,58.81,58.81,0,0.0
1690421533,58.8,58.8,58.76,58.8,800,47022.0
1690421534,58.8,58.8,58.8,58.8,0,0.0
1690421535,58.8,58.8,58.8,58.8,0,0.0
1690421536,58.83,58.87,58.83,58.87,1600,94175.0
1690421537,58.87,58.87,58.87,58.87,0,0.0
1690421538,58.88,58.89,58.88,58.89,700,41219.0
1690421539,58.89,58.89,58.89,58.89,0,0.0
1690421540,58.9,58.9,58.9,58.9,100,5890.0
1690421541,58.89,58.91,58.89,58.91,4600,270947.0
1690421542,58.91,58.91,58.9,58.9,4900,288645.0
1690421543,58.9,58.9,58.9,58.9,100,5890.0
1690421544,58.9,58.9,58.89,58.89,2100,123671.0
1690421545,58.89,58.89,58.89,58.89,0,0.0
1690421546,58.9,58.94,58.9,58.94,1800,106064.0
1690421547,58.94,58.94,58.94,58.94,100,5894.0
1690421548,58.94,58.94,58.94,58.94,0,0.0
1690421549,58.94,58.95,58.9,58.9,5500,324145.0
1690421550,58.9,58.9,58.9,58.9,0,0.0
1690421551,58.9,58.9,58.9,58.9,1100,64790.0
1690421552,58.92,58.96,58.9,58.96,7900,465685.0
1690421553,58.96,58.96,58.96,58.96,0,0.0
1690421554,58.96,58.96,58.96,58.96,0,0.0
1690421555,58.94,58.94,58.9,58.9,1400,82468.0
1690421556,58.9,58.9,58.9,58.9,0,0.0
1690421557,58.94,58.94,58.94,58.94,900,53046.0
1690421558,58.94,58.94,58.94,58.94,7500,442050.0
1690421559,58.94,58.94,58.94,58.94,2400,141456.0
1690421560,58.9,58.9,58.9,58.9,11700,689130.0
1690421561,58.91,58.91,58.91,58.91,100,5891.0
1690421562,58.91,58.91,58.91,58.91,0,0.0
1690421563,58.91,58.91,58.91,58.91,3000,176730.0
1690421564,58.91,58.91,58.91,58.91,0,0.0
1690421565,58.89,58.89,58.89,58.89,1400,82446.0
1690421566,58.89,58.89,58.89,58.89,0,0.0
1690421567,58.89,58.89,58.82,58.82,300,17660.0
1690421568,58.9,58.91,58.82,58.82,1200,70681.0
1690421569,58.82,58.82,58.82,58.82,0,0.0
1690421570,58.82,58.82,58.82,58.82,0,0.0
1690421571,58.82,58.82,58.82,58.82,0,0.0
1690421572,58.82,58.82,58.82,58.82,0,0.0
1690421573,58.89,58.89,58.89,58.89,1400,82446.0
1690421574,58.89,58.89,58.89,58.89,100,5889.0
1690421575,58.89,58.89,58.89,58.89,0,0.0
1690421576,58.9,58.9,58.89,58.89,2500,147231.0
1690421577,58.89,58.89,58.89,58.89,0,0.0
1690421578,58.9,58.9,58.89,58.89,200,11779.0
1690421579,58.89,58.91,58.89,58.91,2400,141359.0
1690421580,58.91,58.91,58.91,58.91,0,0.0
1690421581,58.89,58.89,58.89,58.89,900,53001.0
1690421582,58.88,58.91,58.86,58.91,3500,206125.0
1690421583,58.91,58.91,58.91,58.91,0,0.0
1690421584,58.89,58.9,58.88,58.9,800,47112.0
1690421585,58.86,58.86,58.86,58.86,1300,76518.0
1690421586,58.87,58.87,58.87,58.87,2100,123627.0
1690421587,58.87,58.87,58.87,58.87,0,0.0
1690421588,58.87,58.87,58.87,58.87,0,0.0
1690421589,58.86,58.86,58.86,58.86,200,11772.0
1690421590,58.86,58.86,58.86,58.86,0,0.0
1690421591,58.86,58.86,58.86,58.86,0,0.0
1690421592,58.86,58.86,58.86,58.86,0,0.0
1690421593,58.86,58.86,58.86,58.86,0,0.0
1690421594,58.86,58.86,58.86,58.86,0,0.0
1690421595,58.88,58.88,58.88,58.88,5000,294400.0
1690421596,58.88,58.88,58.88,58.88,0,0.0
1690421597,58.85,58.91,58.85,58.85,1000,58891.0
1690421598,58.85,58.85,58.85,58.85,1100,64735.0
1690421599,58.85,58.85,58.85,58.85,0,0.0
1690421600,58.87,58.87,58.87,58.87,4200,247254.0
1690421601,58.87,58.88,58.85,58.85,3500,206009.0
1690421602,58.85,58.85,58.85,58.85,0,0.0
1690421603,58.85,58.9,58.85,58.9,2000,117791.0
1690421604,58.9,58.9,58.9,58.9,0,0.0
1690421605,58.8,58.81,58.8,58.81,700,41161.0
1690421606,58.83,58.89,58.83,58.86,5700,335495.0
1690421607,58.86,58.86,58.86,58.86,0,0.0
1690421608,58.86,58.89,58.86,58.89,900,52980.0
1690421609,58.89,58.89,58.89,58.89,0,0.0
1690421610,58.89,58.89,58.89,58.89,0,0.0
1690421611,58.76,58.83,58.71,58.83,1700,99868.0
1690421612,58.83,58.86,58.83,58.86,1000,58840.0
1690421613,58.83,58.83,58.83,58.83,600,35298.0
1690421614,58.83,58.83,58.83,58.83,100,5883.0
1690421615,58.83,58.83,58.83,58.83,0,0.0
1690421616,58.83,58.83,58.83,58.83,0,0.0
1690421617,58.74,58.83,58.73,58.83,900,52881.0
1690421618,58.83,58.83,58.83,58.83,0,0.0
1690421619,58.84,58.84,58.84,58.84,100,5884.0
1690421620,58.84,58.85,58.83,58.85,500,29421.0
1690421621,58.85,58.85,58.85,58.85,0,0.0
1690421622,58.86,58.86,58.83,58.83,200,11769.0
1690421623,58.84,58.84,58.84,58.84,100,5884.0
1690421624,58.84,58.84,58.84,58.84,200,11768.0
1690421625,58.84,58.86,58.83,58.86,6000,353040.0
1690421626,58.86,58.86,58.86,58.86,0,0.0
1690421627,58.84,58.84,58.74,58.74,4500,264534.0
1690421628,58.74,58.74,58.74,58.74,0,0.0
1690421629,58.74,58.74,58.74,58.74,0,0.0
1690421630,58.75,58.75,58.75,58.75,2300,135125.0
1690421631,58.75,58.75,58.75,58.75,0,0.0
1690421632,58.83,58.83,58.75,58.75,1900,111769.0
1690421633,58.75,58.75,58.75,58.75,1300,76375.0
1690421634,58.75,58.75,58.75,58.75,0,0.0
1690421635,58.76,58.76,58.75,58.75,6900,405396.0
1690421636,58.75,58.75,58.75,58.75,200,11750.0
1690421637,58.75,58.75,58.75,58.75,0,0.0
1690421638,58.75,58.75,58.75,58.75,0,0.0
1690421639,58.83,58.83,58.83,58.83,2500,147075.0
1690421640,58.76,58.76,58.76,58.76,100,5876.0
1690421641,58.76,58.76,58.75,58.75,600,35251.0
1690421642,58.75,58.75,58.75,58.75,0,0.0
1690421643,58.83,58.83,58.8,58.8,2100,123540.0
1690421644,58.83,58.84,58.83,58.84,1500,88259.0
1690421645,58.84,58.84,58.84,58.84,0,0.0
1690421646,58.84,58.84,58.84,58.84,0,0.0
1690421647,58.83,58.84,58.83,58.83,3100,182374.0
1690421648,58.83,58.83,58.83,58.83,0,0.0
1690421649,58.83,58.83,58.83,58.83,0,0.0
1690421650,58.83,58.83,58.83,58.83,0,0.0
1690421651,58.77,58.77,58.77,58.77,100,5877.0
1690421652,58.77,58.77,58.77,58.77,1000,58770.0
1690421653,58.77,58.77,58.77,58.77,0,0.0
1690421654,58.77,58.77,58.77,58.77,1300,76401.0
1690421655,58.82,58.82,58.82,58.82,300,17646.0
1690421656,58.82,58.82,58.82,58.82,0,0.0
1690421657,58.82,58.82,58.77,58.77,4400,258799.0
1690421658,58.77,58.77,58.77,58.77,100,5877.0
1690421659,58.77,58.77,58.77,58.77,0,0.0
1690421660,58.83,58.83,58.76,58.76,2500,146945.0
1690421661,58.76,58.76,58.76,58.76,0,0.0
1690421662,58.76,58.76,58.76,58.76,0,0.0
1690421663,58.77,58.77,58.76,58.76,9100,534718.0
1690421664,58.76,58.76,58.76,58.76,0,0.0
1690421665,58.76,58.77,58.75,58.77,1300,76381.0
1690421666,58.77,58.77,58.77,58.77,0,0.0
1690421667,58.77,58.77,58.77,58.77,0,0.0
1690421668,58.77,58.77,58.77,58.77,300,17631.0
1690421669,58.77,58.77,58.77,58.77,800,47016.0
1690421670,58.77,58.77,58.77,58.77,0,0.0
1690421671,58.77,58.77,58.77,58.77,0,0.0
1690421672,58.77,58.77,58.77,58.77,0,0.0
1690421673,58.77,58.77,58.77,58.77,100,5877.0
1690421674,58.77,58.77,58.77,58.77,0,0.0
1690421675,58.77,58.77,58.77,58.77,0,0.0
1690421676,58.77,58.77,58.76,58.76,2300,135165.0
1690421677,58.76,58.76,58.76,58.76,0,0.0
1690421678,58.76,58.76,58.76,58.76,0,0.0
1690421679,58.74,58.75,58.74,58.75,300,17623.0
1690421680,58.75,58.75,58.75,58.75,0,0.0
1690421681,58.74,58.75,58.74,58.75,200,11749.0
1690421682,58.75,58.75,58.75,58.75,0,0.0
1690421683,58.75,58.75,58.75,58.75,0,0.0
1690421684,58.75,58.75,58.74,58.74,600,35248.0
1690421685,58.74,58.74,58.74,58.74,700,41118.0
1690421686,58.74,58.74,58.74,58.74,0,0.0
1690421687,58.76,58.76,58.75,58.75,1200,70504.0
1690421688,58.75,58.75,58.75,58.75,0,0.0
1690421689,58.75,58.75,58.75,58.75,0,0.0
1690421690,58.76,58.77,58.75,58.75,3600,211532.0
1690421691,58.75,58.75,58.75,58.75,0,0.0
1690421692,58.76,58.76,58.75,58.75,500,29377.0
1690421693,58.77,58.77,58.77,58.77,3000,176310.0
1690421694,58.77,58.77,58.77,58.77,0,0.0
1690421695,58.82,58.82,58.82,58.82,1500,88230.0
1690421696,58.82,58.82,58.82,58.82,0,0.0
1690421697,58.82,58.82,58.82,58.82,100,5882.0
1690421698,58.82,58.82,58.82,58.82,0,0.0
1690421699,58.82,58.82,58.82,58.82,0,0.0
1690421700,58.76,58.76,58.76,58.76,100,5876.0
1690421701,58.76,58.81,58.73,58.81,15500,910643.0
1690421702,58.81,58.81,58.81,58.81,0,0.0
1690421703,58.81,58.81,58.81,58.81,0,0.0
1690421704,58.81,58.81,58.81,58.81,0,0.0
1690421705,58.76,58.79,58.76,58.79,1600,94034.0
1690421706,58.79,58.8,58.7,58.8,4000,235151.0
1690421707,58.8,58.8,58.8,58.8,0,0.0
1690421708,58.8,58.81,58.7,58.7,800,47031.0
1690421709,58.7,58.7,58.7,58.7,0,0.0
1690421710,58.7,58.7,58.7,58.7,0,0.0
1690421711,58.71,58.71,58.7,58.7,400,23482.0
1690421712,58.7,58.7,58.7,58.7,0,0.0
1690421713,58.7,58.7,58.7,58.7,0,0.0
1690421714,58.78,58.8,58.7,58.71,2500,146911.0
1690421715,58.71,58.71,58.71,58.71,0,0.0
1690421716,58.71,58.71,58.71,58.71,0,0.0
1690421717,58.77,58.77,58.7,58.7,1200,70490.0
1690421718,58.7,58.7,58.7,58.7,0,0.0
1690421719,58.7,58.7,58.7,58.7,0,0.0
1690421720,58.7,58.7,58.7,58.7,0,0.0
1690421721,58.71,58.71,58.71,58.71,400,23484.0
1690421722,58.72,58.72,58.72,58.72,2100,123312.0
1690421723,58.72,58.72,58.72,58.72,0,0.0
1690421724,58.72,58.72,58.72,58.72,0,0.0
1690421725,58.72,58.72,58.72,58.72,0,0.0
1690421726,58.72,58.72,58.72,58.72,0,0.0
1690421727,58.72,58.76,58.72,58.76,4200,246647.0
1690421728,58.76,58.76,58.76,58.76,0,0.0
1690421729,58.76,58.76,58.76,58.76,0,0.0
1690421730,58.75,58.76,58.68,58.72,1400,82204.0
1690421731,58.72,58.72,58.72,58.72,0,0.0
1690421732,58.67,58.67,58.67,58.67,100,5867.0
1690421733,58.76,58.76,58.76,58.76,100,5876.0
1690421734,58.76,58.76,58.76,58.76,0,0.0
1690421735,58.67,58.67,58.63,58.63,700,41054.0
1690421736,58.63,58.76,58.63,58.76,1300,76349.0
1690421737,58.76,58.76,58.76,58.76,0,0.0
1690421738,58.71,58.72,58.67,58.67,1800,105661.0
1690421739,58.7,58.7,58.67,58.67,300,17604.0
1690421740,58.67,58.67,58.67,58.67,700,41069.0
1690421741,58.67,58.67,58.67,58.67,200,11734.0
1690421742,58.67,58.67,58.67,58.67,0,0.0
1690421743,58.76,58.76,58.76,58.76,2800,164528.0
1690421744,58.67,58.76,58.67,58.67,1400,82221.0
1690421745,58.67,58.67,58.67,58.67,0,0.0
1690421746,58.76,58.76,58.76,58.76,3200,188032.0
1690421747,58.76,58.76,58.76,58.76,500,29380.0
1690421748,58.76,58.76,58.76,58.76,0,0.0
1690421749,58.75,58.75,58.75,58.75,100,5875.0
1690421750,58.75,58.75,58.75,58.75,0,0.0
1690421751,58.75,58.75,58.75,58.75,0,0.0
1690421752,58.75,58.75,58.75,58.75,0,0.0
1690421753,58.75,58.75,58.75,58.75,0,0.0
1690421754,58.77,58.77,58.75,58.75,500,29379.0
1690421755,58.71,58.71,58.7,58.7,700,41094.0
1690421756,58.71,58.71,58.71,58.71,100,5871.0
1690421757,58.71,58.71,58.71,58.71,0,0.0
1690421758,58.71,58.71,58.71,58.71,0,0.0
1690421759,58.71,58.71,58.71,58.71,0,0.0
1690421760,58.75,58.75,58.75,58.75,100,5875.0
1690421761,58.75,58.75,58.75,58.75,0,0.0
1690421762,58.75,58.75,58.75,58.75,0,0.0
1690421763,58.75,58.75,58.75,58.75,0,0.0
1690421764,58.75,58.75,58.75,58.75,0,0.0
1690421765,58.73,58.73,58.73,58.73,100,5873.0
1690421766,58.73,58.73,58.73,58.73,100,5873.0
1690421767,58.72,58.72,58.72,58.72,200,11744.0
1690421768,58.74,58.74,58.72,58.72,1400,82212.0
1690421769,58.72,58.72,58.72,58.72,0,0.0
1690421770,58.72,58.72,58.72,58.72,200,11744.0
1690421771,58.74,58.74,58.74,58.74,300,17622.0
1690421772,58.74,58.74,58.74,58.74,0,0.0
1690421773,58.73,58.74,58.72,58.72,2200,129194.0
1690421774,58.74,58.74,58.74,58.74,300,17622.0
1690421775,58.74,58.74,58.74,58.74,0,0.0
1690421776,58.73,58.74,58.73,58.74,300,17620.0
1690421777,58.74,58.74,58.74,58.74,0,0.0
1690421778,58.74,58.74,58.74,58.74,0,0.0
1690421779,58.74,58.74,58.74,58.74,0,0.0
1690421780,58.74,58.74,58.74,58.74,0,0.0
1690421781,58.74,58.75,58.73,58.75,2500,146860.0
1690421782,58.75,58.75,58.75,58.75,0,0.0
1690421783,58.75,58.75,58.75,58.75,0,0.0
1690421784,58.75,58.75,58.75,58.75,4300,252625.0
1690421785,58.75,58.75,58.75,58.75,0,0.0
1690421786,58.75,58.75,58.75,58.75,0,0.0
1690421787,58.76,58.76,58.75,58.75,800,47001.0
1690421788,58.75,58.75,58.75,58.75,0,0.0
1690421789,58.75,58.75,58.75,58.75,600,35250.0
1690421790,58.76,58.76,58.76,58.76,100,5876.0
1690421791,58.76,58.76,58.76,58.76,0,0.0
1690421792,58.75,58.76,58.71,58.71,3600,211452.0
1690421793,58.76,58.76,58.76,58.76,100,5876.0
1690421794,58.76,58.76,58.76,58.76,0,0.0
1690421795,58.75,58.75,58.71,58.71,1100,64605.0
1690421796,58.71,58.71,58.71,58.71,0,0.0
1690421797,58.75,58.75,58.71,58.71,800,46992.0
1690421798,58.72,58.72,58.72,58.72,100,5872.0
1690421799,58.72,58.72,58.72,58.72,0,0.0
1690421800,58.71,58.75,58.71,58.71,600,35238.0
1690421801,58.71,58.71,58.71,58.71,0,0.0
1690421802,58.71,58.71,58.71,58.71,0,0.0
1690421803,58.71,58.71,58.71,58.71,100,5871.0
1690421804,58.71,58.71,58.71,58.71,0,0.0
1690421805,58.71,58.71,58.71,58.71,0,0.0
1690421806,58.71,58.71,58.71,58.71,0,0.0
1690421807,58.71,58.71,58.71,58.71,0,0.0
1690421808,58.75,58.75,58.75,58.75,600,35250.0
1690421809,58.75,58.75,58.75,58.75,100,5875.0
1690421810,58.75,58.75,58.75,58.75,0,0.0
1690421811,58.75,58.75,58.72,58.72,1100,64607.0
1690421812,58.72,58.72,58.72,58.72,0,0.0
1690421813,58.72,58.72,58.72,58.72,0,0.0
1690421814,58.72,58.75,58.72,58.75,1200,70494.0
1690421815,58.75,58.75,58.75,58.75,0,0.0
1690421816,58.75,58.75,58.72,58.72,1100,64622.0
1690421817,58.74,58.74,58.74,58.74,100,5874.0
1690421818,58.74,58.74,58.74,58.74,0,0.0
1690421819,58.72,58.75,58.72,58.75,300,17619.0
1690421820,58.75,58.75,58.75,58.75,100,5875.0
1690421821,58.72,58.72,58.72,58.72,200,11744.0
1690421822,58.72,58.75,58.72,58.75,1400,82247.0
1690421823,58.75,58.75,58.75,58.75,0,0.0
1690421824,58.76,58.76,58.76,58.76,200,11752.0
1690421825,58.76,58.76,58.76,58.76,400,23504.0
1690421826,58.76,58.76,58.76,58.76,0,0.0
1690421827,58.75,58.76,58.75,58.75,5000,293757.0
1690421828,58.76,58.77,58.76,58.77,800,47009.0
1690421829,58.77,58.77,58.77,58.77,0,0.0
1690421830,58.76,58.76,58.76,58.76,500,29380.0
1690421831,58.76,58.76,58.76,58.76,0,0.0
1690421832,58.76,58.76,58.76,58.76,0,0.0
1690421833,58.74,58.74,58.73,58.73,300,17620.0
1690421834,58.73,58.73,58.73,58.73,0,0.0
1690421835,58.73,58.73,58.73,58.73,800,46984.0
1690421836,58.74,58.74,58.74,58.74,100,5874.0
1690421837,58.74,58.74,58.74,58.74,0,0.0
1690421838,58.74,58.74,58.74,58.74,0,0.0
1690421839,58.74,58.74,58.74,58.74,0,0.0
1690421840,58.73,58.74,58.73,58.73,500,29367.0
1690421841,58.74,58.74,58.73,58.73,800,46989.0
1690421842,58.73,58.73,58.73,58.73,0,0.0
1690421843,58.74,58.75,58.73,58.73,7200,422958.0
1690421844,58.75,58.75,58.75,58.75,300,17625.0
1690421845,58.75,58.75,58.75,58.75,0,0.0
1690421846,58.77,58.77,58.76,58.77,3500,205677.0
1690421847,58.77,58.77,58.77,58.77,0,0.0
1690421848,58.77,58.77,58.77,58.77,0,0.0
1690421849,58.77,58.77,58.77,58.77,2600,152802.0
1690421850,58.77,58.77,58.77,58.77,0,0.0
1690421851,58.77,58.77,58.77,58.77,0,0.0
1690421852,58.77,58.77,58.76,58.76,700,41135.0
1690421853,58.76,58.76,58.76,58.76,0,0.0
1690421854,58.76,58.76,58.76,58.76,200,11752.0
1690421855,58.76,58.76,58.76,58.76,500,29380.0
1690421856,58.77,58.77,58.77,58.77,100,5877.0
1690421857,58.77,58.77,58.77,58.77,200,11754.0
1690421858,58.77,58.77,58.77,58.77,0,0.0
1690421859,58.77,58.77,58.77,58.77,900,52893.0
1690421860,58.77,58.77,58.77,58.77,0,0.0
1690421861,58.77,58.77,58.77,58.77,0,0.0
1690421862,58.77,58.77,58.77,58.77,0,0.0
1690421863,58.79,58.79,58.79,58.79,2600,152854.0
1690421864,58.79,58.79,58.79,58.79,0,0.0
1690421865,58.79,58.79,58.79,58.79,0,0.0
1690421866,58.79,58.79,58.79,58.79,0,0.0
1690421867,58.79,58.79,58.79,58.79,1800,105822.0
1690421868,58.8,58.8,58.8,58.8,100,5880.0
1690421869,58.8,58.8,58.8,58.8,0,0.0
1690421870,58.79,58.79,58.79,58.79,1200,70548.0
1690421871,58.8,58.82,58.8,58.82,5100,299972.0
1690421872,58.82,58.82,58.82,58.82,0,0.0
1690421873,58.84,58.85,58.84,58.84,1100,64727.0
1690421874,58.84,58.84,58.84,58.84,0,0.0
1690421875,58.84,58.84,58.84,58.84,0,0.0
1690421876,58.89,58.9,58.88,58.88,800,47109.0
1690421877,58.88,58.88,58.88,58.88,0,0.0
1690421878,58.89,58.9,58.89,58.9,3100,182576.0
1690421879,58.9,58.9,58.9,58.9,900,53010.0
1690421880,58.9,58.9,58.9,58.9,0,0.0
1690421881,58.9,58.9,58.9,58.9,0,0.0
1690421882,58.91,58.91,58.91,58.91,400,23564.0
1690421883,58.91,58.91,58.91,58.91,0,0.0
1690421884,58.91,58.91,58.89,58.91,600,35343.0
1690421885,58.91,58.91,58.91,58.91,0,0.0
1690421886,58.87,58.88,58.87,58.88,1100,64766.0
1690421887,58.88,58.88,58.88,58.88,0,0.0
1690421888,58.88,58.88,58.88,58.88,0,0.0
1690421889,58.82,58.82,58.82,58.82,500,29410.0
1690421890,58.82,58.82,58.82,58.82,0,0.0
1690421891,58.82,58.82,58.82,58.82,0,0.0
1690421892,58.88,58.88,58.88,58.88,500,29440.0
1690421893,58.88,58.88,58.88,58.88,0,0.0
1690421894,58.84,58.87,58.84,58.87,2000,117722.0
1690421895,58.84,58.84,58.83,58.83,800,47066.0
1690421896,58.83,58.83,58.83,58.83,0,0.0
1690421897,58.87,58.87,58.87,58.87,200,11774.0
1690421898,58.87,58.87,58.87,58.87,0,0.0
1690421899,58.87,58.87,58.87,58.87,0,0.0
1690421900,58.83,58.88,58.83,58.88,5000,294333.0
1690421901,58.88,58.88,58.88,58.88,0,0.0
1690421902,58.88,58.88,58.88,58.88,0,0.0
1690421903,58.87,58.87,58.83,58.83,2100,123585.0
1690421904,58.83,58.83,58.83,58.83,0,0.0
1690421905,58.83,58.83,58.83,58.83,0,0.0
1690421906,58.86,58.86,58.84,58.86,800,47082.0
1690421907,58.86,58.86,58.86,58.86,0,0.0
1690421908,58.84,58.84,58.84,58.84,800,47072.0
1690421909,58.84,58.89,58.84,58.89,1400,82396.0
1690421910,58.89,58.89,58.89,58.89,0,0.0
1690421911,58.84,58.84,58.84,58.84,1900,111796.0
1690421912,58.84,58.84,58.84,58.84,0,0.0
1690421913,58.87,58.87,58.87,58.87,100,5887.0
1690421914,58.84,58.84,58.84,58.84,200,11768.0
1690421915,58.84,58.84,58.84,58.84,0,0.0
1690421916,58.87,58.87,58.84,58.87,1000,58864.0
1690421917,58.87,58.87,58.87,58.87,0,0.0
1690421918,58.87,58.87,58.87,58.87,0,0.0
1690421919,58.84,58.84,58.84,58.84,1600,94144.0
1690421920,58.84,58.84,58.83,58.83,300,17650.0
1690421921,58.82,58.84,58.8,58.84,6300,370613.0
1690421922,58.84,58.84,58.84,58.84,200,11768.0
1690421923,58.84,58.84,58.84,58.84,0,0.0
1690421924,58.8,58.84,58.78,58.84,3500,205894.0
1690421925,58.84,58.84,58.84,58.84,0,0.0
1690421926,58.84,58.84,58.84,58.84,0,0.0
1690421927,58.84,58.84,58.83,58.83,1300,76485.0
1690421928,58.83,58.83,58.83,58.83,200,11766.0
1690421929,58.83,58.83,58.83,58.83,0,0.0
1690421930,58.83,58.83,58.8,58.8,7100,417687.0
1690421931,58.8,58.8,58.8,58.8,0,0.0
1690421932,58.84,58.84,58.84,58.84,600,35304.0
1690421933,58.84,58.84,58.79,58.79,5900,347101.0
1690421934,58.79,58.79,58.79,58.79,0,0.0
1690421935,58.85,58.88,58.85,58.88,4200,247230.0
1690421936,58.88,58.88,58.84,58.84,1800,105948.0
1690421937,58.84,58.84,58.84,58.84,0,0.0
1690421938,58.84,58.84,58.84,58.84,0,0.0
1690421939,58.84,58.84,58.84,58.84,0,0.0
1690421940,58.84,58.84,58.84,58.84,0,0.0
1690421941,58.8,58.8,58.8,58.8,300,17640.0
1690421942,58.8,58.8,58.8,58.8,0,0.0
1690421943,58.8,58.8,58.8,58.8,0,0.0
1690421944,58.8,58.8,58.8,58.8,0,0.0
1690421945,58.8,58.8,58.8,58.8,0,0.0
1690421946,58.8,58.8,58.8,58.8,0,0.0
1690421947,58.8,58.8,58.8,58.8,0,0.0
1690421948,58.87,58.87,58.87,58.87,900,52983.0
1690421949,58.87,58.87,58.87,58.87,3100,182497.0
1690421950,58.87,58.87,58.87,58.87,0,0.0
1690421951,58.89,58.89,58.87,58.89,900,52989.0
1690421952,58.89,58.89,58.89,58.89,0,0.0
1690421953,58.89,58.89,58.89,58.89,0,0.0
1690421954,58.9,58.9,58.89,58.9,3000,176697.0
1690421955,58.9,58.9,58.9,58.9,0,0.0
1690421956,58.9,58.9,58.9,58.9,0,0.0
1690421957,58.9,58.9,58.89,58.89,500,29449.0
1690421958,58.89,58.89,58.89,58.89,0,0.0
1690421959,58.89,58.89,58.89,58.89,100,5889.0
1690421960,58.9,58.9,58.9,58.9,200,11780.0
1690421961,58.9,58.9,58.9,58.9,0,0.0
1690421962,58.9,58.9,58.9,58.9,100,5890.0
1690421963,58.89,58.89,58.89,58.89,100,5889.0
1690421964,58.89,58.89,58.89,58.89,0,0.0
1690421965,58.9,58.9,58.89,58.89,2900,170799.0
1690421966,58.89,58.89,58.89,58.89,0,0.0
1690421967,58.89,58.89,58.89,58.89,1800,106002.0
1690421968,58.89,58.9,58.89,58.9,1200,70670.0
1690421969,58.9,58.9,58.9,58.9,0,0.0
1690421970,58.89,58.89,58.89,58.89,700,41223.0
1690421971,58.89,58.9,58.89,58.89,800,47113.0
1690421972,58.91,58.91,58.91,58.91,200,11782.0
1690421973,58.91,58.91,58.89,58.91,1100,64790.0
1690421974,58.91,58.91,58.91,58.91,0,0.0
1690421975,58.89,58.89,58.89,58.89,400,23556.0
1690421976,58.89,58.89,58.89,58.89,500,29445.0
1690421977,58.89,58.89,58.89,58.89,0,0.0
1690421978,58.9,58.9,58.89,58.89,500,29446.0
1690421979,58.89,58.89,58.89,58.89,100,5889.0
1690421980,58.89,58.89,58.89,58.89,0,0.0
1690421981,58.9,58.91,58.9,58.91,4700,276869.0
1690421982,58.91,58.91,58.91,58.91,0,0.0
1690421983,58.9,58.9,58.9,58.9,100,5890.0
1690421984,58.91,58.91,58.9,58.9,1600,94246.0
1690421985,58.9,58.9,58.9,58.9,0,0.0
1690421986,58.9,58.9,58.9,58.9,500,29450.0
1690421987,58.91,58.91,58.9,58.9,3900,229713.0
1690421988,58.9,58.9,58.9,58.9,0,0.0
1690421989,58.9,58.9,58.89,58.89,200,11779.0
1690421990,58.89,58.89,58.88,58.88,8000,471116.0
1690421991,58.88,58.89,58.87,58.89,4100,241402.0
1690421992,58.88,58.89,58.88,58.89,800,47110.0
1690421993,58.89,58.89,58.89,58.89,0,0.0
1690421994,58.88,58.88,58.88,58.88,500,29440.0
1690421995,58.88,58.88,58.88,58.88,100,5888.0
1690421996,58.88,58.88,58.88,58.88,0,0.0
1690421997,58.88,58.88,58.88,58.88,0,0.0
1690421998,58.88,58.88,58.88,58.88,0,0.0
1690421999,58.88,58.88,58.88,58.88,0,0.0
1690422000,58.8,58.83,58.79,58.83,1800,105852.0
1690422001,58.79,58.79,58.79,58.79,200,11758.0
1690422002,58.79,58.79,58.79,58.79,900,52911.0
1690422003,58.79,58.83,58.79,58.83,400,23520.0
1690422004,58.83,58.83,58.83,58.83,0,0.0
1690422005,58.79,58.79,58.79,58.79,900,52911.0
1690422006,58.8,58.8,58.8,58.8,100,5880.0
1690422007,58.8,58.8,58.8,58.8,0,0.0
1690422008,58.82,58.83,58.79,58.79,10800,635340.0
1690422009,58.79,58.79,58.79,58.79,0,0.0
1690422010,58.79,58.79,58.79,58.79,0,0.0
1690422011,58.83,58.83,58.79,58.79,2500,147053.0
1690422012,58.79,58.79,58.79,58.79,0,0.0
1690422013,58.8,58.8,58.8,58.8,400,23520.0
1690422014,58.83,58.83,58.83,58.83,200,11766.0
1690422015,58.83,58.83,58.83,58.83,0,0.0
1690422016,58.8,58.8,58.8,58.8,100,5880.0
1690422017,58.8,58.8,58.8,58.8,0,0.0
1690422018,58.8,58.8,58.8,58.8,0,0.0
1690422019,58.81,58.82,58.81,58.82,500,29408.0
1690422020,58.82,58.82,58.82,58.82,0,0.0
1690422021,58.82,58.82,58.82,58.82,1600,94112.0
1690422022,58.81,58.81,58.81,58.81,300,17643.0
1690422023,58.81,58.81,58.81,58.81,0,0.0
1690422024,58.82,58.82,58.82,58.82,200,11764.0
1690422025,58.82,58.82,58.82,58.82,0,0.0
1690422026,58.82,58.82,58.82,58.82,0,0.0
1690422027,58.82,58.82,58.82,58.82,0,0.0
1690422028,58.82,58.82,58.82,58.82,0,0.0
1690422029,58.82,58.82,58.82,58.82,0,0.0
1690422030,58.83,58.83,58.83,58.83,400,23532.0
1690422031,58.83,58.83,58.83,58.83,0,0.0
1690422032,58.84,58.84,58.84,58.84,1500,88260.0
1690422033,58.83,58.83,58.83,58.83,100,5883.0
1690422034,58.83,58.83,58.83,58.83,0,0.0
1690422035,58.84,58.84,58.83,58.83,1800,105911.0
1690422036,58.83,58.83,58.83,58.83,0,0.0
1690422037,58.83,58.83,58.83,58.83,0,0.0
1690422038,58.84,58.84,58.83,58.83,300,17651.0
1690422039,58.83,58.83,58.83,58.83,0,0.0
1690422040,58.83,58.83,58.83,58.83,0,0.0
1690422041,58.85,58.85,58.84,58.84,700,41190.0
1690422042,58.84,58.84,58.84,58.84,0,0.0
1690422043,58.84,58.84,58.84,58.84,0,0.0
1690422044,58.85,58.86,58.85,58.86,600,35313.0
1690422045,58.86,58.86,58.86,58.86,0,0.0
1690422046,58.86,58.86,58.86,58.86,0,0.0
1690422047,58.86,58.86,58.86,58.86,0,0.0
1690422048,58.86,58.86,58.86,58.86,0,0.0
1690422049,58.85,58.85,58.85,58.85,500,29425.0
1690422050,58.85,58.85,58.85,58.85,0,0.0
1690422051,58.85,58.86,58.84,58.86,12900,759162.0
1690422052,58.86,58.86,58.86,58.86,0,0.0
1690422053,58.86,58.86,58.86,58.86,0,0.0
1690422054,58.86,58.86,58.86,58.86,0,0.0
1690422055,58.86,58.86,58.86,58.86,0,0.0
1690422056,58.86,58.86,58.86,58.86,1500,88290.0
1690422057,58.86,58.86,58.86,58.86,0,0.0
1690422058,58.86,58.86,58.86,58.86,0,0.0
1690422059,58.86,58.88,58.86,58.88,3300,194270.0
1690422060,58.88,58.88,58.88,58.88,0,0.0
1690422061,58.88,58.88,58.88,58.88,0,0.0
1690422062,58.87,58.87,58.84,58.84,11282,664029.5200000033
1690422063,58.84,58.84,58.84,58.84,1800,105912.0
1690422064,58.84,58.84,58.84,58.84,0,0.0
1690422065,58.85,58.86,58.82,58.82,4200,247107.0
1690422066,58.82,58.82,58.82,58.82,0,0.0
1690422067,58.82,58.82,58.82,58.82,100,5882.0
1690422068,58.82,58.84,58.8,58.8,1000,58827.0
1690422069,58.8,58.8,58.8,58.8,0,0.0
1690422070,58.81,58.81,58.79,58.79,3700,217569.0
1690422071,58.78,58.78,58.78,58.78,100,5878.0
1690422072,58.77,58.8,58.77,58.8,1500,88173.0
1690422073,58.8,58.8,58.8,58.8,1100,64680.0
1690422074,58.8,58.8,58.8,58.8,0,0.0
1690422075,58.8,58.82,58.78,58.82,2000,117602.0
1690422076,58.82,58.82,58.82,58.82,0,0.0
1690422077,58.82,58.82,58.82,58.82,0,0.0
1690422078,58.82,58.82,58.82,58.82,0,0.0
1690422079,58.82,58.82,58.82,58.82,0,0.0
1690422080,58.82,58.82,58.82,58.82,0,0.0
1690422081,58.82,58.82,58.82,58.82,0,0.0
1690422082,58.82,58.82,58.82,58.82,0,0.0
1690422083,58.79,58.79,58.79,58.79,100,5879.0
1690422084,58.79,58.79,58.79,58.79,100,5879.0
1690422085,58.79,58.79,58.79,58.79,0,0.0
1690422086,58.79,58.79,58.79,58.79,1200,70548.0
1690422087,58.79,58.79,58.79,58.79,0,0.0
1690422088,58.79,58.79,58.79,58.79,100,5879.0
1690422089,58.8,58.8,58.8,58.8,500,29400.0
1690422090,58.79,58.79,58.79,58.79,200,11758.0
1690422091,58.78,58.78,58.78,58.78,200,11756.0
1690422092,58.8,58.8,58.8,58.8,200,11760.0
1690422093,58.8,58.8,58.8,58.8,0,0.0
1690422094,58.8,58.8,58.8,58.8,0,0.0
1690422095,58.8,58.8,58.8,58.8,200,11760.0
1690422096,58.8,58.8,58.8,58.8,0,0.0
1690422097,58.81,58.81,58.81,58.81,100,5881.0
1690422098,58.82,58.82,58.79,58.79,3400,199905.0
1690422099,58.79,58.79,58.79,58.79,0,0.0
1690422100,58.79,58.79,58.79,58.79,0,0.0
1690422101,58.79,58.79,58.79,58.79,0,0.0
1690422102,58.79,58.79,58.79,58.79,0,0.0
1690422103,58.8,58.8,58.8,58.8,100,5880.0
1690422104,58.8,58.8,58.8,58.8,0,0.0
1690422105,58.8,58.8,58.8,58.8,0,0.0
1690422106,58.8,58.8,58.8,58.8,0,0.0
1690422107,58.8,58.8,58.8,58.8,0,0.0
1690422108,58.8,58.8,58.8,58.8,0,0.0
1690422109,58.8,58.8,58.8,58.8,0,0.0
1690422110,58.83,58.83,58.83,58.83,300,17649.0
1690422111,58.83,58.83,58.83,58.83,0,0.0
1690422112,58.83,58.83,58.83,58.83,0,0.0
1690422113,58.83,58.83,58.83,58.83,500,29415.0
1690422114,58.88,58.88,58.88,58.88,400,23552.0
1690422115,58.88,58.88,58.88,58.88,0,0.0
1690422116,58.88,58.88,58.83,58.83,1100,64718.0
1690422117,58.83,58.83,58.83,58.83,0,0.0
1690422118,58.83,58.83,58.83,58.83,0,0.0
1690422119,58.88,58.88,58.87,58.87,1500,88315.0
1690422120,58.87,58.87,58.87,58.87,0,0.0
1690422121,58.83,58.83,58.83,58.83,100,5883.0
1690422122,58.83,58.83,58.83,58.83,0,0.0
1690422123,58.83,58.83,58.83,58.83,0,0.0
1690422124,58.88,58.88,58.88,58.88,800,47104.0
1690422125,58.88,58.88,58.88,58.88,100,5888.0
1690422126,58.88,58.88,58.88,58.88,0,0.0
1690422127,58.88,58.88,58.88,58.88,0,0.0
1690422128,58.88,58.88,58.88,58.88,0,0.0
1690422129,58.88,58.88,58.88,58.88,0,0.0
1690422130,58.88,58.88,58.88,58.88,0,0.0
1690422131,58.88,58.88,58.88,58.88,0,0.0
1690422132,58.88,58.88,58.88,58.88,0,0.0
1690422133,58.88,58.88,58.88,58.88,1200,70656.0
1690422134,58.88,58.88,58.88,58.88,0,0.0
1690422135,58.88,58.88,58.88,58.88,100,5888.0
1690422136,58.88,58.88,58.88,58.88,0,0.0
1690422137,58.88,58.88,58.88,58.88,0,0.0
1690422138,58.88,58.88,58.88,58.88,0,0.0
1690422139,58.88,58.88,58.88,58.88,0,0.0
1690422140,58.88,58.88,58.88,58.88,300,17664.0
1690422141,58.88,58.88,58.88,58.88,0,0.0
1690422142,58.88,58.88,58.88,58.88,0,0.0
1690422143,58.9,58.9,58.9,58.9,400,23560.0
1690422144,58.9,58.9,58.9,58.9,0,0.0
1690422145,58.9,58.9,58.9,58.9,0,0.0
1690422146,58.89,58.89,58.89,58.89,1000,58890.0
1690422147,58.89,58.89,58.89,58.89,0,0.0
1690422148,58.9,58.9,58.9,58.9,1000,58900.0
1690422149,58.91,58.91,58.91,58.91,2200,129602.0
1690422150,58.91,58.91,58.91,58.91,0,0.0
1690422151,58.9,58.9,58.89,58.89,900,53001.5
1690422152,58.9,58.91,58.9,58.91,400,23563.0
1690422153,58.91,58.91,58.91,58.91,0,0.0
1690422154,58.91,58.91,58.91,58.91,0,0.0
1690422155,58.91,58.91,58.91,58.91,0,0.0
1690422156,58.92,58.92,58.92,58.92,300,17676.0
1690422157,58.92,58.92,58.92,58.92,0,0.0
1690422158,58.92,58.92,58.92,58.92,0,0.0
1690422159,58.92,58.92,58.91,58.91,2600,153182.0
1690422160,58.91,58.91,58.91,58.91,0,0.0
1690422161,58.91,58.91,58.91,58.91,0,0.0
1690422162,58.91,58.91,58.91,58.91,0,0.0
1690422163,58.92,58.92,58.92,58.92,100,5892.0
1690422164,58.92,58.92,58.92,58.92,0,0.0
1690422165,58.92,58.92,58.92,58.92,3300,194436.0
1690422166,58.92,58.92,58.92,58.92,0,0.0
1690422167,58.92,58.93,58.91,58.91,1600,94270.0
1690422168,58.91,58.91,58.91,58.91,100,5891.0
1690422169,58.91,58.91,58.91,58.91,0,0.0
1690422170,58.92,58.93,58.92,58.93,700,41248.0
1690422171,58.93,58.93,58.93,58.93,0,0.0
1690422172,58.92,58.92,58.92,58.92,400,23568.0
1690422173,58.92,58.92,58.92,58.92,300,17676.0
1690422174,58.92,58.92,58.92,58.92,0,0.0
1690422175,58.92,58.92,58.92,58.92,700,41244.0
1690422176,58.93,58.93,58.92,58.92,2700,159107.0
1690422177,58.92,58.92,58.92,58.92,0,0.0
1690422178,58.92,58.92,58.92,58.92,3000,176760.0
1690422179,58.93,58.93,58.92,58.92,400,23571.0
1690422180,58.92,58.92,58.92,58.92,0,0.0
1690422181,58.93,58.93,58.93,58.93,3200,188576.0
1690422182,58.93,58.93,58.93,58.93,0,0.0
1690422183,58.93,58.93,58.93,58.93,0,0.0
1690422184,58.93,58.93,58.93,58.93,10200,601086.0
1690422185,58.93,58.93,58.93,58.93,0,0.0
1690422186,58.93,58.93,58.93,58.93,100,5893.0
1690422187,58.94,58.94,58.94,58.94,100,5894.0
1690422188,58.94,58.94,58.94,58.94,0,0.0
1690422189,58.93,58.94,58.93,58.94,2400,141446.0
1690422190,58.94,58.94,58.94,58.94,0,0.0
1690422191,58.94,58.94,58.93,58.93,2000,117878.0
1690422192,58.94,58.94,58.93,58.93,1400,82504.0
1690422193,58.93,58.93,58.93,58.93,0,0.0
1690422194,58.94,58.94,58.93,58.93,600,35363.0
1690422195,58.93,58.93,58.93,58.93,0,0.0
1690422196,58.93,58.93,58.93,58.93,0,0.0
1690422197,58.94,58.94,58.94,58.94,3000,176820.0
1690422198,58.94,58.94,58.94,58.94,2000,117880.0
1690422199,58.95,58.95,58.94,58.95,1700,100212.0
1690422200,58.94,58.95,58.94,58.94,1800,106102.0
1690422201,58.94,58.94,58.94,58.94,0,0.0
1690422202,58.94,58.94,58.94,58.94,0,0.0
1690422203,58.95,58.95,58.94,58.94,700,41263.0
1690422204,58.94,58.94,58.94,58.94,0,0.0
1690422205,58.94,58.94,58.94,58.94,200,11788.0
1690422206,58.94,58.94,58.94,58.94,0,0.0
1690422207,58.94,58.94,58.94,58.94,0,0.0
1690422208,58.95,58.95,58.95,58.95,100,5895.0
1690422209,58.95,58.95,58.95,58.95,0,0.0
1690422210,58.95,58.95,58.95,58.95,700,41265.0
1690422211,58.94,58.94,58.94,58.94,500,29470.0
1690422212,58.94,58.94,58.94,58.94,0,0.0
1690422213,58.95,58.95,58.95,58.95,200,11790.0
1690422214,58.95,58.95,58.95,58.95,800,47160.0
1690422215,58.94,58.94,58.94,58.94,200,11788.0
1690422216,58.95,58.95,58.95,58.95,1100,64845.0
1690422217,58.95,58.95,58.95,58.95,0,0.0
1690422218,58.94,58.94,58.94,58.94,100,5894.0
1690422219,58.95,58.95,58.95,58.95,1000,58950.0
1690422220,58.95,58.95,58.95,58.95,0,0.0
1690422221,58.94,58.95,58.94,58.95,600,35369.0
1690422222,58.95,58.95,58.95,58.95,0,0.0
1690422223,58.94,58.94,58.94,58.94,200,11788.0
1690422224,58.95,58.95,58.94,58.94,3800,224002.0
1690422225,58.94,58.94,58.94,58.94,0,0.0
1690422226,58.95,58.95,58.94,58.94,1000,58945.0
1690422227,58.94,58.95,58.94,58.94,300,17683.0
1690422228,58.94,58.94,58.94,58.94,0,0.0
1690422229,58.95,58.95,58.95,58.95,1100,64845.0
1690422230,58.94,58.94,58.94,58.94,900,53046.0
1690422231,58.94,58.94,58.94,58.94,0,0.0
1690422232,58.94,58.95,58.94,58.95,2700,159148.0
1690422233,58.94,58.95,58.94,58.95,500,29474.0
1690422234,58.95,58.95,58.95,58.95,500,29475.0
1690422235,58.95,58.95,58.94,58.95,5000,294704.0
1690422236,58.95,58.95,58.95,58.95,0,0.0
1690422237,58.94,58.95,58.94,58.95,2100,123793.0
1690422238,58.95,58.95,58.95,58.95,700,41265.0
1690422239,58.95,58.95,58.95,58.95,0,0.0
1690422240,58.94,58.94,58.94,58.94,500,29470.0
1690422241,58.95,58.96,58.94,58.94,3400,200430.0
1690422242,58.94,58.94,58.94,58.94,0,0.0
1690422243,58.94,58.94,58.94,58.94,0,0.0
1690422244,58.94,58.94,58.94,58.94,0,0.0
1690422245,58.96,58.96,58.96,58.96,100,5896.0
1690422246,58.95,58.95,58.95,58.95,200,11790.0
1690422247,58.95,58.95,58.95,58.95,0,0.0
1690422248,58.95,58.95,58.95,58.95,0,0.0
1690422249,58.95,58.95,58.95,58.95,0,0.0
1690422250,58.95,58.95,58.95,58.95,700,41265.0
1690422251,58.96,58.96,58.96,58.96,500,29480.0
1690422252,58.96,58.96,58.96,58.96,0,0.0
1690422253,58.95,58.95,58.95,58.95,100,5895.0
1690422254,58.96,58.96,58.95,58.95,2200,129697.0
1690422255,58.95,58.95,58.95,58.95,0,0.0
1690422256,58.96,58.96,58.96,58.96,1500,88440.0
1690422257,58.96,58.96,58.96,58.96,0,0.0
1690422258,58.96,58.96,58.96,58.96,0,0.0
1690422259,58.96,58.96,58.95,58.96,3700,218151.0
1690422260,58.96,58.96,58.96,58.96,0,0.0
1690422261,58.96,58.96,58.96,58.96,1300,76648.0
1690422262,58.96,58.96,58.96,58.96,600,35376.0
1690422263,58.96,58.96,58.96,58.96,0,0.0
1690422264,58.96,58.96,58.96,58.96,0,0.0
1690422265,58.96,58.96,58.96,58.96,0,0.0
1690422266,58.96,58.96,58.96,58.96,0,0.0
1690422267,58.95,58.97,58.95,58.97,2400,141509.0
1690422268,58.97,58.97,58.97,58.97,0,0.0
1690422269,58.96,58.96,58.96,58.96,100,5896.0
1690422270,58.97,58.97,58.97,58.97,1600,94352.0
1690422271,58.97,58.97,58.97,58.97,0,0.0
1690422272,58.96,58.96,58.96,58.96,1200,70752.0
1690422273,58.96,58.97,58.96,58.96,1700,100233.0
1690422274,58.96,58.96,58.96,58.96,0,0.0
1690422275,58.98,58.98,58.97,58.97,1600,94361.0
1690422276,58.97,58.97,58.97,58.97,0,0.0
1690422277,58.97,58.97,58.97,58.97,0,0.0
1690422278,58.98,58.98,58.97,58.97,4900,288981.0
1690422279,58.97,58.97,58.97,58.97,0,0.0
1690422280,58.97,58.97,58.97,58.97,0,0.0
1690422281,58.97,58.98,58.97,58.97,2700,159236.0
1690422282,58.97,58.97,58.97,58.97,0,0.0
1690422283,58.97,58.97,58.97,58.97,200,11794.0
1690422284,58.97,58.97,58.97,58.97,700,41279.0
1690422285,58.97,58.97,58.97,58.97,0,0.0
1690422286,58.98,58.98,58.98,58.98,100,5898.0
1690422287,58.97,58.97,58.97,58.97,200,11794.0
1690422288,58.97,58.97,58.97,58.97,1100,64867.0
1690422289,58.97,58.97,58.97,58.97,1000,58970.0
1690422290,58.97,58.97,58.97,58.97,0,0.0
1690422291,58.97,58.98,58.97,58.98,1600,94364.0
1690422292,58.98,58.98,58.98,58.98,0,0.0
1690422293,58.98,58.98,58.98,58.98,0,0.0
1690422294,58.98,58.98,58.98,58.98,0,0.0
1690422295,58.98,58.98,58.98,58.98,0,0.0
1690422296,58.98,58.98,58.98,58.98,0,0.0
1690422297,58.98,58.98,58.98,58.98,100,5898.0
1690422298,58.98,58.98,58.98,58.98,0,0.0
1690422299,58.97,58.98,58.97,58.98,1100,64872.0
1690422300,58.97,58.98,58.97,58.98,200,11795.0
1690422301,58.98,58.98,58.98,58.98,0,0.0
1690422302,58.98,58.98,58.97,58.97,800,47178.0
1690422303,58.97,58.97,58.97,58.97,0,0.0
1690422304,58.97,58.97,58.97,58.97,0,0.0
1690422305,58.97,58.97,58.97,58.97,200,11794.0
1690422306,58.97,58.97,58.97,58.97,0,0.0
1690422307,58.97,58.97,58.97,58.97,0,0.0
1690422308,58.97,58.98,58.97,58.98,10200,601513.0
1690422309,58.98,58.98,58.98,58.98,0,0.0
1690422310,58.97,58.97,58.96,58.96,5300,312499.0
1690422311,58.96,58.97,58.96,58.97,5200,306600.0
1690422312,58.97,58.97,58.97,58.97,0,0.0
1690422313,58.97,58.97,58.97,58.97,300,17691.0
1690422314,58.97,58.98,58.97,58.98,3900,229995.0
1690422315,58.98,58.98,58.98,58.98,0,0.0
1690422316,58.95,58.96,58.94,58.94,400,23581.0
1690422317,58.94,58.94,58.94,58.94,0,0.0
1690422318,58.96,58.96,58.96,58.96,600,35376.0
1690422319,58.96,58.96,58.96,58.96,0,0.0
1690422320,58.96,58.96,58.96,58.96,0,0.0
1690422321,58.96,58.96,58.96,58.96,900,53064.0
1690422322,58.96,58.96,58.96,58.96,200,11792.0
1690422323,58.94,58.94,58.94,58.94,100,5894.0
1690422324,58.94,58.94,58.94,58.94,0,0.0
1690422325,58.94,58.94,58.94,58.94,0,0.0
1690422326,58.93,58.93,58.92,58.93,500,29464.0
1690422327,58.93,58.93,58.9,58.9,2400,141403.0
1690422328,58.9,58.9,58.9,58.9,0,0.0
1690422329,58.92,58.92,58.9,58.9,1100,64796.0
1690422330,58.92,58.92,58.92,58.92,500,29460.0
1690422331,58.91,58.91,58.91,58.91,1300,76583.0
1690422332,58.93,58.95,58.9,58.95,1600,94260.0
1690422333,58.95,58.95,58.95,58.95,0,0.0
1690422334,58.95,58.95,58.95,58.95,0,0.0
1690422335,58.9,58.9,58.9,58.9,100,5890.0
1690422336,58.9,58.9,58.9,58.9,0,0.0
1690422337,58.9,58.91,58.9,58.91,1700,100144.0
1690422338,58.91,58.91,58.91,58.91,400,23564.0
1690422339,58.91,58.91,58.91,58.91,0,0.0
1690422340,58.91,58.91,58.9,58.9,3000,176725.0
1690422341,58.9,58.9,58.9,58.9,0,0.0
1690422342,58.9,58.9,58.9,58.9,0,0.0
1690422343,58.9,58.91,58.9,58.91,2600,153142.0
1690422344,58.91,58.91,58.91,58.91,0,0.0
1690422345,58.9,58.9,58.9,58.9,300,17670.0
1690422346,58.9,58.9,58.9,58.9,0,0.0
1690422347,58.9,58.9,58.9,58.9,0,0.0
1690422348,58.9,58.9,58.9,58.9,0,0.0
1690422349,58.9,58.9,58.9,58.9,0,0.0
1690422350,58.9,58.9,58.9,58.9,0,0.0
1690422351,58.9,58.9,58.9,58.9,1500,88350.0
1690422352,58.9,58.9,58.9,58.9,0,0.0
1690422353,58.88,58.88,58.88,58.88,400,23552.0
1690422354,58.88,58.88,58.88,58.88,0,0.0
1690422355,58.88,58.88,58.88,58.88,0,0.0
1690422356,58.88,58.88,58.88,58.88,100,5888.0
1690422357,58.88,58.88,58.88,58.88,0,0.0
1690422358,58.88,58.88,58.88,58.88,100,5888.0
1690422359,58.89,58.9,58.88,58.88,2500,147231.0
1690422360,58.88,58.88,58.88,58.88,0,0.0
1690422361,58.88,58.88,58.88,58.88,800,47104.0
1690422362,58.89,58.9,58.88,58.88,300,17667.0
1690422363,58.88,58.88,58.88,58.88,0,0.0
1690422364,58.88,58.88,58.88,58.88,0,0.0
1690422365,58.91,58.91,58.91,58.91,100,5891.0
1690422366,58.91,58.91,58.91,58.91,0,0.0
1690422367,58.88,58.88,58.87,58.87,500,29439.0
1690422368,58.9,58.91,58.9,58.91,1400,82463.0
1690422369,58.9,58.9,58.9,58.9,1400,82460.0
1690422370,58.9,58.9,58.9,58.9,0,0.0
1690422371,58.9,58.9,58.9,58.9,0,0.0
1690422372,58.9,58.9,58.9,58.9,0,0.0
1690422373,58.9,58.9,58.9,58.9,0,0.0
1690422374,58.9,58.9,58.9,58.9,0,0.0
1690422375,58.9,58.91,58.9,58.91,600,35341.0
1690422376,58.91,58.91,58.91,58.91,0,0.0
1690422377,58.91,58.91,58.91,58.91,0,0.0
1690422378,58.91,58.91,58.9,58.9,2100,123704.0
1690422379,58.9,58.9,58.9,58.9,0,0.0
1690422380,58.9,58.9,58.9,58.9,0,0.0
1690422381,58.9,58.9,58.9,58.9,0,0.0
1690422382,58.9,58.9,58.9,58.9,0,0.0
1690422383,58.9,58.9,58.9,58.9,700,41230.0
1690422384,58.9,58.9,58.9,58.9,400,23560.0
1690422385,58.9,58.9,58.9,58.9,0,0.0
1690422386,58.91,58.91,58.9,58.9,800,47122.0
1690422387,58.91,58.91,58.91,58.91,1000,58910.0
1690422388,58.91,58.91,58.9,58.9,500,29453.0
1690422389,58.91,58.91,58.9,58.9,700,41231.0
1690422390,58.9,58.9,58.9,58.9,0,0.0
1690422391,58.9,58.9,58.9,58.9,4200,247380.0
1690422392,58.9,58.9,58.9,58.9,900,53010.0
1690422393,58.9,58.9,58.9,58.9,0,0.0
1690422394,58.9,58.9,58.9,58.9,0,0.0
1690422395,58.9,58.9,58.9,58.9,200,11780.0
1690422396,58.92,58.92,58.92,58.92,200,11784.0
1690422397,58.91,58.91,58.91,58.91,100,5891.0
1690422398,58.91,58.91,58.91,58.91,0,0.0
1690422399,58.91,58.91,58.91,58.91,0,0.0
1690422400,58.91,58.91,58.91,58.91,0,0.0
1690422401,58.91,58.91,58.91,58.91,0,0.0
1690422402,58.91,58.91,58.91,58.91,0,0.0
1690422403,58.91,58.91,58.91,58.91,0,0.0
1690422404,58.91,58.91,58.91,58.91,0,0.0
1690422405,58.91,58.91,58.9,58.9,300,17671.0
1690422406,58.9,58.9,58.9,58.9,0,0.0
1690422407,58.9,58.9,58.9,58.9,100,5890.0
1690422408,58.9,58.9,58.9,58.9,0,0.0
1690422409,58.9,58.9,58.9,58.9,0,0.0
1690422410,58.9,58.9,58.9,58.9,1100,64790.0
1690422411,58.9,58.9,58.9,58.9,0,0.0
1690422412,58.9,58.9,58.9,58.9,0,0.0
1690422413,58.91,58.91,58.88,58.88,1600,94218.0
1690422414,58.88,58.88,58.88,58.88,0,0.0
1690422415,58.88,58.88,58.88,58.88,0,0.0
1690422416,58.88,58.88,58.85,58.85,4500,264954.0
1690422417,58.85,58.85,58.85,58.85,0,0.0
1690422418,58.89,58.89,58.89,58.89,1400,82446.0
1690422419,58.89,58.89,58.85,58.85,200,11774.0
1690422420,58.85,58.85,58.85,58.85,0,0.0
1690422421,58.85,58.85,58.85,58.85,400,23540.0
1690422422,58.85,58.85,58.85,58.85,0,0.0
1690422423,58.85,58.85,58.85,58.85,0,0.0
1690422424,58.85,58.85,58.85,58.85,0,0.0
1690422425,58.85,58.85,58.85,58.85,0,0.0
1690422426,58.85,58.85,58.85,58.85,0,0.0
1690422427,58.88,58.88,58.88,58.88,100,5888.0
1690422428,58.88,58.88,58.88,58.88,0,0.0
1690422429,58.85,58.85,58.85,58.85,200,11770.0
1690422430,58.85,58.85,58.85,58.85,0,0.0
1690422431,58.85,58.85,58.85,58.85,200,11770.0
1690422432,58.88,58.88,58.85,58.85,900,52968.0
1690422433,58.85,58.85,58.85,58.85,0,0.0
1690422434,58.89,58.89,58.89,58.89,100,5889.0
1690422435,58.89,58.89,58.89,58.89,0,0.0
1690422436,58.89,58.89,58.89,58.89,0,0.0
1690422437,58.86,58.86,58.85,58.85,300,17656.0
1690422438,58.87,58.87,58.87,58.87,1400,82418.0
1690422439,58.87,58.87,58.87,58.87,0,0.0
1690422440,58.85,58.85,58.85,58.85,800,47080.0
1690422441,58.85,58.85,58.85,58.85,500,29425.0
1690422442,58.85,58.85,58.85,58.85,100,5885.0
1690422443,58.84,58.84,58.84,58.84,700,41188.0
1690422444,58.84,58.84,58.84,58.84,0,0.0
1690422445,58.84,58.84,58.84,58.84,0,0.0
1690422446,58.85,58.85,58.85,58.85,100,5885.0
1690422447,58.85,58.85,58.85,58.85,0,0.0
1690422448,58.85,58.85,58.85,58.85,1400,82390.0
1690422449,58.85,58.85,58.85,58.85,0,0.0
1690422450,58.85,58.85,58.85,58.85,0,0.0
1690422451,58.84,58.85,58.84,58.85,200,11769.0
1690422452,58.85,58.85,58.85,58.85,0,0.0
1690422453,58.84,58.84,58.84,58.84,1300,76492.0
1690422454,58.84,58.84,58.84,58.84,0,0.0
1690422455,58.84,58.84,58.84,58.84,0,0.0
1690422456,58.83,58.84,58.83,58.84,200,11767.0
1690422457,58.84,58.84,58.84,58.84,0,0.0
1690422458,58.84,58.84,58.84,58.84,1400,82376.0
1690422459,58.83,58.83,58.83,58.83,100,5883.0
1690422460,58.83,58.83,58.83,58.83,0,0.0
1690422461,58.83,58.83,58.83,58.83,1300,76479.0
1690422462,58.83,58.84,58.83,58.83,800,47069.0
1690422463,58.83,58.83,58.83,58.83,0,0.0
1690422464,58.83,58.84,58.83,58.83,1000,58831.0
1690422465,58.83,58.83,58.83,58.83,100,5883.0
1690422466,58.83,58.83,58.83,58.83,0,0.0
1690422467,58.83,58.84,58.83,58.83,1400,82365.0
1690422468,58.83,58.83,58.83,58.83,0,0.0
1690422469,58.83,58.83,58.83,58.83,0,0.0
1690422470,58.85,58.85,58.83,58.83,600,35307.0
1690422471,58.83,58.83,58.83,58.83,0,0.0
1690422472,58.84,58.84,58.84,58.84,100,5884.0
1690422473,58.85,58.85,58.84,58.84,1400,82381.0
1690422474,58.84,58.84,58.84,58.84,0,0.0
1690422475,58.85,58.85,58.85,58.85,200,11770.0
1690422476,58.85,58.85,58.85,58.85,0,0.0
1690422477,58.85,58.85,58.85,58.85,0,0.0
1690422478,58.84,58.84,58.84,58.84,1800,105912.0
1690422479,58.84,58.84,58.84,58.84,0,0.0
1690422480,58.84,58.84,58.84,58.84,0,0.0
1690422481,58.84,58.84,58.84,58.84,0,0.0
1690422482,58.84,58.84,58.84,58.84,0,0.0
1690422483,58.83,58.83,58.83,58.83,100,5883.0
1690422484,58.83,58.83,58.83,58.83,0,0.0
1690422485,58.83,58.83,58.83,58.83,0,0.0
1690422486,58.83,58.84,58.83,58.84,1300,76491.0
1690422487,58.84,58.84,58.84,58.84,0,0.0
1690422488,58.87,58.87,58.84,58.84,3100,182418.99999999255
1690422489,58.85,58.85,58.85,58.85,200,11770.0
1690422490,58.85,58.85,58.85,58.85,0,0.0
1690422491,58.85,58.88,58.81,58.81,1800,105905.0
1690422492,58.85,58.86,58.81,58.86,800,47067.0
1690422493,58.86,58.86,58.86,58.86,0,0.0
1690422494,58.83,58.83,58.81,58.81,1400,82351.0
1690422495,58.81,58.81,58.81,58.81,0,0.0
1690422496,58.84,58.84,58.84,58.84,100,5884.0
1690422497,58.84,58.84,58.83,58.83,700,41185.0
1690422498,58.83,58.83,58.83,58.83,0,0.0
1690422499,58.83,58.86,58.83,58.86,200,11769.0
1690422500,58.86,58.86,58.86,58.86,300,17658.0
1690422501,58.86,58.86,58.86,58.86,0,0.0
1690422502,58.83,58.85,58.83,58.85,200,11768.0
1690422503,58.85,58.85,58.85,58.85,0,0.0
1690422504,58.85,58.85,58.85,58.85,800,47080.0
1690422505,58.85,58.85,58.85,58.85,200,11770.0
1690422506,58.85,58.85,58.85,58.85,0,0.0
1690422507,58.83,58.83,58.83,58.83,800,47064.0
1690422508,58.83,58.83,58.83,58.83,0,0.0
1690422509,58.83,58.83,58.83,58.83,0,0.0
1690422510,58.83,58.83,58.83,58.83,0,0.0
1690422511,58.83,58.83,58.83,58.83,0,0.0
1690422512,58.83,58.83,58.83,58.83,0,0.0
1690422513,58.84,58.84,58.83,58.83,600,35301.0
1690422514,58.83,58.83,58.83,58.83,0,0.0
1690422515,58.83,58.83,58.83,58.83,0,0.0
1690422516,58.83,58.83,58.83,58.83,0,0.0
1690422517,58.83,58.83,58.83,58.83,0,0.0
1690422518,58.83,58.83,58.83,58.83,600,35298.0
1690422519,58.84,58.84,58.83,58.83,1700,100026.0
1690422520,58.84,58.84,58.84,58.84,100,5884.0
1690422521,58.83,58.83,58.83,58.83,100,5883.0
1690422522,58.83,58.83,58.83,58.83,0,0.0
1690422523,58.83,58.83,58.83,58.83,0,0.0
1690422524,58.84,58.84,58.83,58.84,3000,176516.0
1690422525,58.84,58.84,58.84,58.84,0,0.0
1690422526,58.84,58.84,58.84,58.84,0,0.0
1690422527,58.84,58.84,58.84,58.84,300,17652.0
1690422528,58.84,58.84,58.84,58.84,0,0.0
1690422529,58.84,58.84,58.84,58.84,600,35304.0
1690422530,58.84,58.84,58.84,58.84,0,0.0
1690422531,58.84,58.84,58.84,58.84,0,0.0
1690422532,58.84,58.84,58.84,58.84,1000,58840.0
1690422533,58.84,58.84,58.84,58.84,0,0.0
1690422534,58.84,58.84,58.84,58.84,0,0.0
1690422535,58.84,58.84,58.84,58.84,0,0.0
1690422536,58.84,58.84,58.84,58.84,0,0.0
1690422537,58.85,58.85,58.85,58.85,200,11770.0
1690422538,58.85,58.85,58.85,58.85,0,0.0
1690422539,58.85,58.85,58.85,58.85,0,0.0
1690422540,58.85,58.85,58.85,58.85,200,11770.0
1690422541,58.85,58.85,58.85,58.85,0,0.0
1690422542,58.85,58.85,58.85,58.85,0,0.0
1690422543,58.85,58.85,58.85,58.85,400,23540.0
1690422544,58.85,58.85,58.85,58.85,0,0.0
1690422545,58.86,58.86,58.86,58.86,200,11772.0
1690422546,58.85,58.85,58.85,58.85,100,5885.0
1690422547,58.85,58.85,58.85,58.85,0,0.0
1690422548,58.85,58.86,58.85,58.86,1300,76513.0
1690422549,58.86,58.86,58.86,58.86,0,0.0
1690422550,58.86,58.86,58.86,58.86,0,0.0
1690422551,58.87,58.87,58.87,58.87,400,23548.0
1690422552,58.87,58.87,58.87,58.87,0,0.0
1690422553,58.87,58.87,58.87,58.87,0,0.0
1690422554,58.87,58.87,58.87,58.87,0,0.0
1690422555,58.87,58.87,58.87,58.87,0,0.0
1690422556,58.87,58.87,58.87,58.87,100,5887.0
1690422557,58.87,58.87,58.87,58.87,0,0.0
1690422558,58.87,58.87,58.87,58.87,0,0.0
1690422559,58.87,58.87,58.87,58.87,1400,82418.0
1690422560,58.87,58.87,58.87,58.87,0,0.0
1690422561,58.88,58.88,58.88,58.88,1200,70656.0
1690422562,58.88,58.88,58.88,58.88,0,0.0
1690422563,58.88,58.88,58.88,58.88,0,0.0
1690422564,58.88,58.88,58.88,58.88,1500,88320.0
1690422565,58.88,58.88,58.88,58.88,0,0.0
1690422566,58.88,58.88,58.88,58.88,100,5888.0
1690422567,58.88,58.88,58.88,58.88,100,5888.0
1690422568,58.88,58.88,58.88,58.88,0,0.0
1690422569,58.87,58.87,58.87,58.87,200,11774.0
1690422570,58.88,58.88,58.88,58.88,200,11776.0
1690422571,58.88,58.88,58.88,58.88,0,0.0
1690422572,58.89,58.9,58.88,58.88,2300,135440.0
1690422573,58.88,58.88,58.88,58.88,200,11776.0
1690422574,58.88,58.88,58.88,58.88,0,0.0
1690422575,58.89,58.89,58.88,58.88,2000,117765.0
1690422576,58.88,58.88,58.88,58.88,0,0.0
1690422577,58.88,58.88,58.88,58.88,0,0.0
1690422578,58.89,58.89,58.89,58.89,200,11778.0
1690422579,58.89,58.89,58.89,58.89,0,0.0
1690422580,58.89,58.89,58.89,58.89,300,17667.0
1690422581,58.9,58.9,58.9,58.9,400,23560.0
1690422582,58.9,58.9,58.9,58.9,0,0.0
1690422583,58.9,58.9,58.9,58.9,300,17670.0
1690422584,58.9,58.9,58.9,58.9,200,11780.0
1690422585,58.9,58.9,58.9,58.9,0,0.0
1690422586,58.9,58.9,58.9,58.9,0,0.0
1690422587,58.9,58.9,58.9,58.9,0,0.0
1690422588,58.9,58.9,58.9,58.9,1500,88350.0
1690422589,58.9,58.9,58.9,58.9,0,0.0
1690422590,58.9,58.9,58.9,58.9,0,0.0
1690422591,58.88,58.88,58.88,58.88,100,5888.0
1690422592,58.89,58.9,58.88,58.88,1100,64775.0
1690422593,58.88,58.88,58.88,58.88,100,5888.0
1690422594,58.89,58.89,58.88,58.88,600,35329.0
1690422595,58.88,58.88,58.88,58.88,0,0.0
1690422596,58.85,58.85,58.85,58.85,900,52965.0
1690422597,58.84,58.88,58.84,58.88,300,17660.0
1690422598,58.88,58.88,58.88,58.88,0,0.0
1690422599,58.87,58.88,58.84,58.84,1400,82424.0
1690422600,58.88,58.88,58.82,58.82,800,47088.0
1690422601,58.89,58.89,58.88,58.88,500,29441.0
1690422602,58.89,58.9,58.88,58.88,10200,600670.0
1690422603,58.88,58.88,58.88,58.88,0,0.0
1690422604,58.88,58.88,58.88,58.88,0,0.0
1690422605,58.88,58.9,58.84,58.84,2800,164841.0
1690422606,58.84,58.84,58.84,58.84,0,0.0
1690422607,58.84,58.84,58.84,58.84,0,0.0
1690422608,58.88,58.88,58.88,58.88,200,11776.0
1690422609,58.88,58.88,58.88,58.88,0,0.0
1690422610,58.88,58.88,58.88,58.88,0,0.0
1690422611,58.88,58.88,58.88,58.88,400,23552.0
1690422612,58.88,58.88,58.88,58.88,0,0.0
1690422613,58.88,58.88,58.84,58.84,900,52968.0
1690422614,58.84,58.84,58.84,58.84,0,0.0
1690422615,58.88,58.88,58.88,58.88,100,5888.0
1690422616,58.88,58.88,58.88,58.88,0,0.0
1690422617,58.88,58.88,58.88,58.88,0,0.0
1690422618,58.84,58.85,58.84,58.85,200,11769.0
1690422619,58.86,58.88,58.84,58.84,1500,88298.0
1690422620,58.84,58.84,58.84,58.84,200,11768.0
1690422621,58.84,58.84,58.84,58.84,100,5884.0
1690422622,58.84,58.84,58.84,58.84,0,0.0
1690422623,58.84,58.84,58.84,58.84,1000,58840.0
1690422624,58.84,58.84,58.84,58.84,0,0.0
1690422625,58.84,58.84,58.84,58.84,0,0.0
1690422626,58.87,58.87,58.84,58.84,1100,64754.0
1690422627,58.84,58.84,58.84,58.84,300,17652.0
1690422628,58.87,58.87,58.87,58.87,1400,82418.0
1690422629,58.87,58.87,58.87,58.87,100,5887.0
1690422630,58.87,58.87,58.87,58.87,0,0.0
1690422631,58.87,58.87,58.87,58.87,0,0.0
1690422632,58.87,58.87,58.84,58.84,400,23545.0
1690422633,58.84,58.84,58.84,58.84,0,0.0
1690422634,58.84,58.84,58.84,58.84,0,0.0
1690422635,58.86,58.86,58.86,58.86,100,5886.0
1690422636,58.86,58.86,58.86,58.86,0,0.0
1690422637,58.86,58.86,58.86,58.86,0,0.0
1690422638,58.86,58.86,58.86,58.86,0,0.0
1690422639,58.84,58.84,58.84,58.84,100,5884.0
1690422640,58.84,58.84,58.84,58.84,100,5884.0
1690422641,58.84,58.84,58.84,58.84,0,0.0
1690422642,58.84,58.84,58.84,58.84,0,0.0
1690422643,58.84,58.84,58.84,58.84,0,0.0
1690422644,58.84,58.84,58.84,58.84,0,0.0
1690422645,58.84,58.84,58.84,58.84,100,5884.0
1690422646,58.84,58.84,58.84,58.84,0,0.0
1690422647,58.84,58.84,58.84,58.84,500,29420.0
1690422648,58.86,58.86,58.86,58.86,100,5886.0
1690422649,58.86,58.86,58.86,58.86,0,0.0
1690422650,58.86,58.86,58.86,58.86,0,0.0
1690422651,58.86,58.86,58.86,58.86,400,23544.0
1690422652,58.86,58.86,58.86,58.86,0,0.0
1690422653,58.86,58.86,58.86,58.86,300,17658.0
1690422654,58.86,58.86,58.86,58.86,0,0.0
1690422655,58.86,58.86,58.86,58.86,0,0.0
1690422656,58.86,58.86,58.86,58.86,0,0.0
1690422657,58.86,58.86,58.86,58.86,0,0.0
1690422658,58.86,58.86,58.86,58.86,0,0.0
1690422659,58.85,58.86,58.84,58.84,5900,347220.0
1690422660,58.84,58.84,58.84,58.84,0,0.0
1690422661,58.84,58.85,58.84,58.84,400,23537.0
1690422662,58.84,58.85,58.84,58.84,3800,223611.0
1690422663,58.84,58.84,58.84,58.84,0,0.0
1690422664,58.83,58.84,58.83,58.84,3400,200054.0
1690422665,58.83,58.85,58.83,58.85,1000,58834.0
1690422666,58.84,58.84,58.84,58.84,1400,82376.0
1690422667,58.84,58.84,58.84,58.84,800,47072.0
1690422668,58.84,58.84,58.84,58.84,0,0.0
1690422669,58.85,58.85,58.85,58.85,1400,82390.0
1690422670,58.84,58.84,58.84,58.84,500,29420.0
1690422671,58.84,58.84,58.84,58.84,0,0.0
1690422672,58.84,58.84,58.84,58.84,200,11768.0
1690422673,58.84,58.84,58.84,58.84,0,0.0
1690422674,58.84,58.84,58.84,58.84,0,0.0
1690422675,58.84,58.85,58.84,58.84,500,29421.0
1690422676,58.84,58.84,58.84,58.84,0,0.0
1690422677,58.84,58.84,58.84,58.84,200,11768.0
1690422678,58.84,58.84,58.84,58.84,0,0.0
1690422679,58.84,58.84,58.84,58.84,0,0.0
1690422680,58.84,58.84,58.84,58.84,2700,158868.0
1690422681,58.84,58.84,58.84,58.84,0,0.0
1690422682,58.84,58.84,58.84,58.84,0,0.0
1690422683,58.85,58.85,58.84,58.84,2000,117697.0
1690422684,58.84,58.84,58.84,58.84,0,0.0
1690422685,58.84,58.84,58.84,58.84,0,0.0
1690422686,58.84,58.84,58.84,58.84,0,0.0
1690422687,58.84,58.84,58.84,58.84,0,0.0
1690422688,58.84,58.84,58.84,58.84,0,0.0
1690422689,58.85,58.85,58.85,58.85,1400,82390.0
1690422690,58.85,58.85,58.85,58.85,0,0.0
1690422691,58.85,58.85,58.85,58.85,0,0.0
1690422692,58.85,58.85,58.85,58.85,400,23540.0
1690422693,58.85,58.85,58.85,58.85,0,0.0
1690422694,58.85,58.85,58.85,58.85,0,0.0
1690422695,58.85,58.85,58.85,58.85,0,0.0
1690422696,58.85,58.85,58.85,58.85,1400,82390.0
1690422697,58.85,58.85,58.85,58.85,0,0.0
1690422698,58.85,58.85,58.85,58.85,0,0.0
1690422699,58.84,58.85,58.84,58.85,1500,88274.0
1690422700,58.85,58.85,58.85,58.85,0,0.0
1690422701,58.85,58.85,58.85,58.85,0,0.0
1690422702,58.84,58.84,58.84,58.84,100,5884.0
1690422703,58.84,58.84,58.84,58.84,0,0.0
1690422704,58.84,58.84,58.84,58.84,0,0.0
1690422705,58.84,58.84,58.84,58.84,100,5884.0
1690422706,58.84,58.84,58.84,58.84,0,0.0
1690422707,58.84,58.84,58.84,58.84,600,35304.0
1690422708,58.84,58.84,58.84,58.84,100,5884.0
1690422709,58.84,58.84,58.84,58.84,0,0.0
1690422710,58.85,58.85,58.85,58.85,100,5885.0
1690422711,58.85,58.85,58.85,58.85,0,0.0
1690422712,58.84,58.84,58.84,58.84,200,11768.0
1690422713,58.85,58.85,58.84,58.84,800,47076.0
1690422714,58.84,58.84,58.84,58.84,0,0.0
1690422715,58.84,58.84,58.84,58.84,0,0.0
1690422716,58.85,58.85,58.85,58.85,200,11770.0
1690422717,58.85,58.85,58.85,58.85,0,0.0
1690422718,58.84,58.84,58.84,58.84,3500,205940.0
1690422719,58.84,58.84,58.84,58.84,1200,70608.0
1690422720,58.86,58.86,58.86,58.86,300,17658.0
1690422721,58.85,58.85,58.84,58.84,500,29424.0
1690422722,58.84,58.84,58.84,58.84,0,0.0
1690422723,58.84,58.84,58.84,58.84,0,0.0
1690422724,58.84,58.84,58.84,58.84,0,0.0
1690422725,58.84,58.84,58.84,58.84,0,0.0
1690422726,58.84,58.84,58.84,58.84,100,5884.0
1690422727,58.84,58.84,58.84,58.84,0,0.0
1690422728,58.85,58.85,58.85,58.85,300,17655.0
1690422729,58.85,58.86,58.85,58.86,2000,117714.0
1690422730,58.86,58.86,58.86,58.86,0,0.0
1690422731,58.85,58.85,58.84,58.84,5200,306003.0
1690422732,58.85,58.86,58.85,58.86,300,17656.0
1690422733,58.86,58.86,58.86,58.86,0,0.0
1690422734,58.86,58.86,58.85,58.85,2300,135369.0
1690422735,58.85,58.85,58.84,58.84,400,23537.0
1690422736,58.84,58.84,58.84,58.84,0,0.0
1690422737,58.86,58.86,58.85,58.85,1500,88280.0
1690422738,58.85,58.85,58.85,58.85,0,0.0
1690422739,58.86,58.86,58.86,58.86,1100,64746.0
1690422740,58.87,58.87,58.85,58.85,700,41203.0
1690422741,58.85,58.85,58.85,58.85,0,0.0
1690422742,58.85,58.85,58.85,58.85,0,0.0
1690422743,58.86,58.86,58.86,58.86,400,23544.0
1690422744,58.86,58.86,58.86,58.86,0,0.0
1690422745,58.86,58.86,58.86,58.86,0,0.0
1690422746,58.86,58.86,58.86,58.86,600,35316.0
1690422747,58.86,58.86,58.86,58.86,0,0.0
1690422748,58.86,58.86,58.86,58.86,400,23544.0
1690422749,58.86,58.86,58.86,58.86,0,0.0
1690422750,58.86,58.86,58.86,58.86,0,0.0
1690422751,58.86,58.86,58.86,58.86,0,0.0
1690422752,58.86,58.86,58.86,58.86,0,0.0
1690422753,58.85,58.85,58.85,58.85,200,11770.0
1690422754,58.85,58.85,58.85,58.85,0,0.0
1690422755,58.85,58.85,58.85,58.85,0,0.0
1690422756,58.85,58.86,58.85,58.86,1300,76517.0
1690422757,58.86,58.86,58.86,58.86,0,0.0
1690422758,58.86,58.86,58.85,58.85,200,11771.0
1690422759,58.85,58.85,58.85,58.85,200,11770.0
1690422760,58.85,58.85,58.85,58.85,0,0.0
1690422761,58.87,58.87,58.86,58.86,300,17660.0
1690422762,58.86,58.86,58.86,58.86,100,5886.0
1690422763,58.86,58.86,58.86,58.86,0,0.0
1690422764,58.87,58.87,58.86,58.86,700,41204.0
1690422765,58.86,58.86,58.86,58.86,0,0.0
1690422766,58.87,58.87,58.86,58.86,1100,64749.0
1690422767,58.87,58.87,58.86,58.86,1300,76520.0
1690422768,58.86,58.86,58.86,58.86,0,0.0
1690422769,58.87,58.87,58.87,58.87,1400,82418.0
1690422770,58.87,58.87,58.86,58.87,1500,88298.0
1690422771,58.87,58.87,58.87,58.87,1300,76531.0
1690422772,58.87,58.87,58.87,58.87,0,0.0
1690422773,58.87,58.88,58.87,58.88,1300,76533.0
1690422774,58.87,58.87,58.87,58.87,100,5887.0
1690422775,58.86,58.86,58.86,58.86,300,17658.0
1690422776,58.86,58.86,58.86,58.86,0,0.0
1690422777,58.87,58.87,58.87,58.87,200,11774.0
1690422778,58.87,58.87,58.87,58.87,0,0.0
1690422779,58.87,58.87,58.87,58.87,0,0.0
1690422780,58.87,58.87,58.87,58.87,0,0.0
1690422781,58.87,58.87,58.87,58.87,0,0.0
1690422782,58.87,58.87,58.87,58.87,0,0.0
1690422783,58.87,58.87,58.87,58.87,900,52983.0
1690422784,58.87,58.87,58.87,58.87,0,0.0
1690422785,58.87,58.87,58.87,58.87,0,0.0
1690422786,58.87,58.88,58.87,58.88,900,52985.0
1690422787,58.88,58.88,58.88,58.88,0,0.0
1690422788,58.88,58.88,58.87,58.87,200,11775.0
1690422789,58.88,58.88,58.88,58.88,300,17664.0
1690422790,58.88,58.88,58.88,58.88,0,0.0
1690422791,58.88,58.88,58.87,58.88,1100,64761.0
1690422792,58.88,58.88,58.88,58.88,0,0.0
1690422793,58.88,58.88,58.88,58.88,0,0.0
1690422794,58.88,58.88,58.88,58.88,700,41216.0
1690422795,58.88,58.88,58.88,58.88,0,0.0
1690422796,58.88,58.88,58.88,58.88,0,0.0
1690422797,58.88,58.89,58.88,58.89,900,52994.0
1690422798,58.89,58.89,58.89,58.89,0,0.0
1690422799,58.89,58.89,58.89,58.89,0,0.0
1690422800,58.88,58.89,58.88,58.89,1100,64773.0
1690422801,58.89,58.89,58.89,58.89,1100,64779.0
1690422802,58.88,58.88,58.88,58.88,1200,70656.0
1690422803,58.88,58.88,58.88,58.88,0,0.0
1690422804,58.89,58.89,58.89,58.89,3200,188448.0
1690422805,58.89,58.9,58.89,58.89,800,47113.0
1690422806,58.89,58.89,58.89,58.89,0,0.0
1690422807,58.9,58.9,58.89,58.89,900,53007.0
1690422808,58.89,58.89,58.89,58.89,0,0.0
1690422809,58.89,58.89,58.89,58.89,100,5889.0
1690422810,58.9,58.9,58.9,58.9,1400,82460.0
1690422811,58.9,58.9,58.9,58.9,0,0.0
1690422812,58.9,58.9,58.9,58.9,0,0.0
1690422813,58.89,58.9,58.89,58.9,1400,82448.0
1690422814,58.9,58.9,58.9,58.9,0,0.0
1690422815,58.91,58.91,58.89,58.89,1800,106022.0
1690422816,58.89,58.89,58.89,58.89,300,17667.0
1690422817,58.91,58.91,58.91,58.91,2200,129602.0
1690422818,58.91,58.91,58.9,58.9,1900,111914.0
1690422819,58.9,58.9,58.9,58.9,0,0.0
1690422820,58.9,58.9,58.9,58.9,0,0.0
1690422821,58.91,58.92,58.91,58.91,1000,58918.0
1690422822,58.91,58.91,58.91,58.91,0,0.0
1690422823,58.92,58.92,58.92,58.92,300,17676.0
1690422824,58.92,58.92,58.92,58.92,300,17676.0
1690422825,58.92,58.92,58.92,58.92,0,0.0
1690422826,58.91,58.92,58.91,58.91,5100,300442.0
1690422827,58.92,58.92,58.92,58.92,300,17676.0
1690422828,58.92,58.92,58.92,58.92,0,0.0
1690422829,58.91,58.91,58.91,58.91,200,11782.0
1690422830,58.91,58.91,58.91,58.91,0,0.0
1690422831,58.91,58.93,58.91,58.93,4300,253333.0
1690422832,58.93,58.93,58.93,58.93,0,0.0
1690422833,58.93,58.93,58.93,58.93,0,0.0
1690422834,58.89,58.92,58.89,58.91,2600,153146.0
1690422835,58.91,58.91,58.91,58.91,0,0.0
1690422836,58.89,58.89,58.89,58.89,800,47112.0
1690422837,58.9,58.9,58.9,58.9,600,35340.0
1690422838,58.9,58.9,58.9,58.9,0,0.0
1690422839,58.89,58.89,58.89,58.89,700,41223.0
1690422840,58.89,58.91,58.89,58.91,1800,106029.0
1690422841,58.91,58.91,58.91,58.91,0,0.0
1690422842,58.89,58.91,58.89,58.91,3400,200262.0
1690422843,58.89,58.89,58.89,58.89,800,47112.0
1690422844,58.91,58.92,58.91,58.92,4600,271017.0
1690422845,58.92,58.92,58.89,58.9,1400,82470.0
1690422846,58.9,58.9,58.9,58.9,0,0.0
1690422847,58.9,58.9,58.9,58.9,0,0.0
1690422848,58.91,58.91,58.9,58.91,2700,159056.0
1690422849,58.91,58.91,58.91,58.91,0,0.0
1690422850,58.91,58.91,58.91,58.91,0,0.0
1690422851,58.91,58.94,58.91,58.94,800,47137.0
1690422852,58.94,58.94,58.94,58.94,0,0.0
1690422853,58.94,58.94,58.94,58.94,0,0.0
1690422854,58.9,58.94,58.9,58.94,1500,88362.0
1690422855,58.94,58.94,58.94,58.94,0,0.0
1690422856,58.94,58.94,58.94,58.94,0,0.0
1690422857,58.94,58.94,58.94,58.94,0,0.0
1690422858,58.91,58.91,58.91,58.91,100,5891.0
1690422859,58.91,58.91,58.91,58.91,0,0.0
1690422860,58.91,58.91,58.91,58.91,0,0.0
1690422861,58.9,58.9,58.9,58.9,300,17670.0
1690422862,58.9,58.9,58.9,58.9,0,0.0
1690422863,58.9,58.9,58.9,58.9,0,0.0
1690422864,58.9,58.9,58.9,58.9,100,5890.0
1690422865,58.9,58.9,58.9,58.9,0,0.0
1690422866,58.91,58.91,58.91,58.91,100,5891.0
1690422867,58.94,58.94,58.91,58.91,800,47140.0
1690422868,58.91,58.91,58.91,58.91,0,0.0
1690422869,58.94,58.94,58.91,58.91,1000,58931.0
1690422870,58.91,58.91,58.91,58.91,100,5891.0
1690422871,58.91,58.91,58.91,58.91,0,0.0
1690422872,58.94,58.94,58.94,58.94,800,47152.0
1690422873,58.94,58.94,58.94,58.94,0,0.0
1690422874,58.94,58.94,58.94,58.94,0,0.0
1690422875,58.91,58.91,58.91,58.91,300,17673.0
1690422876,58.91,58.91,58.91,58.91,0,0.0
1690422877,58.91,58.91,58.91,58.91,100,5891.0
1690422878,58.93,58.93,58.93,58.93,100,5893.0
1690422879,58.93,58.93,58.93,58.93,0,0.0
1690422880,58.93,58.93,58.93,58.93,0,0.0
1690422881,58.94,58.94,58.94,58.94,600,35364.0
1690422882,58.94,58.94,58.94,58.94,0,0.0
1690422883,58.94,58.94,58.94,58.94,0,0.0
1690422884,58.94,58.94,58.94,58.94,0,0.0
1690422885,58.94,58.94,58.94,58.94,0,0.0
1690422886,58.91,58.91,58.91,58.91,100,5891.0
1690422887,58.91,58.91,58.91,58.91,0,0.0
1690422888,58.91,58.91,58.91,58.91,0,0.0
1690422889,58.91,58.91,58.91,58.91,0,0.0
1690422890,58.91,58.91,58.91,58.91,0,0.0
1690422891,58.92,58.93,58.92,58.93,200,11785.0
1690422892,58.93,58.93,58.93,58.93,0,0.0
1690422893,58.91,58.91,58.91,58.91,200,11782.0
1690422894,58.93,58.93,58.91,58.91,1100,64803.0
1690422895,58.91,58.91,58.91,58.91,0,0.0
1690422896,58.93,58.93,58.9,58.9,1300,76606.0
1690422897,58.9,58.93,58.88,58.93,13400,789368.0
1690422898,58.93,58.93,58.93,58.93,0,0.0
1690422899,58.93,58.94,58.88,58.88,9800,577479.0
1690422900,58.88,58.88,58.88,58.88,100,5888.0
1690422901,58.88,58.88,58.88,58.88,0,0.0
1690422902,58.9,58.93,58.88,58.93,3400,200310.0
1690422903,58.93,58.93,58.93,58.93,0,0.0
1690422904,58.93,58.93,58.93,58.93,0,0.0
1690422905,58.9,58.9,58.88,58.88,1500,88338.0
1690422906,58.88,58.88,58.88,58.88,0,0.0
1690422907,58.89,58.89,58.89,58.89,200,11778.0
1690422908,58.9,58.9,58.89,58.89,1500,88338.0
1690422909,58.9,58.9,58.9,58.9,1400,82460.0
1690422910,58.9,58.9,58.9,58.9,0,0.0
1690422911,58.9,58.9,58.9,58.9,0,0.0
1690422912,58.9,58.9,58.9,58.9,0,0.0
1690422913,58.89,58.89,58.89,58.89,100,5889.0
1690422914,58.89,58.89,58.89,58.89,0,0.0
1690422915,58.89,58.89,58.89,58.89,0,0.0
1690422916,58.89,58.89,58.89,58.89,100,5889.0
1690422917,58.89,58.89,58.89,58.89,0,0.0
1690422918,58.88,58.88,58.88,58.88,200,11776.0
1690422919,58.88,58.88,58.88,58.88,0,0.0
1690422920,58.88,58.88,58.88,58.88,0,0.0
1690422921,58.88,58.88,58.88,58.88,500,29440.0
1690422922,58.88,58.88,58.88,58.88,0,0.0
1690422923,58.9,58.9,58.88,58.88,1800,106009.0
1690422924,58.9,58.9,58.9,58.9,100,5890.0
1690422925,58.9,58.9,58.9,58.9,0,0.0
1690422926,58.9,58.9,58.89,58.89,1000,58895.0
1690422927,58.89,58.89,58.89,58.89,0,0.0
1690422928,58.89,58.89,58.89,58.89,0,0.0
1690422929,58.89,58.9,58.89,58.89,1300,76558.0
1690422930,58.89,58.89,58.89,58.89,0,0.0
1690422931,58.89,58.89,58.89,58.89,0,0.0
1690422932,58.9,58.9,58.9,58.9,1600,94240.0
1690422933,58.9,58.9,58.9,58.9,0,0.0
1690422934,58.9,58.9,58.9,58.9,800,47120.0
1690422935,58.9,58.9,58.89,58.89,200,11779.0
1690422936,58.9,58.9,58.9,58.9,1200,70680.0
1690422937,58.9,58.9,58.9,58.9,1000,58900.0
1690422938,58.9,58.9,58.9,58.9,0,0.0
1690422939,58.9,58.9,58.9,58.9,0,0.0
1690422940,58.9,58.9,58.9,58.9,1300,76570.0
1690422941,58.9,58.9,58.9,58.9,0,0.0
1690422942,58.89,58.9,58.89,58.9,600,35339.0
1690422943,58.9,58.9,58.9,58.9,0,0.0
1690422944,58.9,58.9,58.9,58.9,0,0.0
1690422945,58.89,58.89,58.89,58.89,800,47112.0
1690422946,58.89,58.89,58.89,58.89,0,0.0
1690422947,58.89,58.89,58.89,58.89,300,17667.0
1690422948,58.89,58.89,58.89,58.89,300,17667.0
1690422949,58.89,58.89,58.89,58.89,0,0.0
1690422950,58.9,58.9,58.9,58.9,2300,135470.0
1690422951,58.9,58.9,58.9,58.9,0,0.0
1690422952,58.9,58.9,58.9,58.9,0,0.0
1690422953,58.9,58.9,58.89,58.89,1100,64787.0
1690422954,58.89,58.89,58.89,58.89,0,0.0
1690422955,58.89,58.89,58.89,58.89,0,0.0
1690422956,58.9,58.9,58.89,58.89,500,29447.0
1690422957,58.89,58.89,58.89,58.89,0,0.0
1690422958,58.9,58.9,58.9,58.9,300,17670.0
1690422959,58.92,58.92,58.91,58.91,500,29458.0
1690422960,58.91,58.91,58.91,58.91,0,0.0
1690422961,58.9,58.9,58.9,58.9,2400,141360.0
1690422962,58.9,58.9,58.9,58.9,100,5890.0
1690422963,58.89,58.89,58.89,58.89,200,11778.0
1690422964,58.89,58.89,58.89,58.89,0,0.0
1690422965,58.89,58.89,58.89,58.89,0,0.0
1690422966,58.9,58.9,58.9,58.9,100,5890.0
1690422967,58.9,58.9,58.9,58.9,0,0.0
1690422968,58.9,58.9,58.9,58.9,0,0.0
1690422969,58.9,58.9,58.9,58.9,0,0.0
1690422970,58.92,58.92,58.92,58.92,1400,82488.0
1690422971,58.9,58.92,58.9,58.92,800,47126.0
1690422972,58.92,58.92,58.92,58.92,0,0.0
1690422973,58.92,58.92,58.92,58.92,0,0.0
1690422974,58.92,58.92,58.92,58.92,0,0.0
1690422975,58.92,58.92,58.92,58.92,0,0.0
1690422976,58.92,58.92,58.92,58.92,0,0.0
1690422977,58.93,58.93,58.93,58.93,1000,58930.0
1690422978,58.93,58.93,58.93,58.93,300,17679.0
1690422979,58.93,58.93,58.93,58.93,0,0.0
1690422980,58.94,58.94,58.93,58.94,4107,242065.5799999982
1690422981,58.94,58.94,58.94,58.94,0,0.0
1690422982,58.94,58.94,58.94,58.94,400,23576.0
1690422983,58.95,58.95,58.94,58.94,4500,265260.0
1690422984,58.94,58.94,58.94,58.94,0,0.0
1690422985,58.95,58.95,58.95,58.95,100,5895.0
1690422986,58.95,58.95,58.94,58.94,2300,135577.0
1690422987,58.94,58.94,58.94,58.94,0,0.0
1690422988,58.94,58.94,58.94,58.94,0,0.0
1690422989,58.94,58.94,58.94,58.94,400,23576.0
1690422990,58.94,58.94,58.94,58.94,0,0.0
1690422991,58.94,58.94,58.94,58.94,0,0.0
1690422992,58.94,58.94,58.94,58.94,0,0.0
1690422993,58.94,58.95,58.94,58.95,800,47156.0
1690422994,58.94,58.95,58.94,58.95,400,23578.0
1690422995,58.95,58.95,58.95,58.95,0,0.0
1690422996,58.94,58.94,58.94,58.94,500,29470.0
1690422997,58.94,58.94,58.94,58.94,0,0.0
1690422998,58.94,58.94,58.94,58.94,100,5894.0
1690422999,58.94,58.94,58.94,58.94,0,0.0
1690423000,58.94,58.94,58.94,58.94,0,0.0
1690423001,58.94,58.94,58.94,58.94,500,29470.0
1690423002,58.95,58.95,58.95,58.95,300,17685.0
1690423003,58.95,58.95,58.95,58.95,0,0.0
1690423004,58.94,58.95,58.94,58.94,1100,64836.0
1690423005,58.94,58.94,58.94,58.94,0,0.0
1690423006,58.94,58.94,58.94,58.94,0,0.0
1690423007,58.95,58.95,58.94,58.94,900,53053.0
1690423008,58.94,58.94,58.94,58.94,0,0.0
1690423009,58.94,58.94,58.94,58.94,0,0.0
1690423010,58.95,58.95,58.94,58.94,1700,100214.0
1690423011,58.94,58.94,58.94,58.94,0,0.0
1690423012,58.94,58.94,58.94,58.94,0,0.0
1690423013,58.96,58.96,58.96,58.96,1100,64856.0
1690423014,58.96,58.96,58.96,58.96,0,0.0
1690423015,58.96,58.96,58.96,58.96,0,0.0
1690423016,58.96,58.96,58.96,58.96,0,0.0
1690423017,58.96,58.96,58.96,58.96,0,0.0
1690423018,58.96,58.96,58.96,58.96,0,0.0
1690423019,58.96,58.96,58.96,58.96,0,0.0
1690423020,58.96,58.96,58.96,58.96,1400,82544.0
1690423021,58.96,58.96,58.96,58.96,0,0.0
1690423022,58.96,58.96,58.96,58.96,0,0.0
1690423023,58.95,58.96,58.95,58.96,2600,153277.0
1690423024,58.96,58.96,58.96,58.96,0,0.0
1690423025,58.95,58.95,58.95,58.95,100,5895.0
1690423026,58.95,58.95,58.95,58.95,100,5895.0
1690423027,58.95,58.95,58.95,58.95,0,0.0
1690423028,58.95,58.95,58.95,58.95,500,29475.0
1690423029,58.96,58.96,58.96,58.96,200,11792.0
1690423030,58.96,58.96,58.96,58.96,0,0.0
1690423031,58.96,58.96,58.95,58.96,1400,82542.0
1690423032,58.95,58.95,58.95,58.95,500,29475.0
1690423033,58.95,58.95,58.95,58.95,0,0.0
1690423034,58.96,58.96,58.95,58.95,700,41271.0
1690423035,58.95,58.95,58.95,58.95,0,0.0
1690423036,58.96,58.96,58.96,58.96,100,5896.0
1690423037,58.96,58.96,58.96,58.96,100,5896.0
1690423038,58.96,58.96,58.96,58.96,0,0.0
1690423039,58.96,58.96,58.96,58.96,100,5896.0
1690423040,58.96,58.96,58.96,58.96,0,0.0
1690423041,58.96,58.96,58.96,58.96,1100,64856.0
1690423042,58.95,58.95,58.95,58.95,100,5895.0
1690423043,58.96,58.96,58.96,58.96,500,29480.0
1690423044,58.96,58.96,58.96,58.96,0,0.0
1690423045,58.96,58.96,58.96,58.96,100,5896.0
1690423046,58.96,58.96,58.96,58.96,0,0.0
1690423047,58.95,58.95,58.95,58.95,900,53055.0
1690423048,58.95,58.95,58.95,58.95,0,0.0
1690423049,58.95,58.95,58.95,58.95,0,0.0
1690423050,58.95,58.96,58.95,58.96,2600,153293.0
1690423051,58.96,58.96,58.96,58.96,0,0.0
1690423052,58.95,58.95,58.95,58.95,100,5895.0
1690423053,58.95,58.95,58.95,58.95,1400,82530.0
1690423054,58.95,58.95,58.95,58.95,0,0.0
1690423055,58.95,58.95,58.95,58.95,100,5895.0
1690423056,58.95,58.95,58.95,58.95,0,0.0
1690423057,58.95,58.95,58.95,58.95,0,0.0
1690423058,58.96,58.96,58.95,58.96,1300,76646.0
1690423059,58.95,58.95,58.95,58.95,200,11790.0
1690423060,58.95,58.95,58.95,58.95,0,0.0
1690423061,58.96,58.96,58.96,58.96,1500,88440.0
1690423062,58.96,58.96,58.96,58.96,0,0.0
1690423063,58.96,58.96,58.96,58.96,400,23584.0
1690423064,58.96,58.97,58.96,58.96,6500,383245.0
1690423065,58.96,58.96,58.96,58.96,0,0.0
1690423066,58.96,58.96,58.96,58.96,1300,76648.0
1690423067,58.96,58.97,58.96,58.97,1800,106144.0
1690423068,58.97,58.97,58.97,58.97,0,0.0
1690423069,58.96,58.96,58.96,58.96,800,47168.0
1690423070,58.97,58.97,58.97,58.97,1000,58970.0
1690423071,58.97,58.97,58.97,58.97,0,0.0
1690423072,58.97,58.97,58.97,58.97,2100,123837.0
1690423073,58.97,58.97,58.97,58.97,0,0.0
1690423074,58.97,58.97,58.97,58.97,0,0.0
1690423075,58.97,58.97,58.97,58.97,0,0.0
1690423076,58.97,58.97,58.97,58.97,0,0.0
1690423077,58.97,58.97,58.97,58.97,500,29485.0
1690423078,58.97,58.97,58.97,58.97,0,0.0
1690423079,58.97,58.97,58.97,58.97,100,5897.0
1690423080,58.98,58.98,58.98,58.98,1400,82572.0
1690423081,58.98,58.98,58.98,58.98,0,0.0
1690423082,58.97,58.97,58.97,58.97,200,11794.0
1690423083,58.97,58.97,58.97,58.97,1400,82558.0
1690423084,58.97,58.97,58.97,58.97,0,0.0
1690423085,58.98,58.98,58.97,58.97,1800,106155.0
1690423086,58.97,58.97,58.97,58.97,700,41279.0
1690423087,58.98,58.98,58.98,58.98,200,11796.0
1690423088,58.98,58.98,58.97,58.97,10800,636982.0
1690423089,58.97,58.97,58.97,58.97,0,0.0
1690423090,58.98,58.98,58.98,58.98,100,5898.0
1690423091,58.98,58.98,58.97,58.97,3800,224099.0
1690423092,58.97,58.97,58.97,58.97,0,0.0
1690423093,58.98,58.98,58.97,58.97,400,23590.0
1690423094,58.98,58.98,58.97,58.97,3900,230015.0
1690423095,58.98,58.98,58.98,58.98,200,11796.0
1690423096,58.97,58.97,58.97,58.97,200,11794.0
1690423097,58.97,58.97,58.97,58.97,0,0.0
1690423098,58.97,58.97,58.97,58.97,0,0.0
1690423099,58.97,58.97,58.97,58.97,0,0.0
1690423100,58.97,58.97,58.97,58.97,0,0.0
1690423101,58.98,58.98,58.98,58.98,1000,58980.0
1690423102,58.98,58.98,58.98,58.98,0,0.0
1690423103,58.98,58.98,58.98,58.98,0,0.0
1690423104,58.97,58.98,58.97,58.98,1800,106150.0
1690423105,58.98,58.98,58.98,58.98,0,0.0
1690423106,58.97,58.97,58.97,58.97,1000,58970.0
1690423107,58.98,58.98,58.97,58.97,500,29487.0
1690423108,58.97,58.97,58.97,58.97,0,0.0
1690423109,58.97,58.97,58.97,58.97,0,0.0
1690423110,58.98,58.98,58.98,58.98,2200,129756.0
1690423111,58.98,58.98,58.98,58.98,0,0.0
1690423112,58.98,58.98,58.97,58.98,1200,70771.0
1690423113,58.98,58.98,58.98,58.98,0,0.0
1690423114,58.98,58.98,58.98,58.98,0,0.0
1690423115,58.98,58.98,58.97,58.97,1000,58971.0
1690423116,58.97,58.97,58.97,58.97,0,0.0
1690423117,58.98,58.98,58.98,58.98,300,17694.0
1690423118,58.98,58.98,58.97,58.97,600,35387.0
1690423119,58.97,58.97,58.97,58.97,0,0.0
1690423120,58.97,58.98,58.97,58.98,2200,129752.0
1690423121,58.98,58.98,58.98,58.98,100,5898.0
1690423122,58.98,58.98,58.98,58.98,0,0.0
1690423123,58.98,58.98,58.98,58.98,0,0.0
1690423124,58.98,58.98,58.98,58.98,500,29490.0
1690423125,58.98,58.98,58.98,58.98,0,0.0
1690423126,58.98,58.98,58.98,58.98,0,0.0
1690423127,58.98,58.98,58.98,58.98,0,0.0
1690423128,58.98,58.98,58.98,58.98,0,0.0
1690423129,58.98,58.98,58.98,58.98,0,0.0
1690423130,58.98,58.98,58.98,58.98,0,0.0
1690423131,58.98,58.98,58.98,58.98,2200,129756.0
1690423132,58.98,58.98,58.97,58.97,600,35386.0
1690423133,58.98,58.98,58.97,58.97,300,17692.0
1690423134,58.98,58.98,58.98,58.98,1100,64878.0
1690423135,58.98,58.98,58.98,58.98,0,0.0
1690423136,58.97,58.97,58.97,58.97,100,5897.0
1690423137,58.98,58.98,58.98,58.98,800,47184.0
1690423138,58.98,58.98,58.98,58.98,0,0.0
1690423139,58.98,58.98,58.97,58.97,600,35384.0
1690423140,58.97,58.97,58.97,58.97,0,0.0
1690423141,58.97,58.97,58.97,58.97,0,0.0
1690423142,58.98,58.98,58.98,58.98,1300,76674.0
1690423143,58.98,58.98,58.98,58.98,0,0.0
1690423144,58.98,58.98,58.98,58.98,600,35388.0
1690423145,58.98,58.98,58.98,58.98,700,41286.0
1690423146,58.98,58.98,58.98,58.98,0,0.0
1690423147,58.98,58.98,58.98,58.98,0,0.0
1690423148,58.98,58.98,58.98,58.98,100,5898.0
1690423149,58.98,58.98,58.98,58.98,0,0.0
1690423150,58.98,58.98,58.97,58.98,1700,100264.0
1690423151,58.98,58.98,58.98,58.98,0,0.0
1690423152,58.98,58.98,58.98,58.98,0,0.0
1690423153,58.98,58.98,58.98,58.98,0,0.0
1690423154,58.98,58.98,58.98,58.98,0,0.0
1690423155,58.98,58.98,58.98,58.98,800,47184.0
1690423156,58.98,58.98,58.98,58.98,100,5898.0
1690423157,58.98,58.98,58.98,58.98,0,0.0
1690423158,58.98,58.98,58.98,58.98,0,0.0
1690423159,58.98,58.98,58.98,58.98,0,0.0
1690423160,58.97,58.97,58.97,58.97,200,11794.0
1690423161,58.97,58.98,58.97,58.98,300,17692.0
1690423162,58.98,58.98,58.98,58.98,0,0.0
1690423163,58.97,58.97,58.97,58.97,200,11794.0
1690423164,58.97,58.97,58.95,58.95,12500,736989.0
1690423165,58.95,58.95,58.95,58.95,0,0.0
1690423166,58.94,58.95,58.94,58.95,7300,430300.0
1690423167,58.95,58.95,58.95,58.95,0,0.0
1690423168,58.95,58.95,58.95,58.95,0,0.0
1690423169,58.95,58.95,58.94,58.94,4500,265256.0
1690423170,58.94,58.94,58.94,58.94,0,0.0
1690423171,58.94,58.94,58.94,58.94,700,41258.0
1690423172,58.94,58.95,58.94,58.95,1400,82524.0
1690423173,58.95,58.95,58.95,58.95,0,0.0
1690423174,58.94,58.94,58.94,58.94,1000,58940.0
1690423175,58.95,58.95,58.95,58.95,2500,147375.0
1690423176,58.95,58.95,58.95,58.95,0,0.0
1690423177,58.94,58.95,58.94,58.94,1100,64840.0
1690423178,58.95,58.95,58.94,58.95,1300,76634.0
1690423179,58.95,58.95,58.95,58.95,0,0.0
1690423180,58.94,58.94,58.94,58.94,10200,601188.0
1690423181,58.94,58.94,58.94,58.94,0,0.0
1690423182,58.97,58.97,58.96,58.96,4700,277115.0
1690423183,58.96,58.96,58.96,58.96,0,0.0
1690423184,58.96,58.96,58.96,58.96,0,0.0
1690423185,58.99,58.99,58.99,58.99,2100,123879.0
1690423186,58.99,58.99,58.99,58.99,0,0.0
1690423187,59.0,59.0,58.99,58.99,1500,88490.0
1690423188,59.0,59.0,58.99,59.0,5500,324499.0
1690423189,59.0,59.0,59.0,59.0,0,0.0
1690423190,59.05,59.05,59.05,59.05,1600,94480.0
1690423191,59.02,59.05,59.02,59.05,1800,106284.0
1690423192,59.05,59.05,59.05,59.05,0,0.0
1690423193,59.06,59.08,59.02,59.02,3400,200792.0
1690423194,59.02,59.08,59.01,59.06,1300,76746.0
1690423195,59.06,59.06,59.06,59.06,0,0.0
1690423196,59.07,59.07,59.01,59.01,1600,94481.0
1690423197,59.01,59.01,59.01,59.01,0,0.0
1690423198,59.03,59.03,59.03,59.03,100,5903.0
1690423199,59.02,59.02,59.02,59.02,100,5902.0
1690423200,59.02,59.02,59.02,59.02,0,0.0
1690423201,59.02,59.03,59.01,59.03,300,17706.0
1690423202,59.01,59.03,59.01,59.03,600,35416.0
1690423203,59.03,59.03,59.03,59.03,0,0.0
1690423204,59.01,59.03,59.01,59.01,2300,135729.0
1690423205,59.01,59.01,59.01,59.01,0,0.0
1690423206,59.01,59.01,59.01,59.01,0,0.0
1690423207,59.01,59.01,59.01,59.01,0,0.0
1690423208,59.01,59.01,59.01,59.01,0,0.0
1690423209,59.02,59.02,59.02,59.02,200,11804.0
1690423210,59.02,59.02,59.02,59.02,0,0.0
1690423211,59.02,59.02,59.02,59.02,0,0.0
1690423212,59.02,59.02,59.02,59.02,1000,59020.0
1690423213,59.02,59.03,59.02,59.03,200,11805.0
1690423214,59.03,59.03,59.03,59.03,0,0.0
1690423215,59.04,59.04,59.02,59.02,1200,70834.0
1690423216,59.02,59.02,59.02,59.02,0,0.0
1690423217,59.02,59.02,59.02,59.02,0,0.0
1690423218,59.02,59.02,59.01,59.01,1300,76725.0
1690423219,59.01,59.01,59.01,59.01,0,0.0
1690423220,58.97,59.04,58.97,58.99,18000,1062076.0
1690423221,58.97,58.99,58.97,58.99,1300,76667.0
1690423222,58.99,58.99,58.99,58.99,100,5899.0
1690423223,59.02,59.04,59.0,59.0,2800,165256.0
1690423224,59.0,59.0,59.0,59.0,0,0.0
1690423225,59.0,59.0,59.0,59.0,0,0.0
1690423226,59.0,59.0,59.0,59.0,0,0.0
1690423227,59.0,59.0,59.0,59.0,0,0.0
1690423228,59.0,59.0,59.0,59.0,1500,88500.0
1690423229,59.0,59.0,59.0,59.0,300,17700.0
1690423230,59.0,59.0,58.99,58.99,1300,76699.0
1690423231,59.0,59.0,59.0,59.0,1900,112100.0
1690423232,59.0,59.0,59.0,59.0,0,0.0
1690423233,59.0,59.0,59.0,59.0,2300,135700.0
1690423234,59.0,59.0,59.0,59.0,1000,59000.0
1690423235,59.0,59.0,59.0,59.0,0,0.0
1690423236,59.0,59.0,59.0,59.0,100,5900.0
1690423237,59.0,59.0,59.0,59.0,3000,177000.0
1690423238,59.0,59.0,59.0,59.0,900,53100.0
1690423239,59.02,59.02,59.02,59.02,400,23608.0
1690423240,59.02,59.02,59.02,59.02,0,0.0
1690423241,59.02,59.02,59.02,59.02,0,0.0
1690423242,59.0,59.0,59.0,59.0,2100,123900.0
1690423243,59.0,59.0,59.0,59.0,0,0.0
1690423244,59.0,59.0,59.0,59.0,0,0.0
1690423245,59.01,59.01,59.01,59.01,200,11802.0
1690423246,59.01,59.01,59.01,59.01,0,0.0
1690423247,59.01,59.01,59.0,59.0,900,53106.0
1690423248,59.0,59.0,59.0,59.0,0,0.0
1690423249,59.0,59.0,59.0,59.0,0,0.0
1690423250,59.0,59.0,59.0,59.0,0,0.0
1690423251,59.0,59.0,59.0,59.0,0,0.0
1690423252,59.0,59.0,59.0,59.0,0,0.0
1690423253,59.0,59.0,59.0,59.0,0,0.0
1690423254,59.0,59.0,59.0,59.0,0,0.0
1690423255,59.0,59.0,59.0,59.0,600,35400.0
1690423256,59.0,59.01,59.0,59.01,700,41301.0
1690423257,59.01,59.01,59.01,59.01,0,0.0
1690423258,59.0,59.0,59.0,59.0,100,5900.0
1690423259,59.0,59.0,59.0,59.0,0,0.0
1690423260,59.0,59.0,59.0,59.0,0,0.0
1690423261,59.01,59.01,59.0,59.0,8500,501525.0
1690423262,59.0,59.0,59.0,59.0,0,0.0
1690423263,59.0,59.0,59.0,59.0,600,35400.0
1690423264,59.0,59.0,59.0,59.0,0,0.0
1690423265,59.0,59.0,59.0,59.0,0,0.0
1690423266,59.01,59.01,59.01,59.01,700,41307.0
1690423267,59.01,59.01,59.01,59.01,300,17703.0
1690423268,59.0,59.0,59.0,59.0,1000,59000.0
1690423269,59.01,59.01,59.0,59.0,1300,76703.0
1690423270,59.0,59.0,59.0,59.0,0,0.0
1690423271,59.01,59.01,59.01,59.01,1400,82614.0
1690423272,59.01,59.01,59.01,59.01,0,0.0
1690423273,59.01,59.01,59.01,59.01,0,0.0
1690423274,59.01,59.01,59.0,59.01,1800,106207.0
1690423275,59.01,59.01,59.01,59.01,1200,70812.0
1690423276,59.01,59.01,59.01,59.01,0,0.0
1690423277,59.0,59.01,59.0,59.01,400,23602.0
1690423278,59.01,59.01,59.01,59.01,0,0.0
1690423279,59.01,59.01,59.01,59.01,0,0.0
1690423280,59.01,59.01,59.01,59.01,600,35406.0
1690423281,59.01,59.01,59.01,59.01,0,0.0
1690423282,59.0,59.0,59.0,59.0,900,53100.0
1690423283,59.01,59.01,59.0,59.0,600,35405.0
1690423284,59.0,59.0,59.0,59.0,0,0.0
1690423285,59.01,59.01,59.01,59.01,100,5901.0
1690423286,59.01,59.01,59.01,59.01,0,0.0
1690423287,59.01,59.01,59.01,59.01,0,0.0
1690423288,59.01,59.01,59.01,59.01,0,0.0
1690423289,59.01,59.01,59.01,59.01,0,0.0
1690423290,59.01,59.01,59.01,59.01,0,0.0
1690423291,59.0,59.01,59.0,59.01,1500,88514.0
1690423292,59.01,59.01,59.01,59.01,0,0.0
1690423293,59.01,59.01,59.01,59.01,0,0.0
1690423294,59.0,59.0,59.0,59.0,200,11800.0
1690423295,59.0,59.0,59.0,59.0,0,0.0
1690423296,59.0,59.01,59.0,59.01,2200,129802.0
1690423297,59.01,59.01,59.01,59.01,0,0.0
1690423298,59.0,59.0,59.0,59.0,700,41300.0
1690423299,59.0,59.0,59.0,59.0,0,0.0
1690423300,59.0,59.0,59.0,59.0,0,0.0
1690423301,59.0,59.0,59.0,59.0,700,41300.0
1690423302,59.0,59.0,59.0,59.0,0,0.0
1690423303,59.0,59.0,59.0,59.0,100,5900.0
1690423304,59.0,59.01,59.0,59.01,10600,625501.0
1690423305,59.01,59.01,59.01,59.01,0,0.0
1690423306,59.01,59.01,59.01,59.01,0,0.0
1690423307,59.01,59.01,59.0,59.0,2200,129813.0
1690423308,59.0,59.0,59.0,59.0,0,0.0
1690423309,59.0,59.0,59.0,59.0,0,0.0
1690423310,59.0,59.0,59.0,59.0,0,0.0
1690423311,59.0,59.0,59.0,59.0,0,0.0
1690423312,59.0,59.0,59.0,59.0,0,0.0
1690423313,59.01,59.01,59.01,59.01,200,11802.0
1690423314,59.01,59.01,59.01,59.01,0,0.0
1690423315,59.01,59.01,59.01,59.01,0,0.0
1690423316,59.01,59.01,59.01,59.01,0,0.0
1690423317,59.01,59.01,59.01,59.01,400,23604.0
1690423318,59.01,59.01,59.01,59.01,0,0.0
1690423319,59.01,59.01,59.01,59.01,0,0.0
1690423320,59.0,59.0,59.0,59.0,100,5900.0
1690423321,59.01,59.01,59.01,59.01,1400,82614.0
1690423322,59.01,59.01,59.01,59.01,0,0.0
1690423323,59.01,59.01,59.0,59.0,6900,407146.0
1690423324,59.0,59.0,59.0,59.0,0,0.0
1690423325,59.0,59.0,59.0,59.0,400,23600.0
1690423326,59.0,59.0,59.0,59.0,100,5900.0
1690423327,59.0,59.0,59.0,59.0,0,0.0
1690423328,59.0,59.0,59.0,59.0,1200,70800.0
1690423329,59.0,59.0,59.0,59.0,0,0.0
1690423330,59.0,59.0,59.0,59.0,0,0.0
1690423331,59.01,59.01,59.01,59.01,800,47208.0
1690423332,59.01,59.01,59.01,59.01,0,0.0
1690423333,59.01,59.01,59.01,59.01,0,0.0
1690423334,59.01,59.01,59.01,59.01,100,5901.0
1690423335,59.01,59.01,59.01,59.01,0,0.0
1690423336,59.01,59.01,59.01,59.01,0,0.0
1690423337,59.01,59.01,59.01,59.01,0,0.0
1690423338,59.01,59.01,59.01,59.01,900,53109.0
1690423339,59.01,59.01,59.01,59.01,0,0.0
1690423340,59.01,59.01,59.01,59.01,0,0.0
1690423341,59.01,59.01,59.01,59.01,0,0.0
1690423342,59.02,59.02,59.01,59.01,1900,112124.0
1690423343,59.01,59.01,59.01,59.01,0,0.0
1690423344,59.01,59.01,59.01,59.01,0,0.0
1690423345,59.01,59.01,59.01,59.01,0,0.0
1690423346,59.01,59.01,59.01,59.01,0,0.0
1690423347,59.01,59.01,59.01,59.01,0,0.0
1690423348,59.01,59.01,59.01,59.01,0,0.0
1690423349,59.01,59.01,59.01,59.01,0,0.0
1690423350,59.01,59.01,59.01,59.01,0,0.0
1690423351,59.01,59.01,59.01,59.01,0,0.0
1690423352,59.01,59.01,59.01,59.01,0,0.0
1690423353,59.01,59.01,59.01,59.01,0,0.0
1690423354,59.01,59.01,59.01,59.01,0,0.0
1690423355,59.02,59.02,59.02,59.02,200,11804.0
1690423356,59.02,59.02,59.02,59.02,700,41314.0
1690423357,59.02,59.02,59.02,59.02,0,0.0
1690423358,59.02,59.02,59.02,59.02,200,11804.0
1690423359,59.02,59.02,59.02,59.02,800,47216.0
1690423360,59.02,59.02,59.02,59.02,100,5902.0
1690423361,59.03,59.03,59.03,59.03,2300,135769.0
1690423362,59.03,59.03,59.03,59.03,0,0.0
1690423363,59.03,59.03,59.03,59.03,3300,194799.0
1690423364,59.03,59.03,59.03,59.03,200,11806.0
1690423365,59.03,59.03,59.03,59.03,0,0.0
1690423366,59.03,59.03,59.03,59.03,500,29515.0
1690423367,59.04,59.04,59.04,59.04,600,35424.0
1690423368,59.03,59.03,59.03,59.03,1000,59030.0
1690423369,59.03,59.03,59.03,59.03,2000,118060.0
1690423370,59.03,59.03,59.03,59.03,0,0.0
1690423371,59.03,59.03,59.03,59.03,0,0.0
1690423372,59.04,59.04,59.04,59.04,3000,177120.0
1690423373,59.04,59.04,59.04,59.04,0,0.0
1690423374,59.05,59.05,59.05,59.05,100,5905.0
1690423375,59.05,59.05,59.05,59.05,0,0.0
1690423376,59.05,59.05,59.05,59.05,700,41335.0
1690423377,59.05,59.05,59.05,59.05,0,0.0
1690423378,59.05,59.05,59.05,59.05,0,0.0
1690423379,59.05,59.05,59.05,59.05,100,5905.0
1690423380,59.04,59.04,59.04,59.04,900,53136.0
1690423381,59.04,59.04,59.04,59.04,0,0.0
1690423382,59.04,59.05,59.04,59.05,700,41330.0
1690423383,59.05,59.05,59.05,59.05,0,0.0
1690423384,59.02,59.02,59.0,59.0,3500,206561.34999999404
1690423385,59.01,59.05,59.01,59.05,6400,377810.0
1690423386,59.05,59.05,59.05,59.05,0,0.0
1690423387,59.05,59.05,59.05,59.05,0,0.0
1690423388,59.0,59.04,59.0,59.04,1200,70844.0
1690423389,59.04,59.04,59.04,59.04,0,0.0
1690423390,59.04,59.04,59.04,59.04,200,11808.0
1690423391,59.04,59.04,59.04,59.04,1700,100368.0
1690423392,59.04,59.04,59.04,59.04,0,0.0
1690423393,59.0,59.0,59.0,59.0,100,5900.0
1690423394,59.0,59.0,59.0,59.0,100,5900.0
1690423395,59.0,59.0,59.0,59.0,0,0.0
1690423396,59.0,59.0,59.0,59.0,100,5900.0
1690423397,59.0,59.0,59.0,59.0,0,0.0
1690423398,59.03,59.03,59.0,59.0,1200,70812.0
1690423399,59.03,59.03,59.03,59.03,100,5903.0
1690423400,59.03,59.03,59.03,59.03,0,0.0
1690423401,59.03,59.04,59.0,59.04,2100,123959.0
1690423402,59.04,59.04,59.04,59.04,0,0.0
1690423403,59.0,59.0,59.0,59.0,400,23600.0
1690423404,59.0,59.0,59.0,59.0,0,0.0
1690423405,59.0,59.0,59.0,59.0,0,0.0
1690423406,59.0,59.0,59.0,59.0,0,0.0
1690423407,59.0,59.0,59.0,59.0,0,0.0
1690423408,59.0,59.0,59.0,59.0,0,0.0
1690423409,59.03,59.03,59.03,59.03,600,35418.0
1690423410,59.03,59.03,59.03,59.03,0,0.0
1690423411,59.03,59.03,59.03,59.03,0,0.0
1690423412,59.03,59.03,59.03,59.03,0,0.0
1690423413,59.03,59.03,59.03,59.03,0,0.0
1690423414,59.03,59.03,59.03,59.03,0,0.0
1690423415,59.0,59.0,59.0,59.0,200,11800.0
1690423416,59.0,59.0,59.0,59.0,0,0.0
1690423417,59.0,59.0,59.0,59.0,0,0.0
1690423418,59.0,59.0,59.0,59.0,0,0.0
1690423419,59.01,59.01,59.01,59.01,100,5901.0
1690423420,59.01,59.01,59.01,59.01,0,0.0
1690423421,59.01,59.01,59.01,59.01,0,0.0
1690423422,59.01,59.01,59.01,59.01,0,0.0
1690423423,59.01,59.01,59.01,59.01,0,0.0
1690423424,59.01,59.01,59.01,59.01,0,0.0
1690423425,59.01,59.01,59.01,59.01,0,0.0
1690423426,59.0,59.0,59.0,59.0,8000,472000.0
1690423427,59.0,59.0,59.0,59.0,0,0.0
1690423428,59.0,59.01,59.0,59.0,1500,88502.0
1690423429,59.01,59.01,59.01,59.01,1600,94416.0
1690423430,59.01,59.01,59.01,59.01,0,0.0
1690423431,59.0,59.0,59.0,59.0,300,17700.0
1690423432,59.0,59.0,59.0,59.0,0,0.0
1690423433,59.0,59.0,59.0,59.0,500,29500.0
1690423434,59.0,59.0,59.0,59.0,300,17700.0
1690423435,59.0,59.0,59.0,59.0,0,0.0
1690423436,58.99,59.01,58.99,59.0,7400,436618.0
1690423437,59.0,59.0,59.0,59.0,0,0.0
1690423438,59.0,59.0,59.0,59.0,1650,97350.0
1690423439,59.0,59.01,59.0,59.0,1700,100308.0
1690423440,59.0,59.0,59.0,59.0,0,0.0
1690423441,59.0,59.0,59.0,59.0,0,0.0
1690423442,59.01,59.01,59.0,59.0,1800,106215.0
1690423443,59.0,59.0,59.0,59.0,0,0.0
1690423444,59.0,59.0,59.0,59.0,0,0.0
1690423445,59.0,59.0,58.99,59.0,2500,147499.0
1690423446,59.0,59.0,59.0,59.0,200,11800.0
1690423447,59.0,59.0,59.0,59.0,0,0.0
1690423448,59.0,59.0,59.0,59.0,0,0.0
1690423449,59.0,59.0,59.0,59.0,0,0.0
1690423450,59.0,59.0,59.0,59.0,0,0.0
1690423451,59.0,59.0,59.0,59.0,0,0.0
1690423452,59.0,59.0,59.0,59.0,0,0.0
1690423453,59.0,59.0,59.0,59.0,100,5900.0
1690423454,59.0,59.0,59.0,59.0,0,0.0
1690423455,59.0,59.0,59.0,59.0,0,0.0
1690423456,59.0,59.0,59.0,59.0,0,0.0
1690423457,58.99,58.99,58.99,58.99,100,5899.0
1690423458,59.0,59.0,59.0,59.0,100,5900.0
1690423459,59.0,59.0,59.0,59.0,0,0.0
1690423460,59.0,59.0,59.0,59.0,0,0.0
1690423461,58.99,58.99,58.99,58.99,100,5899.0
1690423462,58.99,58.99,58.99,58.99,0,0.0
1690423463,58.99,59.0,58.99,59.0,1000,58993.0
1690423464,59.0,59.0,59.0,59.0,300,17700.0
1690423465,58.99,58.99,58.99,58.99,500,29495.0
1690423466,59.0,59.0,59.0,59.0,200,11800.0
1690423467,59.0,59.0,59.0,59.0,0,0.0
1690423468,59.0,59.0,59.0,59.0,600,35400.0
1690423469,59.0,59.0,59.0,59.0,200,11800.0
1690423470,59.0,59.0,59.0,59.0,0,0.0
1690423471,59.0,59.0,59.0,59.0,0,0.0
1690423472,59.0,59.0,59.0,59.0,200,11800.0
1690423473,59.0,59.0,59.0,59.0,0,0.0
1690423474,59.0,59.0,59.0,59.0,0,0.0
1690423475,59.0,59.0,59.0,59.0,0,0.0
1690423476,59.0,59.0,59.0,59.0,0,0.0
1690423477,59.0,59.0,59.0,59.0,0,0.0
1690423478,59.0,59.0,59.0,59.0,0,0.0
1690423479,59.0,59.0,59.0,59.0,0,0.0
1690423480,59.0,59.0,59.0,59.0,0,0.0
1690423481,59.0,59.0,59.0,59.0,0,0.0
1690423482,59.0,59.0,59.0,59.0,1400,82600.0
1690423483,59.0,59.0,59.0,59.0,0,0.0
1690423484,58.99,58.99,58.99,58.99,1500,88485.0
1690423485,59.0,59.0,58.99,58.99,2400,141583.0
1690423486,58.99,58.99,58.99,58.99,0,0.0
1690423487,58.99,58.99,58.99,58.99,0,0.0
1690423488,58.99,58.99,58.99,58.99,0,0.0
1690423489,58.99,58.99,58.99,58.99,0,0.0
1690423490,59.0,59.0,58.98,59.0,1000,58998.0
1690423491,59.0,59.0,59.0,59.0,0,0.0
1690423492,59.0,59.0,59.0,59.0,0,0.0
1690423493,59.0,59.0,58.98,58.98,600,35390.0
1690423494,58.98,58.98,58.98,58.98,0,0.0
1690423495,58.98,58.98,58.98,58.98,0,0.0
1690423496,59.0,59.0,58.99,58.99,1000,58998.0
1690423497,58.99,58.99,58.99,58.99,0,0.0
1690423498,58.99,58.99,58.99,58.99,0,0.0
1690423499,59.0,59.0,58.99,58.99,500,29497.0
1690423500,58.99,58.99,58.99,58.99,0,0.0
1690423501,58.99,58.99,58.99,58.99,200,11798.0
1690423502,58.99,58.99,58.99,58.99,0,0.0
1690423503,58.99,58.99,58.99,58.99,0,0.0
1690423504,59.0,59.01,59.0,59.01,6450,380551.0
1690423505,59.01,59.01,59.01,59.01,0,0.0
1690423506,59.01,59.01,59.01,59.01,0,0.0
1690423507,59.0,59.01,59.0,59.01,200,11801.0
1690423508,59.01,59.01,59.01,59.01,0,0.0
1690423509,59.01,59.01,59.01,59.01,0,0.0
1690423510,59.01,59.01,59.01,59.01,0,0.0
1690423511,59.0,59.0,59.0,59.0,100,5900.0
1690423512,59.01,59.01,59.0,59.0,2600,153414.0
1690423513,59.0,59.0,59.0,59.0,0,0.0
1690423514,59.0,59.0,59.0,59.0,0,0.0
1690423515,59.01,59.01,59.01,59.01,100,5901.0
1690423516,59.01,59.01,59.01,59.01,0,0.0
1690423517,59.0,59.0,59.0,59.0,4500,265500.0
1690423518,59.01,59.01,59.01,59.01,100,5901.0
1690423519,59.01,59.01,59.01,59.01,0,0.0
1690423520,59.01,59.01,59.01,59.01,0,0.0
1690423521,59.01,59.01,59.01,59.01,0,0.0
1690423522,59.01,59.01,59.01,59.01,0,0.0
1690423523,59.01,59.01,59.0,59.0,800,47206.0
1690423524,59.0,59.0,59.0,59.0,0,0.0
1690423525,59.0,59.0,59.0,59.0,0,0.0
1690423526,59.0,59.0,59.0,59.0,100,5900.0
1690423527,59.0,59.0,59.0,59.0,0,0.0
1690423528,59.01,59.01,59.0,59.0,1400,82603.0
1690423529,59.0,59.0,59.0,59.0,400,23600.0
1690423530,59.0,59.0,59.0,59.0,0,0.0
1690423531,59.0,59.0,59.0,59.0,0,0.0
1690423532,59.0,59.0,59.0,59.0,0,0.0
1690423533,59.01,59.01,59.0,59.0,400,23602.0
1690423534,59.0,59.0,59.0,59.0,0,0.0
1690423535,59.0,59.0,59.0,59.0,0,0.0
1690423536,59.0,59.0,59.0,59.0,0,0.0
1690423537,59.0,59.0,59.0,59.0,0,0.0
1690423538,59.0,59.0,59.0,59.0,900,53100.0
1690423539,59.01,59.01,59.01,59.01,300,17703.0
1690423540,59.01,59.01,59.01,59.01,0,0.0
1690423541,59.01,59.01,59.01,59.01,0,0.0
1690423542,59.01,59.01,59.01,59.01,0,0.0
1690423543,59.01,59.01,59.01,59.01,0,0.0
1690423544,59.02,59.02,59.02,59.02,100,5902.0
1690423545,59.02,59.02,59.02,59.02,0,0.0
1690423546,59.02,59.02,59.02,59.02,0,0.0
1690423547,59.02,59.02,59.02,59.02,0,0.0
1690423548,59.02,59.02,59.02,59.02,0,0.0
1690423549,59.01,59.02,59.01,59.01,800,47209.0
1690423550,59.01,59.01,59.01,59.01,200,11802.0
1690423551,59.01,59.01,59.01,59.01,0,0.0
1690423552,59.01,59.01,59.01,59.01,0,0.0
1690423553,59.01,59.01,59.01,59.01,0,0.0
1690423554,59.02,59.02,59.02,59.02,300,17706.0
1690423555,59.02,59.02,59.01,59.01,1100,64913.0
1690423556,59.01,59.01,59.01,59.01,0,0.0
1690423557,59.01,59.01,59.01,59.01,200,11802.0
1690423558,59.01,59.01,59.01,59.01,500,29505.0
1690423559,59.01,59.01,59.01,59.01,0,0.0
1690423560,59.01,59.01,59.01,59.01,200,11802.0
1690423561,59.01,59.01,59.01,59.01,200,11802.0
1690423562,59.01,59.01,59.01,59.01,0,0.0
1690423563,59.01,59.01,59.01,59.01,1800,106218.0
1690423564,59.01,59.01,59.01,59.01,0,0.0
1690423565,59.01,59.01,59.01,59.01,1100,64911.0
1690423566,59.01,59.01,59.01,59.01,300,17703.0
1690423567,59.01,59.01,59.01,59.01,0,0.0
1690423568,59.01,59.01,59.01,59.01,100,5901.0
1690423569,59.01,59.01,59.0,59.0,2600,153407.0
1690423570,59.0,59.0,59.0,59.0,0,0.0
1690423571,58.99,58.99,58.99,58.99,800,47192.0
1690423572,58.99,59.02,58.98,58.98,2400,141572.54999999702
1690423573,58.98,58.98,58.98,58.98,0,0.0
1690423574,58.97,58.97,58.96,58.96,3000,176903.0
1690423575,58.96,58.96,58.96,58.96,0,0.0
1690423576,58.96,58.96,58.96,58.96,0,0.0
1690423577,58.97,58.97,58.96,58.96,400,23587.0
1690423578,58.96,58.96,58.96,58.96,0,0.0
1690423579,58.97,58.97,58.97,58.97,300,17691.0
1690423580,58.96,58.97,58.96,58.97,400,23587.0
1690423581,58.97,58.97,58.97,58.97,100,5897.0
1690423582,58.97,58.97,58.97,58.97,1400,82558.0
1690423583,58.97,58.97,58.97,58.97,900,53073.0
1690423584,58.97,58.97,58.97,58.97,0,0.0
1690423585,58.97,58.97,58.97,58.97,0,0.0
1690423586,58.97,58.97,58.97,58.97,0,0.0
1690423587,58.97,58.97,58.97,58.97,0,0.0
1690423588,58.97,58.97,58.97,58.97,100,5897.0
1690423589,58.97,58.97,58.97,58.97,0,0.0
1690423590,58.97,58.97,58.97,58.97,0,0.0
1690423591,58.97,58.97,58.97,58.97,0,0.0
1690423592,58.98,58.98,58.98,58.98,100,5898.0
1690423593,58.97,58.97,58.97,58.97,500,29485.0
1690423594,58.97,58.97,58.97,58.97,0,0.0
1690423595,58.97,58.97,58.97,58.97,0,0.0
1690423596,58.98,58.98,58.98,58.98,1000,58980.0
1690423597,58.98,58.98,58.98,58.98,0,0.0
1690423598,58.97,58.97,58.97,58.97,1900,112043.0
1690423599,58.97,58.97,58.97,58.97,0,0.0
1690423600,58.97,58.97,58.97,58.97,0,0.0
1690423601,58.97,58.97,58.96,58.96,300,17690.0
1690423602,58.96,58.96,58.96,58.96,0,0.0
1690423603,58.97,58.97,58.97,58.97,100,5897.0
1690423604,58.97,58.97,58.97,58.97,200,11794.0
1690423605,58.97,58.97,58.97,58.97,0,0.0
1690423606,58.97,58.97,58.97,58.97,0,0.0
1690423607,58.96,58.96,58.95,58.95,13200,778256.0
1690423608,58.95,58.95,58.95,58.95,0,0.0
1690423609,58.96,58.96,58.96,58.96,300,17688.0
1690423610,58.97,58.97,58.97,58.97,800,47176.0
1690423611,58.97,58.97,58.97,58.97,0,0.0
1690423612,58.97,58.97,58.97,58.97,1400,82558.0
1690423613,58.97,58.97,58.97,58.97,0,0.0
1690423614,58.95,58.95,58.95,58.95,100,5895.0
1690423615,58.95,58.95,58.95,58.95,0,0.0
1690423616,58.95,58.95,58.95,58.95,0,0.0
1690423617,58.95,58.95,58.95,58.95,0,0.0
1690423618,58.94,58.94,58.94,58.94,100,5894.0
1690423619,58.94,58.94,58.94,58.94,500,29470.0
1690423620,58.94,58.94,58.94,58.94,0,0.0
1690423621,58.94,58.94,58.94,58.94,0,0.0
1690423622,58.96,58.96,58.96,58.96,1500,88440.0
1690423623,58.96,58.96,58.96,58.96,0,0.0
1690423624,58.96,58.96,58.96,58.96,0,0.0
1690423625,58.96,58.96,58.96,58.96,100,5896.0
1690423626,58.96,58.96,58.96,58.96,900,53064.0
1690423627,58.96,58.96,58.96,58.96,0,0.0
1690423628,58.96,58.97,58.96,58.96,3400,200477.0
1690423629,58.96,58.96,58.96,58.96,0,0.0
1690423630,58.96,58.96,58.96,58.96,0,0.0
1690423631,58.98,58.99,58.96,58.96,6900,406946.0
1690423632,58.96,58.96,58.96,58.96,0,0.0
1690423633,58.99,58.99,58.99,58.99,300,17697.0
1690423634,58.99,58.99,58.99,58.99,200,11798.0
1690423635,58.99,58.99,58.99,58.99,0,0.0
1690423636,58.99,59.0,58.99,58.99,700,41294.0
1690423637,59.0,59.0,59.0,59.0,100,5900.0
1690423638,59.0,59.0,59.0,59.0,0,0.0
1690423639,59.0,59.0,59.0,59.0,300,17700.0
1690423640,59.0,59.0,59.0,59.0,0,0.0
1690423641,59.0,59.0,59.0,59.0,0,0.0
1690423642,59.02,59.02,59.01,59.01,8015,473010.15000000596
1690423643,59.01,59.01,59.01,59.01,0,0.0
1690423644,59.02,59.03,59.02,59.03,1000,59022.0
1690423645,59.03,59.03,59.03,59.03,0,0.0
1690423646,59.03,59.04,59.03,59.04,6600,389658.0
1690423647,59.04,59.05,59.04,59.05,6600,389719.0
1690423648,59.05,59.05,59.05,59.05,0,0.0
1690423649,59.07,59.07,59.07,59.07,100,5907.0
1690423650,59.07,59.07,59.07,59.07,100,5907.0
1690423651,59.07,59.07,59.07,59.07,0,0.0
1690423652,59.05,59.07,59.05,59.07,1000,59068.0
1690423653,59.07,59.07,59.07,59.07,0,0.0
1690423654,59.07,59.07,59.07,59.07,0,0.0
1690423655,59.08,59.08,59.08,59.08,1500,88620.0
1690423656,59.08,59.08,59.08,59.08,0,0.0
1690423657,59.05,59.05,59.05,59.05,400,23620.0
1690423658,59.08,59.08,59.08,59.08,200,11816.0
1690423659,59.08,59.08,59.08,59.08,0,0.0
1690423660,59.07,59.07,59.07,59.07,500,29535.0
1690423661,59.07,59.07,59.07,59.07,100,5907.0
1690423662,59.08,59.08,59.08,59.08,1400,82712.0
1690423663,59.07,59.07,59.07,59.07,100,5907.0
1690423664,59.07,59.07,59.07,59.07,0,0.0
1690423665,59.07,59.07,59.07,59.07,1800,106326.0
1690423666,59.08,59.08,59.08,59.08,4700,277676.0
1690423667,59.08,59.08,59.08,59.08,0,0.0
1690423668,59.08,59.08,59.08,59.08,0,0.0
1690423669,59.07,59.07,59.07,59.07,600,35442.0
1690423670,59.07,59.07,59.07,59.07,0,0.0
1690423671,59.08,59.08,59.08,59.08,300,17724.0
1690423672,59.08,59.08,59.08,59.08,400,23632.0
1690423673,59.07,59.07,59.07,59.07,700,41349.0
1690423674,59.08,59.08,59.08,59.08,200,11816.0
1690423675,59.08,59.08,59.08,59.08,0,0.0
1690423676,59.08,59.08,59.08,59.08,0,0.0
1690423677,59.08,59.08,59.08,59.08,0,0.0
1690423678,59.08,59.08,59.08,59.08,0,0.0
1690423679,59.07,59.07,59.07,59.07,100,5907.0
1690423680,59.07,59.07,59.07,59.07,0,0.0
1690423681,59.07,59.07,59.07,59.07,0,0.0
1690423682,59.08,59.08,59.08,59.08,1900,112252.0
1690423683,59.08,59.08,59.08,59.08,0,0.0
1690423684,59.07,59.07,59.07,59.07,200,11814.0
1690423685,59.08,59.08,59.07,59.07,1100,64987.0
1690423686,59.07,59.07,59.07,59.07,0,0.0
1690423687,59.07,59.07,59.07,59.07,0,0.0
1690423688,59.07,59.07,59.07,59.07,0,0.0
1690423689,59.07,59.07,59.07,59.07,0,0.0
1690423690,59.07,59.07,59.07,59.07,0,0.0
1690423691,59.08,59.08,59.08,59.08,100,5908.0
1690423692,59.07,59.08,59.07,59.08,1300,76803.0
1690423693,59.08,59.08,59.07,59.07,400,23630.0
1690423694,59.07,59.07,59.07,59.07,0,0.0
1690423695,59.08,59.08,59.08,59.08,2500,147700.0
1690423696,59.08,59.08,59.08,59.08,400,23632.0
1690423697,59.08,59.08,59.08,59.08,0,0.0
1690423698,59.09,59.09,59.08,59.08,2500,147720.0
1690423699,59.08,59.08,59.08,59.08,0,0.0
1690423700,59.08,59.08,59.08,59.08,0,0.0
1690423701,59.08,59.09,59.08,59.09,500,29543.0
1690423702,59.09,59.09,59.09,59.09,0,0.0
1690423703,59.08,59.08,59.08,59.08,500,29540.0
1690423704,59.08,59.08,59.08,59.08,900,53172.0
1690423705,59.08,59.08,59.08,59.08,0,0.0
1690423706,59.08,59.09,59.08,59.09,1000,59088.0
1690423707,59.09,59.09,59.09,59.09,0,0.0
1690423708,59.08,59.08,59.08,59.08,200,11816.0
1690423709,59.08,59.08,59.08,59.08,0,0.0
1690423710,59.08,59.08,59.08,59.08,0,0.0
1690423711,59.09,59.09,59.08,59.09,900,53180.0
1690423712,59.09,59.09,59.09,59.09,1000,59090.0
1690423713,59.09,59.09,59.09,59.09,0,0.0
1690423714,59.09,59.09,59.09,59.09,500,29545.0
1690423715,59.09,59.09,59.09,59.09,100,5909.0
1690423716,59.09,59.09,59.09,59.09,0,0.0
1690423717,59.1,59.1,59.09,59.09,300,17728.0
1690423718,59.09,59.09,59.09,59.09,0,0.0
1690423719,59.1,59.1,59.1,59.1,1000,59100.0
1690423720,59.1,59.1,59.1,59.1,500,29550.0
1690423721,59.1,59.1,59.1,59.1,0,0.0
1690423722,59.1,59.1,59.1,59.1,0,0.0
1690423723,59.1,59.1,59.1,59.1,1400,82740.0
1690423724,59.1,59.1,59.1,59.1,0,0.0
1690423725,59.1,59.1,59.1,59.1,0,0.0
1690423726,59.1,59.1,59.09,59.09,1000,59097.0
1690423727,59.09,59.09,59.09,59.09,0,0.0
1690423728,59.09,59.09,59.09,59.09,1000,59090.0
1690423729,59.09,59.09,59.09,59.09,0,0.0
1690423730,59.09,59.09,59.09,59.09,0,0.0
1690423731,59.09,59.09,59.09,59.09,0,0.0
1690423732,59.09,59.09,59.09,59.09,0,0.0
1690423733,59.1,59.1,59.09,59.09,2600,153649.0
1690423734,59.1,59.1,59.1,59.1,100,5910.0
1690423735,59.1,59.1,59.1,59.1,0,0.0
1690423736,59.1,59.1,59.09,59.09,600,35455.0
1690423737,59.09,59.09,59.09,59.09,0,0.0
1690423738,59.09,59.09,59.09,59.09,300,17727.0
1690423739,59.09,59.09,59.09,59.09,0,0.0
1690423740,59.09,59.09,59.09,59.09,0,0.0
1690423741,59.1,59.1,59.1,59.1,700,41370.0
1690423742,59.1,59.1,59.1,59.1,0,0.0
1690423743,59.09,59.09,59.09,59.09,500,29545.0
1690423744,59.09,59.09,59.09,59.09,300,17727.0
1690423745,59.09,59.09,59.09,59.09,0,0.0
1690423746,59.1,59.1,59.1,59.1,500,29550.0
1690423747,59.1,59.1,59.1,59.1,200,11820.0
1690423748,59.1,59.1,59.1,59.1,0,0.0
1690423749,59.09,59.09,59.09,59.09,700,41363.0
1690423750,59.09,59.09,59.09,59.09,0,0.0
1690423751,59.09,59.09,59.09,59.09,0,0.0
1690423752,59.09,59.09,59.09,59.09,100,5909.0
1690423753,59.09,59.09,59.09,59.09,100,5909.0
1690423754,59.09,59.09,59.09,59.09,0,0.0
1690423755,59.1,59.1,59.1,59.1,14000,827400.0
1690423756,59.1,59.1,59.1,59.1,0,0.0
1690423757,59.1,59.1,59.1,59.1,0,0.0
1690423758,59.1,59.1,59.1,59.1,100,5910.0
1690423759,59.1,59.1,59.1,59.1,0,0.0
1690423760,59.1,59.1,59.1,59.1,100,5910.0
1690423761,59.1,59.1,59.1,59.1,1300,76830.0
1690423762,59.1,59.1,59.1,59.1,0,0.0
1690423763,59.1,59.1,59.1,59.1,1600,94560.0
1690423764,59.1,59.1,59.1,59.1,0,0.0
1690423765,59.1,59.1,59.1,59.1,0,0.0
1690423766,59.1,59.1,59.1,59.1,200,11820.0
1690423767,59.1,59.1,59.1,59.1,0,0.0
1690423768,59.09,59.09,59.09,59.09,1300,76817.0
1690423769,59.1,59.1,59.08,59.08,15600,921777.0
1690423770,59.09,59.09,59.09,59.09,100,5909.0
1690423771,59.09,59.09,59.09,59.09,0,0.0
1690423772,59.09,59.09,59.09,59.09,0,0.0
1690423773,59.08,59.08,59.08,59.08,2200,129976.0
1690423774,59.08,59.08,59.08,59.08,0,0.0
1690423775,59.08,59.08,59.08,59.08,0,0.0
1690423776,59.08,59.08,59.08,59.08,0,0.0
1690423777,59.08,59.08,59.08,59.08,0,0.0
1690423778,59.08,59.08,59.08,59.08,0,0.0
1690423779,59.08,59.08,59.08,59.08,400,23632.0
1690423780,59.08,59.08,59.08,59.08,0,0.0
1690423781,59.08,59.08,59.08,59.08,0,0.0
1690423782,59.09,59.09,59.09,59.09,1400,82726.0
1690423783,59.09,59.09,59.09,59.09,0,0.0
1690423784,59.08,59.09,59.08,59.09,500,29542.0
1690423785,59.09,59.09,59.09,59.09,0,0.0
1690423786,59.09,59.09,59.09,59.09,0,0.0
1690423787,59.08,59.08,59.08,59.08,1400,82712.0
1690423788,59.08,59.08,59.08,59.08,0,0.0
1690423789,59.08,59.08,59.08,59.08,800,47264.0
1690423790,59.09,59.09,59.09,59.09,1500,88635.0
1690423791,59.09,59.09,59.09,59.09,0,0.0
1690423792,59.09,59.09,59.09,59.09,1400,82726.0
1690423793,59.08,59.08,59.08,59.08,800,47264.0
1690423794,59.08,59.08,59.08,59.08,0,0.0
1690423795,59.08,59.08,59.08,59.08,0,0.0
1690423796,59.08,59.08,59.08,59.08,300,17724.0
1690423797,59.08,59.08,59.08,59.08,0,0.0
1690423798,59.08,59.08,59.08,59.08,1400,82712.0
1690423799,59.08,59.08,59.08,59.08,0,0.0
1690423800,59.09,59.09,59.09,59.09,100,5909.0
1690423801,59.09,59.09,59.08,59.08,300,17725.0
1690423802,59.08,59.08,59.08,59.08,0,0.0
1690423803,59.07,59.07,59.07,59.07,100,5907.0
1690423804,59.07,59.07,59.07,59.07,0,0.0
1690423805,59.07,59.07,59.07,59.07,0,0.0
1690423806,59.04,59.04,59.04,59.04,200,11808.0
1690423807,59.04,59.04,59.04,59.04,0,0.0
1690423808,59.01,59.01,59.0,59.0,2800,165206.0
1690423809,59.04,59.04,59.04,59.04,1200,70848.0
1690423810,59.04,59.04,59.04,59.04,0,0.0
1690423811,59.04,59.04,59.04,59.04,0,0.0
1690423812,59.0,59.0,59.0,59.0,2100,123900.0
1690423813,59.0,59.0,59.0,59.0,0,0.0
1690423814,59.0,59.04,59.0,59.04,2200,129848.0
1690423815,59.04,59.04,59.04,59.04,0,0.0
1690423816,59.04,59.04,59.04,59.04,0,0.0
1690423817,59.04,59.04,59.0,59.0,600,35404.0
1690423818,59.0,59.0,59.0,59.0,0,0.0
1690423819,59.0,59.0,59.0,59.0,300,17700.0
1690423820,59.0,59.0,59.0,59.0,300,17700.0
1690423821,59.0,59.0,59.0,59.0,0,0.0
1690423822,59.0,59.0,59.0,59.0,300,17700.0
1690423823,59.04,59.04,59.04,59.04,1400,82656.0
1690423824,59.04,59.04,59.04,59.04,0,0.0
1690423825,59.04,59.04,59.04,59.04,0,0.0
1690423826,59.04,59.04,59.04,59.04,0,0.0
1690423827,59.04,59.04,59.04,59.04,0,0.0
1690423828,59.01,59.01,59.0,59.0,900,53103.0
1690423829,59.0,59.0,59.0,59.0,0,0.0
1690423830,59.01,59.01,59.0,59.0,200,11801.0
1690423831,59.0,59.0,59.0,59.0,0,0.0
1690423832,59.0,59.0,59.0,59.0,0,0.0
1690423833,59.01,59.01,59.0,59.0,400,23602.0
1690423834,59.0,59.0,59.0,59.0,0,0.0
1690423835,59.0,59.0,59.0,59.0,0,0.0
1690423836,59.0,59.0,59.0,59.0,1000,59000.0
1690423837,59.0,59.0,59.0,59.0,0,0.0
1690423838,59.04,59.04,59.0,59.0,1400,82644.0
1690423839,59.0,59.0,59.0,59.0,0,0.0
1690423840,59.0,59.0,59.0,59.0,0,0.0
1690423841,59.0,59.0,59.0,59.0,0,0.0
1690423842,59.01,59.01,59.01,59.01,600,35406.0
1690423843,59.01,59.01,59.01,59.01,100,5901.0
1690423844,59.01,59.04,59.0,59.04,1800,106243.0
1690423845,59.04,59.04,59.04,59.04,0,0.0
1690423846,59.04,59.04,59.04,59.04,0,0.0
1690423847,59.04,59.04,59.04,59.04,0,0.0
1690423848,59.04,59.04,59.04,59.04,0,0.0
1690423849,59.04,59.04,59.04,59.04,0,0.0
1690423850,59.04,59.04,59.04,59.04,0,0.0
1690423851,59.0,59.0,59.0,59.0,700,41300.0
1690423852,59.0,59.0,59.0,59.0,0,0.0
1690423853,59.0,59.0,59.0,59.0,0,0.0
1690423854,59.0,59.0,59.0,59.0,0,0.0
1690423855,59.0,59.0,59.0,59.0,0,0.0
1690423856,59.0,59.0,59.0,59.0,0,0.0
1690423857,59.0,59.0,59.0,59.0,600,35400.0
1690423858,59.04,59.04,59.04,59.04,200,11808.0
1690423859,59.04,59.04,59.04,59.04,0,0.0
1690423860,59.0,59.0,59.0,59.0,12600,743400.0
1690423861,59.0,59.0,59.0,59.0,0,0.0
1690423862,59.0,59.0,59.0,59.0,100,5900.0
1690423863,59.0,59.0,58.99,59.0,3200,188790.0
1690423864,59.0,59.0,59.0,59.0,0,0.0
1690423865,59.0,59.0,59.0,59.0,0,0.0
1690423866,59.0,59.0,59.0,59.0,0,0.0
1690423867,59.0,59.0,59.0,59.0,0,0.0
1690423868,59.0,59.0,59.0,59.0,1200,70800.0
1690423869,59.0,59.0,59.0,59.0,0,0.0
1690423870,59.0,59.0,59.0,59.0,0,0.0
1690423871,59.0,59.0,59.0,59.0,200,11800.0
1690423872,59.0,59.0,59.0,59.0,0,0.0
1690423873,59.0,59.0,59.0,59.0,200,11800.0
1690423874,59.0,59.0,58.99,58.99,1100,64895.0
1690423875,58.99,58.99,58.99,58.99,0,0.0
1690423876,58.99,58.99,58.99,58.99,500,29495.0
1690423877,59.0,59.0,59.0,59.0,400,23600.0
1690423878,59.0,59.0,59.0,59.0,0,0.0
1690423879,58.99,58.99,58.99,58.99,100,5899.0
1690423880,58.99,58.99,58.99,58.99,0,0.0
1690423881,58.99,58.99,58.99,58.99,100,5899.0
1690423882,58.99,58.99,58.99,58.99,0,0.0
1690423883,58.99,58.99,58.99,58.99,0,0.0
1690423884,58.99,58.99,58.99,58.99,200,11798.0
1690423885,58.99,58.99,58.99,58.99,0,0.0
1690423886,58.99,58.99,58.99,58.99,0,0.0
1690423887,59.0,59.0,59.0,59.0,500,29500.0
1690423888,59.0,59.0,59.0,59.0,400,23600.0
1690423889,59.0,59.0,59.0,59.0,3300,194700.0
1690423890,59.0,59.0,59.0,59.0,0,0.0
1690423891,59.0,59.0,59.0,59.0,0,0.0
1690423892,59.0,59.0,58.99,58.99,900,53095.0
1690423893,59.0,59.0,59.0,59.0,1400,82600.0
1690423894,59.0,59.0,59.0,59.0,0,0.0
1690423895,59.0,59.0,59.0,59.0,300,17700.0
1690423896,59.0,59.0,59.0,59.0,0,0.0
1690423897,59.0,59.0,59.0,59.0,500,29500.0
1690423898,59.0,59.0,59.0,59.0,800,47200.0
1690423899,59.0,59.0,59.0,59.0,0,0.0
1690423900,59.0,59.0,59.0,59.0,0,0.0
1690423901,59.0,59.0,59.0,59.0,0,0.0
1690423902,59.0,59.0,59.0,59.0,0,0.0
1690423903,59.0,59.01,59.0,59.01,1400,82612.0
1690423904,59.01,59.01,59.01,59.01,0,0.0
1690423905,59.01,59.01,59.01,59.01,0,0.0
1690423906,59.01,59.01,59.01,59.01,0,0.0
1690423907,59.0,59.0,59.0,59.0,200,11800.0
1690423908,59.0,59.0,59.0,59.0,0,0.0
1690423909,59.0,59.01,59.0,59.01,200,11801.0
1690423910,59.01,59.01,59.01,59.01,0,0.0
1690423911,59.01,59.01,59.0,59.0,1500,88505.0
1690423912,59.0,59.0,59.0,59.0,100,5900.0
1690423913,59.0,59.0,59.0,59.0,500,29500.0
1690423914,59.0,59.0,59.0,59.0,0,0.0
1690423915,59.0,59.0,59.0,59.0,0,0.0
1690423916,59.0,59.0,59.0,59.0,100,5900.0
1690423917,59.0,59.0,59.0,59.0,400,23600.0
1690423918,59.0,59.0,59.0,59.0,0,0.0
1690423919,59.01,59.01,59.01,59.01,1200,70812.0
1690423920,59.01,59.01,59.01,59.01,0,0.0
1690423921,59.01,59.01,59.01,59.01,0,0.0
1690423922,59.01,59.01,59.01,59.01,0,0.0
1690423923,59.01,59.01,59.01,59.01,0,0.0
1690423924,59.01,59.01,59.01,59.01,0,0.0
1690423925,59.02,59.02,59.02,59.02,1400,82628.0
1690423926,59.02,59.02,59.02,59.02,0,0.0
1690423927,59.02,59.02,59.02,59.02,600,35412.0
1690423928,59.01,59.01,59.01,59.01,100,5901.0
1690423929,59.01,59.01,59.01,59.01,0,0.0
1690423930,59.01,59.01,59.01,59.01,0,0.0
1690423931,59.01,59.01,59.01,59.01,100,5901.0
1690423932,59.01,59.01,59.01,59.01,0,0.0
1690423933,59.02,59.02,59.02,59.02,1400,82628.0
1690423934,59.01,59.01,59.01,59.01,100,5901.0
1690423935,59.02,59.02,59.02,59.02,500,29510.0
1690423936,59.02,59.02,59.02,59.02,0,0.0
1690423937,59.02,59.02,59.02,59.02,0,0.0
1690423938,59.01,59.01,59.01,59.01,800,47208.0
1690423939,59.01,59.01,59.01,59.01,0,0.0
1690423940,59.01,59.01,59.01,59.01,0,0.0
1690423941,59.01,59.01,59.01,59.01,2000,118020.0
1690423942,59.01,59.01,59.01,59.01,500,29505.0
1690423943,59.02,59.02,59.01,59.01,2300,135745.0
1690423944,59.01,59.01,59.01,59.01,0,0.0
1690423945,59.01,59.01,59.01,59.01,0,0.0
1690423946,59.01,59.01,59.01,59.01,0,0.0
1690423947,59.01,59.01,59.01,59.01,0,0.0
1690423948,59.01,59.01,59.01,59.01,0,0.0
1690423949,59.02,59.02,59.02,59.02,400,23608.0
1690423950,59.02,59.02,59.02,59.02,0,0.0
1690423951,59.02,59.02,59.02,59.02,100,5902.0
1690423952,59.03,59.03,59.03,59.03,100,5903.0
1690423953,59.03,59.03,59.03,59.03,0,0.0
1690423954,59.02,59.02,59.02,59.02,100,5902.0
1690423955,59.02,59.02,59.02,59.02,0,0.0
1690423956,59.02,59.02,59.02,59.02,0,0.0
1690423957,59.02,59.02,59.02,59.02,0,0.0
1690423958,59.02,59.02,59.02,59.02,0,0.0
1690423959,59.02,59.02,59.02,59.02,0,0.0
1690423960,59.02,59.02,59.02,59.02,500,29510.0
1690423961,59.02,59.02,59.02,59.02,0,0.0
1690423962,59.02,59.02,59.02,59.02,0,0.0
1690423963,59.02,59.02,59.02,59.02,0,0.0
1690423964,59.02,59.02,59.02,59.02,0,0.0
1690423965,59.02,59.02,59.02,59.02,0,0.0
1690423966,59.02,59.02,59.02,59.02,0,0.0
1690423967,59.02,59.02,59.02,59.02,0,0.0
1690423968,59.02,59.02,59.02,59.02,100,5902.0
1690423969,59.02,59.03,59.02,59.03,4600,271493.0
1690423970,59.03,59.03,59.03,59.03,0,0.0
1690423971,59.03,59.03,59.03,59.03,100,5903.0
1690423972,59.03,59.03,59.03,59.03,0,0.0
1690423973,59.02,59.03,59.02,59.03,1100,64928.0
1690423974,59.03,59.03,59.02,59.02,900,53126.0
1690423975,59.02,59.02,59.02,59.02,0,0.0
1690423976,59.0,59.0,59.0,59.0,1400,82600.0
1690423977,59.0,59.0,59.0,59.0,0,0.0
1690423978,59.0,59.0,59.0,59.0,2300,135700.0
1690423979,59.02,59.02,59.02,59.02,100,5902.0
1690423980,59.02,59.02,59.02,59.02,0,0.0
1690423981,59.0,59.0,59.0,59.0,100,5900.0
1690423982,59.02,59.02,59.0,59.0,3000,177058.0
1690423983,59.0,59.0,59.0,59.0,0,0.0
1690423984,59.0,59.0,59.0,59.0,0,0.0
1690423985,59.0,59.0,59.0,59.0,600,35400.0
1690423986,59.0,59.0,59.0,59.0,0,0.0
1690423987,59.0,59.0,59.0,59.0,0,0.0
1690423988,59.0,59.0,59.0,59.0,0,0.0
1690423989,59.0,59.0,59.0,59.0,0,0.0
1690423990,59.0,59.0,59.0,59.0,0,0.0
1690423991,59.0,59.0,59.0,59.0,0,0.0
1690423992,59.0,59.0,59.0,59.0,0,0.0
1690423993,59.0,59.0,59.0,59.0,0,0.0
1690423994,59.0,59.0,59.0,59.0,0,0.0
1690423995,59.0,59.0,59.0,59.0,0,0.0
1690423996,59.0,59.0,59.0,59.0,0,0.0
1690423997,59.0,59.0,59.0,59.0,0,0.0
1690423998,59.0,59.0,59.0,59.0,0,0.0
1690423999,59.0,59.0,59.0,59.0,0,0.0
1690424000,59.0,59.01,59.0,59.0,800,47205.0
1690424001,59.0,59.0,59.0,59.0,0,0.0
1690424002,59.0,59.0,59.0,59.0,0,0.0
1690424003,59.0,59.0,59.0,59.0,1500,88500.0
1690424004,59.0,59.01,59.0,59.01,1700,100314.0
1690424005,59.01,59.01,59.01,59.01,0,0.0
1690424006,59.0,59.01,59.0,59.0,4800,283204.0
1690424007,59.0,59.0,59.0,59.0,0,0.0
1690424008,59.0,59.0,59.0,59.0,500,29500.0
1690424009,59.0,59.0,59.0,59.0,1100,64900.0
1690424010,59.0,59.0,59.0,59.0,0,0.0
1690424011,59.01,59.01,59.01,59.01,100,5901.0
1690424012,59.0,59.0,59.0,59.0,100,5900.0
1690424013,59.01,59.01,59.01,59.01,1400,82614.0
1690424014,59.0,59.0,59.0,59.0,700,41300.0
1690424015,59.0,59.0,59.0,59.0,0,0.0
1690424016,59.0,59.0,59.0,59.0,0,0.0
1690424017,59.0,59.0,59.0,59.0,200,11800.0
1690424018,59.0,59.0,59.0,59.0,0,0.0
1690424019,59.0,59.0,59.0,59.0,100,5900.0
1690424020,59.01,59.01,59.01,59.01,200,11802.0
1690424021,59.01,59.01,59.01,59.01,0,0.0
1690424022,59.01,59.01,59.01,59.01,0,0.0
1690424023,59.01,59.01,59.01,59.01,0,0.0
1690424024,59.01,59.02,59.01,59.02,7900,466244.0
1690424025,59.02,59.02,59.02,59.02,400,23608.0
1690424026,59.02,59.02,59.02,59.02,0,0.0
1690424027,59.02,59.02,59.02,59.02,200,11804.0
1690424028,59.02,59.02,59.02,59.02,0,0.0
1690424029,59.02,59.02,59.02,59.02,0,0.0
1690424030,59.02,59.02,59.02,59.02,100,5902.0
1690424031,59.02,59.02,59.02,59.02,0,0.0
1690424032,59.02,59.02,59.02,59.02,0,0.0
1690424033,59.03,59.03,59.03,59.03,100,5903.0
1690424034,59.03,59.03,59.03,59.03,0,0.0
1690424035,59.03,59.03,59.03,59.03,0,0.0
1690424036,59.03,59.03,59.03,59.03,1000,59030.0
1690424037,59.03,59.03,59.03,59.03,0,0.0
1690424038,59.03,59.03,59.03,59.03,0,0.0
1690424039,59.03,59.04,59.03,59.04,1200,70847.0
1690424040,59.04,59.04,59.04,59.04,0,0.0
1690424041,59.04,59.04,59.04,59.04,100,5904.0
1690424042,59.04,59.04,59.04,59.04,0,0.0
1690424043,59.04,59.04,59.03,59.03,1700,100365.0
1690424044,59.04,59.04,59.04,59.04,800,47232.0
1690424045,59.04,59.04,59.04,59.04,0,0.0
1690424046,59.04,59.04,59.04,59.04,0,0.0
1690424047,59.04,59.04,59.04,59.04,0,0.0
1690424048,59.03,59.03,59.03,59.03,300,17709.0
1690424049,59.03,59.03,59.03,59.03,0,0.0
1690424050,59.03,59.03,59.03,59.03,0,0.0
1690424051,59.03,59.03,59.03,59.03,0,0.0
1690424052,59.04,59.04,59.04,59.04,200,11808.0
1690424053,59.04,59.04,59.04,59.04,0,0.0
1690424054,59.04,59.04,59.04,59.04,800,47232.0
1690424055,59.04,59.04,59.04,59.04,0,0.0
1690424056,59.04,59.04,59.04,59.04,0,0.0
1690424057,59.04,59.04,59.04,59.04,0,0.0
1690424058,59.04,59.04,59.04,59.04,0,0.0
1690424059,59.04,59.04,59.04,59.04,100,5904.0
1690424060,59.04,59.04,59.04,59.04,0,0.0
1690424061,59.04,59.04,59.04,59.04,0,0.0
1690424062,59.04,59.04,59.04,59.04,0,0.0
1690424063,59.05,59.05,59.05,59.05,1100,64955.0
1690424064,59.05,59.05,59.05,59.05,0,0.0
1690424065,59.05,59.05,59.04,59.04,300,17713.0
1690424066,59.04,59.04,59.04,59.04,0,0.0
1690424067,59.04,59.04,59.04,59.04,0,0.0
1690424068,59.04,59.04,59.04,59.04,300,17712.0
1690424069,59.04,59.04,59.04,59.04,0,0.0
1690424070,59.04,59.04,59.04,59.04,0,0.0
1690424071,59.04,59.04,59.04,59.04,0,0.0
1690424072,59.04,59.04,59.04,59.04,0,0.0
1690424073,59.05,59.05,59.04,59.04,2300,135809.0
1690424074,59.04,59.04,59.04,59.04,0,0.0
1690424075,59.04,59.04,59.04,59.04,0,0.0
1690424076,59.04,59.04,59.04,59.04,0,0.0
1690424077,59.04,59.04,59.04,59.04,0,0.0
1690424078,59.04,59.04,59.04,59.04,200,11808.0
1690424079,59.04,59.04,59.04,59.04,0,0.0
1690424080,59.04,59.04,59.04,59.04,0,0.0
1690424081,59.04,59.04,59.04,59.04,200,11808.0
1690424082,59.04,59.04,59.04,59.04,0,0.0
1690424083,59.04,59.04,59.04,59.04,0,0.0
1690424084,59.05,59.05,59.05,59.05,2600,153530.0
1690424085,59.05,59.05,59.05,59.05,0,0.0
1690424086,59.05,59.05,59.05,59.05,0,0.0
1690424087,59.04,59.04,59.04,59.04,1000,59040.0
1690424088,59.04,59.04,59.04,59.04,0,0.0
1690424089,59.05,59.05,59.05,59.05,100,5905.0
1690424090,59.05,59.05,59.05,59.05,500,29525.0
1690424091,59.05,59.05,59.05,59.05,0,0.0
1690424092,59.05,59.05,59.05,59.05,0,0.0
1690424093,59.05,59.05,59.05,59.05,0,0.0
1690424094,59.05,59.05,59.05,59.05,0,0.0
1690424095,59.04,59.05,59.04,59.04,4100,242090.0
1690424096,59.04,59.04,59.04,59.04,0,0.0
1690424097,59.04,59.04,59.04,59.04,0,0.0
1690424098,59.04,59.04,59.04,59.04,0,0.0
1690424099,59.04,59.04,59.04,59.04,0,0.0
1690424100,59.04,59.04,59.04,59.04,300,17712.0
1690424101,59.04,59.04,59.04,59.04,0,0.0
1690424102,59.04,59.04,59.04,59.04,0,0.0
1690424103,59.04,59.04,59.04,59.04,0,0.0
1690424104,59.04,59.05,59.04,59.05,2000,118094.0
1690424105,59.04,59.04,59.04,59.04,200,11808.0
1690424106,59.04,59.04,59.04,59.04,900,53136.0
1690424107,59.04,59.04,59.04,59.04,0,0.0
1690424108,59.04,59.04,59.04,59.04,400,23616.0
1690424109,59.04,59.04,59.04,59.04,0,0.0
1690424110,59.04,59.04,59.04,59.04,0,0.0
1690424111,59.04,59.04,59.04,59.04,1000,59040.0
1690424112,59.05,59.05,59.05,59.05,100,5905.0
1690424113,59.05,59.05,59.05,59.05,0,0.0
1690424114,59.05,59.05,59.03,59.03,11000,649429.0
1690424115,59.03,59.03,59.03,59.03,0,0.0
1690424116,59.03,59.03,59.02,59.02,2600,153457.0
1690424117,59.02,59.03,59.01,59.01,5500,324650.0
1690424118,59.01,59.01,59.01,59.01,0,0.0
1690424119,59.01,59.01,59.01,59.01,0,0.0
1690424120,59.01,59.01,59.01,59.01,0,0.0
1690424121,59.01,59.01,59.01,59.01,0,0.0
1690424122,59.01,59.01,59.01,59.01,0,0.0
1690424123,59.01,59.01,59.01,59.01,0,0.0
1690424124,59.01,59.01,59.01,59.01,200,11802.0
1690424125,59.01,59.01,59.01,59.01,0,0.0
1690424126,59.01,59.01,59.01,59.01,0,0.0
1690424127,59.01,59.01,59.01,59.01,0,0.0
1690424128,59.01,59.01,59.01,59.01,0,0.0
1690424129,59.01,59.01,59.01,59.01,0,0.0
1690424130,59.01,59.01,59.01,59.01,0,0.0
1690424131,59.01,59.01,59.01,59.01,0,0.0
1690424132,59.01,59.01,59.01,59.01,0,0.0
1690424133,59.01,59.01,59.01,59.01,0,0.0
1690424134,59.01,59.01,59.01,59.01,0,0.0
1690424135,59.01,59.01,59.01,59.01,0,0.0
1690424136,59.01,59.01,59.01,59.01,0,0.0
1690424137,59.01,59.01,59.01,59.01,0,0.0
1690424138,59.01,59.03,59.01,59.03,2000,118048.0
1690424139,59.01,59.01,59.01,59.01,700,41307.0
1690424140,59.01,59.01,59.01,59.01,0,0.0
1690424141,59.01,59.01,59.01,59.01,0,0.0
1690424142,59.01,59.01,59.01,59.01,0,0.0
1690424143,59.03,59.03,59.01,59.01,1600,94444.0
1690424144,59.01,59.01,59.01,59.01,0,0.0
1690424145,59.01,59.01,59.01,59.01,0,0.0
1690424146,59.01,59.01,59.01,59.01,0,0.0
1690424147,59.03,59.03,59.03,59.03,1300,76739.0
1690424148,59.01,59.01,59.01,59.01,200,11802.0
1690424149,59.01,59.01,59.01,59.01,0,0.0
1690424150,59.01,59.01,59.01,59.01,0,0.0
1690424151,59.01,59.01,59.01,59.01,0,0.0
1690424152,59.03,59.03,59.03,59.03,100,5903.0
1690424153,59.03,59.03,59.03,59.03,0,0.0
1690424154,59.03,59.03,59.03,59.03,0,0.0
1690424155,59.01,59.01,59.01,59.01,500,29505.0
1690424156,59.01,59.01,59.01,59.01,0,0.0
1690424157,59.01,59.01,59.01,59.01,600,35406.0
1690424158,59.01,59.01,59.01,59.01,0,0.0
1690424159,59.01,59.01,59.01,59.01,0,0.0
1690424160,59.01,59.01,59.01,59.01,0,0.0
1690424161,59.01,59.01,59.01,59.01,0,0.0
1690424162,59.01,59.01,59.01,59.01,0,0.0
1690424163,59.01,59.01,59.01,59.01,0,0.0
1690424164,59.01,59.01,59.01,59.01,0,0.0
1690424165,59.01,59.01,59.01,59.01,100,5901.0
1690424166,59.01,59.01,59.01,59.01,700,41307.0
1690424167,59.01,59.01,59.01,59.01,0,0.0
1690424168,59.01,59.01,59.01,59.01,0,0.0
1690424169,59.01,59.01,59.01,59.01,0,0.0
1690424170,59.01,59.01,59.01,59.01,1000,59010.0
1690424171,59.01,59.01,59.01,59.01,0,0.0
1690424172,59.01,59.01,59.01,59.01,0,0.0
1690424173,59.0,59.01,59.0,59.0,1700,100314.0
1690424174,59.01,59.02,59.01,59.02,2000,118022.0
1690424175,59.02,59.02,59.02,59.02,0,0.0
1690424176,59.02,59.02,59.02,59.02,0,0.0
1690424177,59.02,59.02,59.02,59.02,0,0.0
1690424178,59.01,59.01,59.0,59.0,2300,135708.0
1690424179,59.0,59.0,59.0,59.0,0,0.0
1690424180,59.0,59.0,59.0,59.0,0,0.0
1690424181,59.0,59.0,59.0,59.0,0,0.0
1690424182,59.01,59.01,59.01,59.01,200,11802.0
1690424183,59.01,59.01,59.01,59.01,0,0.0
1690424184,59.01,59.01,59.01,59.01,100,5901.0
1690424185,59.01,59.01,59.01,59.01,200,11802.0
1690424186,59.0,59.0,59.0,59.0,100,5900.0
1690424187,59.01,59.01,59.01,59.01,500,29505.0
1690424188,59.01,59.01,59.01,59.01,0,0.0
1690424189,59.01,59.01,59.01,59.01,1200,70812.0
1690424190,59.01,59.01,59.01,59.01,0,0.0
1690424191,59.01,59.01,59.01,59.01,0,0.0
1690424192,59.01,59.01,59.01,59.01,0,0.0
1690424193,59.01,59.01,59.01,59.01,0,0.0
1690424194,59.01,59.01,59.01,59.01,0,0.0
1690424195,59.0,59.0,59.0,59.0,300,17700.0
1690424196,59.0,59.0,59.0,59.0,0,0.0
1690424197,59.0,59.0,59.0,59.0,0,0.0
1690424198,59.0,59.0,59.0,59.0,600,35400.0
1690424199,59.0,59.0,59.0,59.0,0,0.0
1690424200,59.0,59.0,59.0,59.0,0,0.0
1690424201,59.01,59.01,59.01,59.01,100,5901.0
1690424202,59.01,59.01,59.0,59.0,700,41301.0
1690424203,59.0,59.0,59.0,59.0,100,5900.0
1690424204,59.0,59.0,59.0,59.0,0,0.0
1690424205,59.0,59.0,59.0,59.0,0,0.0
1690424206,59.01,59.01,59.01,59.01,100,5901.0
1690424207,59.01,59.01,59.01,59.01,0,0.0
1690424208,59.0,59.0,59.0,59.0,400,23600.0
1690424209,59.0,59.0,59.0,59.0,0,0.0
1690424210,59.0,59.0,59.0,59.0,0,0.0
1690424211,59.0,59.0,59.0,59.0,0,0.0
1690424212,59.0,59.0,59.0,59.0,0,0.0
1690424213,59.01,59.01,59.01,59.01,1400,82614.0
1690424214,59.0,59.0,59.0,59.0,1100,64900.0
1690424215,59.0,59.0,59.0,59.0,0,0.0
1690424216,59.0,59.0,59.0,59.0,0,0.0
1690424217,59.0,59.0,59.0,59.0,0,0.0
1690424218,59.01,59.01,59.0,59.0,1800,106202.0
1690424219,59.02,59.02,59.02,59.02,2600,153452.0
1690424220,59.02,59.02,59.02,59.02,1000,59020.0
1690424221,59.02,59.02,59.02,59.02,700,41314.0
1690424222,59.01,59.02,59.01,59.02,1500,88529.0
1690424223,59.02,59.02,59.02,59.02,0,0.0
1690424224,59.02,59.02,59.02,59.02,0,0.0
1690424225,59.02,59.02,59.02,59.02,0,0.0
1690424226,59.02,59.02,59.02,59.02,0,0.0
1690424227,59.02,59.03,59.01,59.03,300,17706.0
1690424228,59.03,59.03,59.03,59.03,0,0.0
1690424229,59.03,59.03,59.03,59.03,0,0.0
1690424230,59.03,59.03,59.03,59.03,100,5903.0
1690424231,59.03,59.03,59.03,59.03,0,0.0
1690424232,59.03,59.03,59.03,59.03,0,0.0
1690424233,59.02,59.02,59.02,59.02,200,11804.0
1690424234,59.02,59.02,59.02,59.02,0,0.0
1690424235,59.02,59.02,59.02,59.02,0,0.0
1690424236,59.02,59.02,59.02,59.02,0,0.0
1690424237,59.02,59.02,59.02,59.02,200,11804.0
1690424238,59.02,59.02,59.02,59.02,0,0.0
1690424239,59.02,59.02,59.02,59.02,700,41314.0
1690424240,59.03,59.03,59.03,59.03,1200,70836.0
1690424241,59.03,59.03,59.03,59.03,1300,76739.0
1690424242,59.03,59.03,59.03,59.03,0,0.0
1690424243,59.03,59.03,59.02,59.02,1700,100348.0
1690424244,59.02,59.02,59.02,59.02,900,53118.0
1690424245,59.02,59.02,59.02,59.02,0,0.0
1690424246,59.02,59.02,59.02,59.02,0,0.0
1690424247,59.02,59.02,59.02,59.02,0,0.0
1690424248,59.02,59.02,59.02,59.02,300,17706.0
1690424249,59.03,59.03,59.03,59.03,1600,94448.0
1690424250,59.03,59.03,59.03,59.03,0,0.0
1690424251,59.03,59.03,59.03,59.03,0,0.0
1690424252,59.03,59.03,59.03,59.03,0,0.0
1690424253,59.03,59.03,59.03,59.03,0,0.0
1690424254,59.03,59.03,59.03,59.03,200,11806.0
1690424255,59.03,59.03,59.03,59.03,0,0.0
1690424256,59.03,59.03,59.03,59.03,0,0.0
1690424257,59.03,59.03,59.03,59.03,200,11806.0
1690424258,59.03,59.03,59.03,59.03,0,0.0
1690424259,59.03,59.03,59.03,59.03,0,0.0
1690424260,59.03,59.03,59.03,59.03,0,0.0
1690424261,59.03,59.03,59.03,59.03,0,0.0
1690424262,59.03,59.03,59.03,59.03,0,0.0
1690424263,59.02,59.02,59.02,59.02,600,35412.0
1690424264,59.02,59.02,59.02,59.02,0,0.0
1690424265,59.02,59.02,59.02,59.02,0,0.0
1690424266,59.02,59.02,59.02,59.02,0,0.0
1690424267,59.03,59.03,59.03,59.03,100,5903.0
1690424268,59.03,59.03,59.03,59.03,0,0.0
1690424269,59.03,59.03,59.03,59.03,0,0.0
1690424270,59.03,59.03,59.03,59.03,0,0.0
1690424271,59.03,59.03,59.03,59.03,0,0.0
1690424272,59.03,59.03,59.03,59.03,0,0.0
1690424273,59.02,59.02,59.02,59.02,600,35412.0
1690424274,59.02,59.02,59.02,59.02,100,5902.0
1690424275,59.02,59.02,59.02,59.02,0,0.0
1690424276,59.02,59.02,59.02,59.02,0,0.0
1690424277,59.02,59.02,59.02,59.02,0,0.0
1690424278,59.02,59.02,59.02,59.02,0,0.0
1690424279,59.02,59.03,59.02,59.03,300,17707.0
1690424280,59.03,59.03,59.03,59.03,0,0.0
1690424281,59.03,59.04,59.03,59.04,12000,708422.0
1690424282,59.04,59.04,59.04,59.04,0,0.0
1690424283,59.03,59.03,59.02,59.02,1400,82630.0
1690424284,59.04,59.04,59.02,59.02,3700,218402.0
1690424285,59.02,59.02,59.02,59.02,0,0.0
1690424286,59.02,59.02,59.02,59.02,0,0.0
1690424287,59.02,59.02,59.02,59.02,0,0.0
1690424288,59.02,59.02,59.02,59.02,0,0.0
1690424289,59.04,59.04,59.04,59.04,1200,70848.0
1690424290,59.02,59.02,59.02,59.02,500,29510.0
1690424291,59.02,59.02,59.02,59.02,0,0.0
1690424292,59.02,59.02,59.02,59.02,0,0.0
1690424293,59.02,59.02,59.02,59.02,0,0.0
1690424294,59.02,59.02,59.02,59.02,0,0.0
1690424295,59.02,59.02,59.02,59.02,0,0.0
1690424296,59.02,59.02,59.02,59.02,0,0.0
1690424297,59.03,59.03,59.03,59.03,200,11806.0
1690424298,59.03,59.03,59.03,59.03,0,0.0
1690424299,59.03,59.03,59.03,59.03,0,0.0
1690424300,59.04,59.04,59.04,59.04,400,23616.0
1690424301,59.04,59.04,59.04,59.04,2200,129888.0
1690424302,59.04,59.04,59.04,59.04,0,0.0
1690424303,59.04,59.05,59.04,59.05,1000,59044.0
1690424304,59.05,59.05,59.05,59.05,0,0.0
1690424305,59.05,59.05,59.05,59.05,0,0.0
1690424306,59.05,59.05,59.05,59.05,1500,88575.0
1690424307,59.05,59.05,59.05,59.05,0,0.0
1690424308,59.04,59.04,59.04,59.04,400,23616.0
1690424309,59.04,59.04,59.04,59.04,0,0.0
1690424310,59.04,59.04,59.04,59.04,0,0.0
1690424311,59.04,59.04,59.04,59.04,0,0.0
1690424312,59.04,59.04,59.04,59.04,0,0.0
1690424313,59.04,59.04,59.04,59.04,500,29520.0
1690424314,59.04,59.05,59.04,59.05,1600,94478.0
1690424315,59.05,59.05,59.05,59.05,0,0.0
1690424316,59.05,59.05,59.05,59.05,0,0.0
1690424317,59.05,59.05,59.05,59.05,100,5905.0
1690424318,59.04,59.04,59.04,59.04,800,47232.0
1690424319,59.04,59.04,59.04,59.04,0,0.0
1690424320,59.04,59.04,59.04,59.04,0,0.0
1690424321,59.04,59.04,59.04,59.04,400,23616.0
1690424322,59.04,59.04,59.04,59.04,0,0.0
1690424323,59.04,59.04,59.04,59.04,0,0.0
1690424324,59.05,59.06,59.05,59.06,5000,295280.0
1690424325,59.06,59.06,59.06,59.06,0,0.0
1690424326,59.06,59.06,59.06,59.06,0,0.0
1690424327,59.06,59.06,59.06,59.06,3700,218522.0
1690424328,59.06,59.07,59.06,59.07,300,17719.0
1690424329,59.07,59.07,59.07,59.07,0,0.0
1690424330,59.06,59.06,59.06,59.06,100,5906.0
1690424331,59.06,59.06,59.06,59.06,0,0.0
1690424332,59.05,59.05,59.05,59.05,100,5905.0
1690424333,59.05,59.05,59.05,59.05,0,0.0
1690424334,59.05,59.05,59.05,59.05,0,0.0
1690424335,59.05,59.05,59.05,59.05,0,0.0
1690424336,59.05,59.05,59.05,59.05,0,0.0
1690424337,59.05,59.05,59.05,59.05,0,0.0
1690424338,59.05,59.05,59.05,59.05,0,0.0
1690424339,59.05,59.05,59.05,59.05,0,0.0
1690424340,59.07,59.07,59.07,59.07,2200,129954.0
1690424341,59.07,59.07,59.07,59.07,0,0.0
1690424342,59.07,59.07,59.07,59.07,0,0.0
1690424343,59.07,59.07,59.05,59.05,600,35436.0
1690424344,59.05,59.05,59.05,59.05,0,0.0
1690424345,59.05,59.05,59.05,59.05,0,0.0
1690424346,59.05,59.05,59.05,59.05,0,0.0
1690424347,59.05,59.05,59.05,59.05,0,0.0
1690424348,59.07,59.07,59.07,59.07,100,5907.0
1690424349,59.05,59.05,59.05,59.05,1200,70860.0
1690424350,59.05,59.05,59.05,59.05,0,0.0
1690424351,59.05,59.05,59.05,59.05,1800,106290.0
1690424352,59.05,59.05,59.05,59.05,100,5905.0
1690424353,59.05,59.05,59.05,59.05,0,0.0
1690424354,59.05,59.07,59.05,59.07,1700,100415.0
1690424355,59.07,59.07,59.07,59.07,0,0.0
1690424356,59.07,59.07,59.07,59.07,0,0.0
1690424357,59.05,59.05,59.05,59.05,400,23620.0
1690424358,59.05,59.05,59.05,59.05,0,0.0
1690424359,59.05,59.05,59.05,59.05,2000,118100.0
1690424360,59.05,59.05,59.05,59.05,0,0.0
1690424361,59.05,59.05,59.05,59.05,0,0.0
1690424362,59.05,59.05,59.05,59.05,0,0.0
1690424363,59.05,59.05,59.05,59.05,100,5905.0
1690424364,59.05,59.05,59.05,59.05,100,5905.0
1690424365,59.06,59.06,59.06,59.06,100,5906.0
1690424366,59.06,59.06,59.06,59.06,0,0.0
1690424367,59.06,59.06,59.06,59.06,0,0.0
1690424368,59.06,59.06,59.06,59.06,0,0.0
1690424369,59.06,59.06,59.06,59.06,0,0.0
1690424370,59.06,59.06,59.05,59.06,1700,100394.0
1690424371,59.05,59.05,59.05,59.05,100,5905.0
1690424372,59.05,59.05,59.05,59.05,0,0.0
1690424373,59.05,59.05,59.05,59.05,600,35430.0
1690424374,59.05,59.05,59.05,59.05,600,35430.0
1690424375,59.06,59.06,59.06,59.06,100,5906.0
1690424376,59.05,59.05,59.05,59.05,400,23620.0
1690424377,59.05,59.05,59.05,59.05,0,0.0
1690424378,59.06,59.06,59.05,59.05,600,35431.0
1690424379,59.05,59.05,59.05,59.05,0,0.0
1690424380,59.05,59.05,59.05,59.05,0,0.0
1690424381,59.05,59.05,59.05,59.05,0,0.0
1690424382,59.05,59.05,59.05,59.05,0,0.0
1690424383,59.05,59.05,59.05,59.05,0,0.0
1690424384,59.05,59.06,59.05,59.06,4100,242126.0
1690424385,59.06,59.06,59.06,59.06,0,0.0
1690424386,59.05,59.06,59.05,59.05,4200,248012.0
1690424387,59.05,59.05,59.04,59.04,1800,106284.0
1690424388,59.04,59.04,59.04,59.04,0,0.0
1690424389,59.04,59.04,59.04,59.04,0,0.0
1690424390,59.05,59.05,59.05,59.05,1600,94480.0
1690424391,59.05,59.05,59.05,59.05,0,0.0
1690424392,59.05,59.05,59.05,59.05,0,0.0
1690424393,59.05,59.05,59.05,59.05,0,0.0
1690424394,59.05,59.05,59.05,59.05,1400,82670.0
1690424395,59.04,59.04,59.04,59.04,200,11808.0
1690424396,59.04,59.04,59.04,59.04,0,0.0
1690424397,59.05,59.05,59.05,59.05,100,5905.0
1690424398,59.05,59.05,59.05,59.05,0,0.0
1690424399,59.05,59.05,59.05,59.05,0,0.0
1690424400,59.04,59.04,59.04,59.04,9400,554976.0
1690424401,59.04,59.04,59.04,59.04,0,0.0
1690424402,59.04,59.04,59.04,59.04,0,0.0
1690424403,59.03,59.03,59.03,59.03,300,17709.0
1690424404,59.03,59.03,59.03,59.03,0,0.0
1690424405,59.03,59.03,59.03,59.03,0,0.0
1690424406,59.03,59.03,59.03,59.03,0,0.0
1690424407,59.03,59.03,59.03,59.03,0,0.0
1690424408,59.03,59.03,59.03,59.03,0,0.0
1690424409,59.0,59.0,59.0,59.0,2600,153400.0
1690424410,59.0,59.0,59.0,59.0,0,0.0
1690424411,59.03,59.03,59.03,59.03,100,5903.0
1690424412,59.03,59.03,59.03,59.03,0,0.0
1690424413,59.01,59.01,59.0,59.0,19100,1126901.0
1690424414,59.01,59.01,59.01,59.01,100,5901.0
1690424415,59.01,59.01,59.01,59.01,0,0.0
1690424416,59.02,59.02,59.02,59.02,300,17706.0
1690424417,59.01,59.01,59.01,59.01,200,11802.0
1690424418,59.01,59.01,59.0,59.0,2500,147519.0
1690424419,59.01,59.01,58.98,58.98,26400,1557482.0
1690424420,58.98,58.98,58.98,58.98,0,0.0
1690424421,58.98,58.98,58.98,58.98,0,0.0
1690424422,59.0,59.0,59.0,59.0,600,35400.0
1690424423,59.0,59.0,59.0,59.0,0,0.0
1690424424,59.0,59.0,58.98,59.0,3600,212392.0
1690424425,59.01,59.01,58.98,58.98,1100,64891.0
1690424426,58.98,58.98,58.98,58.98,0,0.0
1690424427,59.0,59.0,58.98,58.98,2200,129790.0
1690424428,58.98,58.98,58.98,58.98,0,0.0
1690424429,58.98,58.98,58.98,58.98,0,0.0
1690424430,58.98,58.98,58.98,58.98,0,0.0
1690424431,58.98,58.98,58.98,58.98,0,0.0
1690424432,59.0,59.0,59.0,59.0,300,17700.0
1690424433,59.0,59.0,59.0,59.0,0,0.0
1690424434,59.0,59.0,59.0,59.0,0,0.0
1690424435,59.0,59.0,58.99,58.99,1800,106199.0
1690424436,58.99,58.99,58.99,58.99,0,0.0
1690424437,58.99,58.99,58.99,58.99,200,11798.0
1690424438,59.0,59.0,59.0,59.0,300,17700.0
1690424439,59.0,59.0,59.0,59.0,0,0.0
1690424440,59.0,59.0,59.0,59.0,0,0.0
1690424441,58.99,59.0,58.99,59.0,1000,58991.0
1690424442,59.0,59.0,59.0,59.0,0,0.0
1690424443,59.0,59.0,59.0,59.0,0,0.0
1690424444,59.0,59.0,59.0,59.0,400,23600.0
1690424445,59.0,59.0,59.0,59.0,0,0.0
1690424446,58.99,59.0,58.99,59.0,1500,88495.0
1690424447,59.0,59.0,59.0,59.0,0,0.0
1690424448,58.99,58.99,58.99,58.99,500,29495.0
1690424449,58.99,58.99,58.99,58.99,0,0.0
1690424450,58.99,58.99,58.99,58.99,0,0.0
1690424451,58.99,58.99,58.99,58.99,400,23596.0
1690424452,58.99,58.99,58.99,58.99,0,0.0
1690424453,59.0,59.0,59.0,59.0,400,23600.0
1690424454,59.0,59.0,59.0,59.0,1400,82600.0
1690424455,59.0,59.0,59.0,59.0,0,0.0
1690424456,59.0,59.0,59.0,59.0,0,0.0
1690424457,59.0,59.0,58.99,58.99,5100,300899.0
1690424458,58.99,58.99,58.99,58.99,0,0.0
1690424459,58.99,58.99,58.99,58.99,0,0.0
1690424460,59.0,59.0,59.0,59.0,200,11800.0
1690424461,59.0,59.0,59.0,59.0,0,0.0
1690424462,59.0,59.01,59.0,59.01,3100,182930.0
1690424463,59.01,59.01,59.0,59.0,1100,64905.0
1690424464,59.0,59.0,59.0,59.0,0,0.0
1690424465,59.01,59.01,59.01,59.01,1100,64911.0
1690424466,59.01,59.01,59.01,59.01,0,0.0
1690424467,59.0,59.01,59.0,59.01,500,29502.0
1690424468,59.01,59.01,59.01,59.01,100,5901.0
1690424469,59.01,59.01,59.01,59.01,0,0.0
1690424470,59.01,59.01,59.01,59.01,300,17703.0
1690424471,59.01,59.01,59.01,59.01,0,0.0
1690424472,59.01,59.01,59.01,59.01,0,0.0
1690424473,59.01,59.01,59.01,59.01,0,0.0
1690424474,59.01,59.01,59.01,59.01,0,0.0
1690424475,59.01,59.01,59.01,59.01,0,0.0
1690424476,59.01,59.01,59.01,59.01,0,0.0
1690424477,59.01,59.01,59.01,59.01,0,0.0
1690424478,59.01,59.01,59.0,59.0,700,41302.0
1690424479,59.0,59.0,59.0,59.0,0,0.0
1690424480,59.0,59.0,59.0,59.0,0,0.0
1690424481,59.0,59.0,59.0,59.0,0,0.0
1690424482,59.0,59.0,59.0,59.0,0,0.0
1690424483,59.0,59.0,59.0,59.0,0,0.0
1690424484,59.0,59.01,59.0,59.01,1700,100314.0
1690424485,59.01,59.01,59.01,59.01,0,0.0
1690424486,59.01,59.01,59.01,59.01,0,0.0
1690424487,59.01,59.01,59.01,59.01,0,0.0
1690424488,59.0,59.0,59.0,59.0,1100,64900.0
1690424489,59.0,59.0,59.0,59.0,600,35400.0
1690424490,59.0,59.0,59.0,59.0,0,0.0
1690424491,59.0,59.0,59.0,59.0,0,0.0
1690424492,59.0,59.0,59.0,59.0,0,0.0
1690424493,59.0,59.0,59.0,59.0,0,0.0
1690424494,59.02,59.02,59.02,59.02,1400,82628.0
1690424495,59.02,59.02,59.02,59.02,0,0.0
1690424496,59.02,59.02,59.02,59.02,0,0.0
1690424497,59.02,59.02,59.02,59.02,0,0.0
1690424498,59.02,59.02,59.02,59.02,0,0.0
1690424499,59.02,59.02,59.02,59.02,0,0.0
1690424500,59.02,59.02,59.02,59.02,0,0.0
1690424501,59.02,59.02,59.02,59.02,0,0.0
1690424502,59.02,59.02,59.02,59.02,100,5902.0
1690424503,59.01,59.01,59.0,59.0,600,35401.0
1690424504,59.0,59.0,59.0,59.0,0,0.0
1690424505,59.0,59.0,59.0,59.0,0,0.0
1690424506,59.0,59.0,59.0,59.0,0,0.0
1690424507,59.0,59.0,59.0,59.0,0,0.0
1690424508,59.02,59.02,59.02,59.02,1000,59020.0
1690424509,59.0,59.0,59.0,59.0,200,11800.0
1690424510,59.0,59.0,59.0,59.0,0,0.0
1690424511,59.02,59.02,59.02,59.02,600,35412.0
1690424512,59.02,59.02,59.02,59.02,0,0.0
1690424513,59.0,59.0,59.0,59.0,1300,76700.0
1690424514,59.0,59.0,59.0,59.0,0,0.0
1690424515,59.0,59.0,59.0,59.0,0,0.0
1690424516,59.0,59.0,59.0,59.0,0,0.0
1690424517,59.02,59.02,59.02,59.02,1200,70824.0
1690424518,59.0,59.0,59.0,59.0,300,17700.0
1690424519,59.0,59.0,59.0,59.0,0,0.0
1690424520,59.0,59.0,59.0,59.0,0,0.0
1690424521,59.0,59.0,59.0,59.0,0,0.0
1690424522,59.0,59.0,59.0,59.0,0,0.0
1690424523,59.0,59.0,59.0,59.0,0,0.0
1690424524,59.0,59.0,59.0,59.0,0,0.0
1690424525,59.02,59.02,59.02,59.02,2700,159354.0
1690424526,59.02,59.02,59.02,59.02,0,0.0
1690424527,59.02,59.02,59.02,59.02,0,0.0
1690424528,59.02,59.02,59.02,59.02,0,0.0
1690424529,59.02,59.02,59.02,59.02,100,5902.0
1690424530,59.02,59.02,59.02,59.02,0,0.0
1690424531,59.02,59.02,59.02,59.02,0,0.0
1690424532,59.02,59.02,59.02,59.02,100,5902.0
1690424533,59.02,59.02,59.02,59.02,0,0.0
1690424534,59.02,59.02,59.02,59.02,0,0.0
1690424535,59.02,59.02,59.02,59.02,1400,82628.0
1690424536,59.02,59.02,59.02,59.02,0,0.0
1690424537,59.02,59.02,59.02,59.02,0,0.0
1690424538,59.02,59.02,59.02,59.02,0,0.0
1690424539,59.02,59.02,59.02,59.02,0,0.0
1690424540,59.01,59.01,59.01,59.01,1200,70812.0
1690424541,59.01,59.01,59.01,59.01,0,0.0
1690424542,59.01,59.01,59.01,59.01,0,0.0
1690424543,59.02,59.02,59.01,59.01,10200,602002.0
1690424544,59.01,59.01,59.01,59.01,0,0.0
1690424545,59.02,59.02,59.01,59.01,400,23606.0
1690424546,59.01,59.03,59.01,59.03,1400,82633.0
1690424547,59.03,59.03,59.03,59.03,0,0.0
1690424548,59.03,59.03,59.03,59.03,0,0.0
1690424549,59.01,59.02,59.01,59.02,2200,129833.0
1690424550,59.02,59.02,59.02,59.02,0,0.0
1690424551,59.02,59.02,59.02,59.02,0,0.0
1690424552,59.02,59.02,59.02,59.02,0,0.0
1690424553,59.01,59.01,59.01,59.01,500,29505.0
1690424554,59.02,59.02,59.02,59.02,100,5902.0
1690424555,59.02,59.02,59.02,59.02,0,0.0
1690424556,59.02,59.02,59.02,59.02,0,0.0
1690424557,59.02,59.02,59.02,59.02,0,0.0
1690424558,59.02,59.02,59.02,59.02,0,0.0
1690424559,59.02,59.02,59.02,59.02,0,0.0
1690424560,59.02,59.02,59.02,59.02,0,0.0
1690424561,59.02,59.02,59.02,59.02,0,0.0
1690424562,59.02,59.02,59.02,59.02,1100,64922.0
1690424563,59.02,59.02,59.02,59.02,0,0.0
1690424564,59.02,59.02,59.02,59.02,0,0.0
1690424565,59.01,59.01,59.01,59.01,1400,82614.0
1690424566,59.01,59.01,59.01,59.01,0,0.0
1690424567,59.01,59.01,59.01,59.01,0,0.0
1690424568,59.01,59.01,59.01,59.01,0,0.0
1690424569,59.01,59.01,59.01,59.01,0,0.0
1690424570,59.01,59.01,59.01,59.01,0,0.0
1690424571,59.01,59.01,59.01,59.01,0,0.0
1690424572,59.01,59.01,59.01,59.01,0,0.0
1690424573,59.01,59.01,59.01,59.01,0,0.0
1690424574,59.01,59.01,59.01,59.01,0,0.0
1690424575,59.01,59.02,59.01,59.02,1600,94430.0
1690424576,59.02,59.03,59.02,59.03,4700,277400.0
1690424577,59.03,59.03,59.03,59.03,0,0.0
1690424578,59.03,59.03,59.03,59.03,0,0.0
1690424579,59.03,59.03,59.03,59.03,0,0.0
1690424580,59.03,59.03,59.03,59.03,0,0.0
1690424581,59.03,59.03,59.03,59.03,0,0.0
1690424582,59.03,59.03,59.03,59.03,0,0.0
1690424583,59.01,59.01,59.0,59.0,1100,64909.0
1690424584,59.01,59.02,59.01,59.02,3200,188837.0
1690424585,59.02,59.02,59.02,59.02,0,0.0
1690424586,59.02,59.02,59.02,59.02,100,5902.0
1690424587,59.01,59.01,59.01,59.01,500,29505.0
1690424588,59.01,59.01,59.01,59.01,0,0.0
1690424589,59.0,59.0,59.0,59.0,700,41300.0
1690424590,59.0,59.0,59.0,59.0,0,0.0
1690424591,59.01,59.01,59.01,59.01,100,5901.0
1690424592,59.0,59.0,59.0,59.0,5500,324500.0
1690424593,59.0,59.0,59.0,59.0,0,0.0
1690424594,59.0,59.0,59.0,59.0,0,0.0
1690424595,59.0,59.0,59.0,59.0,0,0.0
1690424596,59.0,59.0,59.0,59.0,0,0.0
1690424597,59.01,59.01,59.01,59.01,1100,64911.0
1690424598,59.01,59.01,59.01,59.01,0,0.0
1690424599,59.01,59.01,59.01,59.01,0,0.0
1690424600,59.01,59.01,59.01,59.01,100,5901.0
1690424601,59.01,59.01,59.01,59.01,0,0.0
1690424602,59.01,59.01,59.01,59.01,0,0.0
1690424603,59.0,59.0,59.0,59.0,100,5900.0
1690424604,59.0,59.0,59.0,59.0,0,0.0
1690424605,59.01,59.01,59.01,59.01,1400,82614.0
1690424606,59.0,59.0,59.0,59.0,100,5900.0
1690424607,59.0,59.0,59.0,59.0,0,0.0
1690424608,59.0,59.0,59.0,59.0,0,0.0
1690424609,59.0,59.0,59.0,59.0,0,0.0
1690424610,59.0,59.0,59.0,59.0,0,0.0
1690424611,59.02,59.02,59.02,59.02,200,11804.0
1690424612,59.02,59.02,59.02,59.02,0,0.0
1690424613,59.02,59.02,59.02,59.02,0,0.0
1690424614,59.0,59.0,59.0,59.0,1400,82600.0
1690424615,59.02,59.02,59.02,59.02,1200,70824.0
1690424616,59.02,59.02,59.02,59.02,0,0.0
1690424617,59.02,59.02,59.02,59.02,0,0.0
1690424618,59.0,59.0,59.0,59.0,300,17700.0
1690424619,59.0,59.0,59.0,59.0,0,0.0
1690424620,59.0,59.0,59.0,59.0,0,0.0
1690424621,59.0,59.0,59.0,59.0,0,0.0
1690424622,59.0,59.0,59.0,59.0,100,5900.0
1690424623,59.0,59.0,59.0,59.0,0,0.0
1690424624,59.01,59.01,59.01,59.01,1900,112119.0
1690424625,59.01,59.01,59.01,59.01,200,11802.0
1690424626,59.01,59.01,59.01,59.01,0,0.0
1690424627,59.01,59.02,59.01,59.02,1700,100318.0
1690424628,59.02,59.02,59.02,59.02,0,0.0
1690424629,59.02,59.02,59.02,59.02,0,0.0
1690424630,59.02,59.02,59.02,59.02,0,0.0
1690424631,59.02,59.02,59.02,59.02,0,0.0
1690424632,59.02,59.02,59.02,59.02,0,0.0
1690424633,59.02,59.02,59.02,59.02,0,0.0
1690424634,59.02,59.02,59.02,59.02,0,0.0
1690424635,59.02,59.02,59.02,59.02,0,0.0
1690424636,59.02,59.02,59.02,59.02,0,0.0
1690424637,59.02,59.02,59.02,59.02,0,0.0
1690424638,59.02,59.02,59.02,59.02,100,5902.0
1690424639,59.02,59.02,59.02,59.02,0,0.0
1690424640,59.01,59.01,59.0,59.0,7200,424850.0
1690424641,59.0,59.0,59.0,59.0,0,0.0
1690424642,59.0,59.0,59.0,59.0,0,0.0
1690424643,59.01,59.01,59.01,59.01,900,53109.0
1690424644,59.01,59.01,59.01,59.01,700,41307.0
1690424645,59.01,59.01,59.01,59.01,0,0.0
1690424646,59.01,59.01,59.01,59.01,100,5901.0
1690424647,59.01,59.01,59.01,59.01,0,0.0
1690424648,59.01,59.01,59.01,59.01,0,0.0
1690424649,59.01,59.01,59.01,59.01,100,5901.0
1690424650,59.01,59.01,59.01,59.01,0,0.0
1690424651,59.01,59.01,59.01,59.01,0,0.0
1690424652,59.01,59.01,59.01,59.01,0,0.0
1690424653,59.01,59.01,59.01,59.01,300,17703.0
1690424654,59.01,59.01,59.01,59.01,100,5901.0
1690424655,59.01,59.01,59.01,59.01,0,0.0
1690424656,59.01,59.01,59.01,59.01,0,0.0
1690424657,59.01,59.01,59.01,59.01,200,11802.0
1690424658,59.01,59.01,59.01,59.01,0,0.0
1690424659,59.0,59.0,59.0,59.0,16500,973500.0
1690424660,59.0,59.0,59.0,59.0,100,5900.0
1690424661,59.0,59.0,59.0,59.0,0,0.0
1690424662,59.02,59.02,59.02,59.02,400,23608.0
1690424663,59.02,59.02,59.02,59.02,0,0.0
1690424664,59.02,59.02,59.02,59.02,0,0.0
1690424665,59.02,59.02,59.02,59.02,0,0.0
1690424666,59.02,59.02,59.02,59.02,0,0.0
1690424667,59.02,59.02,59.02,59.02,0,0.0
1690424668,59.0,59.0,59.0,59.0,100,5900.0
1690424669,59.0,59.0,59.0,59.0,0,0.0
1690424670,59.0,59.0,59.0,59.0,0,0.0
1690424671,59.0,59.0,59.0,59.0,0,0.0
1690424672,59.0,59.0,59.0,59.0,0,0.0
1690424673,59.0,59.0,59.0,59.0,0,0.0
1690424674,59.0,59.0,59.0,59.0,0,0.0
1690424675,59.0,59.0,59.0,59.0,600,35400.0
1690424676,59.0,59.0,59.0,59.0,0,0.0
1690424677,59.0,59.0,59.0,59.0,0,0.0
1690424678,59.0,59.0,59.0,59.0,1300,76700.0
1690424679,59.01,59.01,59.01,59.01,100,5901.0
1690424680,59.01,59.01,59.01,59.01,0,0.0
1690424681,59.0,59.0,59.0,59.0,900,53100.0
1690424682,59.0,59.0,59.0,59.0,0,0.0
1690424683,59.0,59.0,59.0,59.0,100,5900.0
1690424684,59.0,59.0,59.0,59.0,2300,135700.0
1690424685,59.0,59.0,59.0,59.0,0,0.0
1690424686,59.01,59.01,59.01,59.01,100,5901.0
1690424687,59.01,59.01,59.01,59.01,0,0.0
1690424688,59.01,59.01,59.01,59.01,0,0.0
1690424689,59.0,59.0,59.0,59.0,400,23600.0
1690424690,59.0,59.0,59.0,59.0,0,0.0
1690424691,59.0,59.0,59.0,59.0,0,0.0
1690424692,59.0,59.0,59.0,59.0,0,0.0
1690424693,59.0,59.0,59.0,59.0,0,0.0
1690424694,59.0,59.0,59.0,59.0,0,0.0
1690424695,59.0,59.0,59.0,59.0,0,0.0
1690424696,59.0,59.0,59.0,59.0,0,0.0
1690424697,59.01,59.01,59.01,59.01,100,5901.0
1690424698,59.01,59.01,59.01,59.01,0,0.0
1690424699,59.01,59.01,59.01,59.01,0,0.0
1690424700,59.01,59.01,59.01,59.01,0,0.0
1690424701,59.01,59.01,59.01,59.01,0,0.0
1690424702,59.01,59.01,59.01,59.01,300,17703.0
1690424703,59.01,59.01,59.01,59.01,0,0.0
1690424704,59.01,59.01,59.01,59.01,0,0.0
1690424705,59.01,59.01,59.01,59.01,0,0.0
1690424706,59.01,59.01,59.01,59.01,0,0.0
1690424707,59.01,59.01,59.01,59.01,0,0.0
1690424708,59.01,59.01,59.01,59.01,200,11802.0
1690424709,59.01,59.01,59.01,59.01,0,0.0
1690424710,59.01,59.01,59.01,59.01,100,5901.0
1690424711,59.01,59.01,59.01,59.01,0,0.0
1690424712,59.01,59.01,59.01,59.01,0,0.0
1690424713,59.01,59.01,59.01,59.01,1200,70812.0
1690424714,59.0,59.0,59.0,59.0,100,5900.0
1690424715,59.0,59.0,59.0,59.0,0,0.0
1690424716,59.0,59.0,59.0,59.0,0,0.0
1690424717,59.0,59.0,59.0,59.0,0,0.0
1690424718,59.01,59.01,59.0,59.0,1100,64904.0
1690424719,59.0,59.0,59.0,59.0,0,0.0
1690424720,59.0,59.0,59.0,59.0,0,0.0
1690424721,59.01,59.01,59.01,59.01,300,17703.0
1690424722,59.01,59.01,59.01,59.01,0,0.0
1690424723,59.0,59.0,59.0,59.0,100,5900.0
1690424724,59.0,59.0,59.0,59.0,0,0.0
1690424725,59.0,59.0,59.0,59.0,0,0.0
1690424726,59.0,59.0,59.0,59.0,900,53100.0
1690424727,59.0,59.0,59.0,59.0,0,0.0
1690424728,59.0,59.0,59.0,59.0,0,0.0
1690424729,59.0,59.0,59.0,59.0,0,0.0
1690424730,59.0,59.0,59.0,59.0,0,0.0
1690424731,59.0,59.0,59.0,59.0,0,0.0
1690424732,59.01,59.01,59.01,59.01,800,47208.0
1690424733,59.0,59.0,59.0,59.0,900,53100.0
1690424734,59.0,59.0,59.0,59.0,100,5900.0
1690424735,59.0,59.03,59.0,59.03,24400,1439967.0
1690424736,59.03,59.03,59.03,59.03,0,0.0
1690424737,59.04,59.04,59.01,59.01,4000,236094.0
1690424738,59.01,59.04,59.01,59.04,1500,88539.0
1690424739,59.04,59.04,59.04,59.04,0,0.0
1690424740,59.04,59.04,59.04,59.04,200,11808.0
1690424741,59.04,59.04,59.04,59.04,1000,59040.0
1690424742,59.05,59.05,59.05,59.05,800,47240.0
1690424743,59.03,59.03,59.03,59.03,1000,59030.0
1690424744,59.03,59.03,59.03,59.03,0,0.0
1690424745,59.03,59.03,59.03,59.03,0,0.0
1690424746,59.03,59.03,59.03,59.03,0,0.0
1690424747,59.03,59.03,59.03,59.03,0,0.0
1690424748,59.04,59.04,59.03,59.03,300,17711.0
1690424749,59.03,59.03,59.03,59.03,0,0.0
1690424750,59.03,59.03,59.03,59.03,0,0.0
1690424751,59.03,59.03,59.03,59.03,0,0.0
1690424752,59.03,59.03,59.03,59.03,0,0.0
1690424753,59.03,59.03,59.03,59.03,0,0.0
1690424754,59.03,59.03,59.03,59.03,0,0.0
1690424755,59.03,59.03,59.03,59.03,0,0.0
1690424756,59.03,59.03,59.03,59.03,0,0.0
1690424757,59.03,59.03,59.03,59.03,0,0.0
1690424758,59.04,59.04,59.04,59.04,100,5904.0
1690424759,59.05,59.05,59.05,59.05,100,5905.0
1690424760,59.05,59.05,59.05,59.05,0,0.0
1690424761,59.05,59.05,59.05,59.05,0,0.0
1690424762,59.05,59.05,59.05,59.05,400,23620.0
1690424763,59.05,59.05,59.05,59.05,0,0.0
1690424764,59.05,59.05,59.05,59.05,0,0.0
1690424765,59.05,59.05,59.05,59.05,0,0.0
1690424766,59.05,59.05,59.05,59.05,0,0.0
1690424767,59.05,59.05,59.05,59.05,0,0.0
1690424768,59.04,59.04,59.04,59.04,200,11808.0
1690424769,59.04,59.04,59.04,59.04,0,0.0
1690424770,59.04,59.04,59.04,59.04,0,0.0
1690424771,59.04,59.04,59.04,59.04,0,0.0
1690424772,59.04,59.04,59.04,59.04,0,0.0
1690424773,59.05,59.05,59.04,59.04,200,11809.0
1690424774,59.04,59.04,59.04,59.04,0,0.0
1690424775,59.04,59.04,59.04,59.04,300,17712.0
1690424776,59.05,59.05,59.05,59.05,800,47240.0
1690424777,59.05,59.05,59.05,59.05,0,0.0
1690424778,59.04,59.04,59.04,59.04,500,29520.0
1690424779,59.04,59.04,59.04,59.04,200,11808.0
1690424780,59.04,59.04,59.04,59.04,0,0.0
1690424781,59.05,59.05,59.05,59.05,3100,183055.0
1690424782,59.05,59.05,59.05,59.05,0,0.0
1690424783,59.04,59.04,59.04,59.04,400,23616.0
1690424784,59.04,59.04,59.04,59.04,0,0.0
1690424785,59.04,59.04,59.04,59.04,0,0.0
1690424786,59.04,59.04,59.04,59.04,0,0.0
1690424787,59.04,59.04,59.04,59.04,0,0.0
1690424788,59.04,59.04,59.04,59.04,100,5904.0
1690424789,59.04,59.04,59.04,59.04,0,0.0
1690424790,59.04,59.04,59.04,59.04,0,0.0
1690424791,59.04,59.04,59.04,59.04,0,0.0
1690424792,59.04,59.04,59.04,59.04,100,5904.0
1690424793,59.04,59.04,59.04,59.04,0,0.0
1690424794,59.04,59.04,59.04,59.04,0,0.0
1690424795,59.04,59.04,59.04,59.04,100,5904.0
1690424796,59.04,59.04,59.04,59.04,0,0.0
1690424797,59.04,59.04,59.04,59.04,10100,596304.0
1690424798,59.04,59.04,59.04,59.04,0,0.0
1690424799,59.04,59.04,59.04,59.04,0,0.0
1690424800,59.04,59.04,59.01,59.01,1200,70842.0
1690424801,59.01,59.01,59.01,59.01,0,0.0
1690424802,59.04,59.04,59.04,59.04,100,5904.0
1690424803,59.04,59.04,59.04,59.04,0,0.0
1690424804,59.04,59.04,59.04,59.04,0,0.0
1690424805,59.04,59.04,59.04,59.04,0,0.0
1690424806,59.04,59.04,59.04,59.04,0,0.0
1690424807,59.01,59.01,59.01,59.01,300,17703.0
1690424808,59.01,59.01,59.01,59.01,0,0.0
1690424809,59.01,59.01,59.01,59.01,0,0.0
1690424810,59.01,59.01,59.01,59.01,100,5901.0
1690424811,59.01,59.01,59.01,59.01,0,0.0
1690424812,59.01,59.01,59.01,59.01,0,0.0
1690424813,59.01,59.01,59.01,59.01,0,0.0
1690424814,59.01,59.01,59.01,59.01,3200,188832.0
1690424815,59.01,59.01,59.01,59.01,0,0.0
1690424816,59.02,59.02,59.02,59.02,100,5902.0
1690424817,59.02,59.02,59.02,59.02,0,0.0
1690424818,59.02,59.02,59.02,59.02,0,0.0
1690424819,59.02,59.02,59.02,59.02,0,0.0
1690424820,59.02,59.02,59.02,59.02,0,0.0
1690424821,59.02,59.02,59.02,59.02,0,0.0
1690424822,59.02,59.02,59.02,59.02,0,0.0
1690424823,59.0,59.0,59.0,59.0,300,17700.0
1690424824,59.0,59.0,59.0,59.0,2000,118000.0
1690424825,59.0,59.0,59.0,59.0,0,0.0
1690424826,59.0,59.0,59.0,59.0,0,0.0
1690424827,59.0,59.0,59.0,59.0,0,0.0
1690424828,59.0,59.0,59.0,59.0,0,0.0
1690424829,59.0,59.0,59.0,59.0,500,29500.0
1690424830,59.0,59.0,59.0,59.0,100,5900.0
1690424831,59.0,59.0,59.0,59.0,100,5900.0
1690424832,59.0,59.0,59.0,59.0,0,0.0
1690424833,59.0,59.0,59.0,59.0,0,0.0
1690424834,59.0,59.0,59.0,59.0,0,0.0
1690424835,59.01,59.01,59.01,59.01,500,29505.0
1690424836,59.01,59.01,59.01,59.01,0,0.0
1690424837,59.01,59.01,59.01,59.01,100,5901.0
1690424838,59.01,59.01,59.01,59.01,0,0.0
1690424839,59.01,59.01,59.01,59.01,0,0.0
1690424840,59.01,59.01,59.01,59.01,0,0.0
1690424841,59.01,59.01,59.01,59.01,0,0.0
1690424842,59.01,59.01,59.01,59.01,0,0.0
1690424843,59.01,59.01,59.01,59.01,0,0.0
1690424844,59.01,59.01,59.01,59.01,0,0.0
1690424845,59.01,59.01,59.01,59.01,0,0.0
1690424846,59.01,59.01,59.01,59.01,0,0.0
1690424847,59.01,59.01,59.01,59.01,0,0.0
1690424848,59.0,59.0,59.0,59.0,300,17700.0
1690424849,59.0,59.0,59.0,59.0,0,0.0
1690424850,59.0,59.0,59.0,59.0,0,0.0
1690424851,59.0,59.0,59.0,59.0,0,0.0
1690424852,59.0,59.0,59.0,59.0,0,0.0
1690424853,59.0,59.0,59.0,59.0,0,0.0
1690424854,59.0,59.0,59.0,59.0,700,41300.0
1690424855,59.0,59.0,59.0,59.0,0,0.0
1690424856,59.0,59.0,59.0,59.0,0,0.0
1690424857,59.0,59.0,59.0,59.0,200,11800.0
1690424858,59.0,59.0,59.0,59.0,100,5900.0
1690424859,59.0,59.0,59.0,59.0,1300,76700.0
1690424860,59.0,59.0,59.0,59.0,0,0.0
1690424861,59.0,59.0,59.0,59.0,0,0.0
1690424862,59.0,59.0,59.0,59.0,0,0.0
1690424863,59.0,59.0,59.0,59.0,0,0.0
1690424864,59.0,59.0,59.0,59.0,1000,59000.0
1690424865,59.0,59.0,59.0,59.0,0,0.0
1690424866,59.0,59.0,59.0,59.0,0,0.0
1690424867,59.01,59.01,59.0,59.0,3000,177001.0
1690424868,59.0,59.0,59.0,59.0,0,0.0
1690424869,59.0,59.0,59.0,59.0,0,0.0
1690424870,59.0,59.0,59.0,59.0,0,0.0
1690424871,59.0,59.0,59.0,59.0,0,0.0
1690424872,59.0,59.0,59.0,59.0,0,0.0
1690424873,59.0,59.0,59.0,59.0,0,0.0
1690424874,59.0,59.0,59.0,59.0,0,0.0
1690424875,59.0,59.0,59.0,59.0,300,17700.0
1690424876,59.0,59.0,59.0,59.0,1100,64900.0
1690424877,59.0,59.0,59.0,59.0,0,0.0
1690424878,59.0,59.0,59.0,59.0,0,0.0
1690424879,59.0,59.0,59.0,59.0,0,0.0
1690424880,59.0,59.0,59.0,59.0,0,0.0
1690424881,59.0,59.0,59.0,59.0,500,29500.0
1690424882,59.0,59.0,59.0,59.0,0,0.0
1690424883,59.0,59.0,59.0,59.0,700,41300.0
1690424884,59.0,59.0,59.0,59.0,700,41300.0
1690424885,59.0,59.0,59.0,59.0,0,0.0
1690424886,59.0,59.0,59.0,59.0,600,35400.0
1690424887,59.0,59.0,59.0,59.0,0,0.0
1690424888,59.0,59.0,59.0,59.0,0,0.0
1690424889,59.0,59.0,59.0,59.0,0,0.0
1690424890,59.0,59.0,59.0,59.0,0,0.0
1690424891,59.0,59.0,58.97,58.97,2000,117990.0
1690424892,58.97,58.97,58.97,58.97,0,0.0
1690424893,58.97,58.97,58.97,58.97,0,0.0
1690424894,58.99,59.0,58.99,59.0,600,35398.0
1690424895,59.0,59.0,59.0,59.0,0,0.0
1690424896,59.0,59.0,59.0,59.0,0,0.0
1690424897,58.99,58.99,58.99,58.99,600,35394.0
1690424898,58.99,58.99,58.99,58.99,0,0.0
1690424899,58.98,58.98,58.98,58.98,1200,70776.0
1690424900,58.99,58.99,58.99,58.99,100,5899.0
1690424901,58.99,58.99,58.99,58.99,0,0.0
1690424902,58.99,58.99,58.99,58.99,0,0.0
1690424903,58.99,58.99,58.99,58.99,500,29495.0
1690424904,58.99,58.99,58.99,58.99,0,0.0
1690424905,58.99,58.99,58.99,58.99,0,0.0
1690424906,58.99,58.99,58.99,58.99,0,0.0
1690424907,58.99,58.99,58.99,58.99,0,0.0
1690424908,58.99,58.99,58.99,58.99,400,23596.0
1690424909,58.99,58.99,58.99,58.99,0,0.0
1690424910,58.99,58.99,58.99,58.99,0,0.0
1690424911,58.99,58.99,58.99,58.99,0,0.0
1690424912,58.99,58.99,58.99,58.99,0,0.0
1690424913,58.98,58.98,58.98,58.98,100,5898.0
1690424914,58.98,58.98,58.98,58.98,0,0.0
1690424915,58.98,58.98,58.98,58.98,0,0.0
1690424916,58.99,58.99,58.99,58.99,200,11798.0
1690424917,58.99,58.99,58.99,58.99,0,0.0
1690424918,58.99,58.99,58.99,58.99,1200,70788.0
1690424919,58.99,58.99,58.99,58.99,0,0.0
1690424920,58.99,58.99,58.99,58.99,0,0.0
1690424921,59.0,59.0,59.0,59.0,2500,147500.0
1690424922,58.99,58.99,58.99,58.99,100,5899.0
1690424923,58.99,58.99,58.99,58.99,500,29495.0
1690424924,59.0,59.0,59.0,59.0,300,17700.0
1690424925,59.0,59.0,59.0,59.0,0,0.0
1690424926,59.0,59.0,59.0,59.0,0,0.0
1690424927,59.0,59.0,58.99,58.99,500,29496.0
1690424928,58.99,58.99,58.99,58.99,0,0.0
1690424929,58.99,58.99,58.99,58.99,200,11798.0
1690424930,58.99,59.0,58.99,59.0,800,47193.0
1690424931,59.0,59.0,59.0,59.0,0,0.0
1690424932,59.0,59.0,59.0,59.0,0,0.0
1690424933,59.0,59.0,59.0,59.0,0,0.0
1690424934,59.0,59.0,59.0,59.0,0,0.0
1690424935,59.0,59.0,59.0,59.0,5500,324500.0
1690424936,59.0,59.0,59.0,59.0,0,0.0
1690424937,59.0,59.0,59.0,59.0,0,0.0
1690424938,59.0,59.0,59.0,59.0,300,17700.0
1690424939,59.0,59.0,59.0,59.0,0,0.0
1690424940,59.0,59.0,59.0,59.0,0,0.0
1690424941,59.0,59.0,59.0,59.0,0,0.0
1690424942,59.0,59.0,59.0,59.0,100,5900.0
1690424943,58.99,58.99,58.99,58.99,500,29495.0
1690424944,58.99,58.99,58.99,58.99,0,0.0
1690424945,59.0,59.0,59.0,59.0,800,47200.0
1690424946,59.0,59.0,59.0,59.0,0,0.0
1690424947,59.0,59.0,59.0,59.0,0,0.0
1690424948,59.0,59.0,59.0,59.0,1800,106200.0
1690424949,59.0,59.0,59.0,59.0,0,0.0
1690424950,59.0,59.01,59.0,59.0,1100,64902.0
1690424951,59.0,59.0,59.0,59.0,300,17700.0
1690424952,59.0,59.0,59.0,59.0,0,0.0
1690424953,59.0,59.0,59.0,59.0,0,0.0
1690424954,59.0,59.0,59.0,59.0,0,0.0
1690424955,59.0,59.0,59.0,59.0,0,0.0
1690424956,59.0,59.0,59.0,59.0,0,0.0
1690424957,59.0,59.0,59.0,59.0,0,0.0
1690424958,59.0,59.0,59.0,59.0,200,11800.0
1690424959,59.0,59.0,59.0,59.0,1000,59000.0
1690424960,59.0,59.0,59.0,59.0,0,0.0
1690424961,59.01,59.01,59.01,59.01,400,23604.0
1690424962,59.01,59.01,59.01,59.01,0,0.0
1690424963,59.01,59.01,59.01,59.01,0,0.0
1690424964,59.0,59.0,59.0,59.0,100,5900.0
1690424965,59.01,59.01,59.01,59.01,100,5901.0
1690424966,59.01,59.01,59.01,59.01,0,0.0
1690424967,59.01,59.01,59.01,59.01,1100,64911.0
1690424968,59.01,59.01,59.01,59.01,0,0.0
1690424969,59.0,59.0,59.0,59.0,3500,206500.0
1690424970,59.0,59.0,59.0,59.0,600,35400.0
1690424971,59.0,59.0,59.0,59.0,0,0.0
1690424972,59.0,59.01,59.0,59.01,1800,106217.0
1690424973,59.01,59.01,59.01,59.01,400,23604.0
1690424974,59.01,59.01,59.01,59.01,0,0.0
1690424975,59.0,59.0,59.0,59.0,700,41300.0
1690424976,59.0,59.0,59.0,59.0,0,0.0
1690424977,59.0,59.0,59.0,59.0,0,0.0
1690424978,59.0,59.0,59.0,59.0,2100,123900.0
1690424979,59.0,59.0,59.0,59.0,0,0.0
1690424980,59.0,59.0,59.0,59.0,0,0.0
1690424981,59.0,59.0,59.0,59.0,300,17700.0
1690424982,59.0,59.0,59.0,59.0,0,0.0
1690424983,59.0,59.0,59.0,59.0,200,11800.0
1690424984,59.0,59.0,59.0,59.0,100,5900.0
1690424985,58.99,59.0,58.99,59.0,5600,330386.0
1690424986,59.0,59.0,59.0,59.0,400,23600.0
1690424987,59.0,59.0,59.0,59.0,0,0.0
1690424988,59.0,59.0,59.0,59.0,0,0.0
1690424989,59.0,59.0,59.0,59.0,900,53100.0
1690424990,59.0,59.0,59.0,59.0,0,0.0
1690424991,59.0,59.01,59.0,59.01,700,41303.0
1690424992,59.01,59.01,59.01,59.01,0,0.0
1690424993,59.0,59.0,59.0,59.0,100,5900.0
1690424994,59.01,59.01,59.0,59.0,1100,64908.0
1690424995,59.0,59.0,59.0,59.0,0,0.0
1690424996,59.0,59.0,59.0,59.0,300,17700.0
1690424997,59.0,59.0,59.0,59.0,0,0.0
1690424998,59.0,59.0,59.0,59.0,0,0.0
1690424999,59.0,59.0,59.0,59.0,6500,383500.0
1690425000,59.0,59.0,59.0,59.0,0,0.0
1690425001,59.0,59.0,59.0,59.0,0,0.0
1690425002,59.0,59.0,59.0,59.0,800,47200.0
1690425003,59.0,59.0,59.0,59.0,0,0.0
1690425004,59.0,59.0,59.0,59.0,0,0.0
1690425005,59.0,59.0,59.0,59.0,0,0.0
1690425006,59.0,59.0,59.0,59.0,0,0.0
1690425007,59.0,59.0,59.0,59.0,100,5900.0
1690425008,59.0,59.0,59.0,59.0,100,5900.0
1690425009,59.0,59.0,59.0,59.0,0,0.0
1690425010,59.0,59.0,59.0,59.0,0,0.0
1690425011,59.0,59.0,59.0,59.0,300,17700.0
1690425012,58.99,58.99,58.99,58.99,100,5899.0
1690425013,58.99,58.99,58.99,58.99,0,0.0
1690425014,58.99,58.99,58.99,58.99,0,0.0
1690425015,58.99,58.99,58.99,58.99,600,35394.0
1690425016,58.99,58.99,58.99,58.99,100,5899.0
1690425017,58.99,58.99,58.99,58.99,0,0.0
1690425018,58.99,58.99,58.99,58.99,600,35394.0
1690425019,58.99,58.99,58.99,58.99,0,0.0
1690425020,58.99,58.99,58.99,58.99,0,0.0
1690425021,58.99,58.99,58.99,58.99,100,5899.0
1690425022,58.99,58.99,58.99,58.99,0,0.0
1690425023,58.99,58.99,58.99,58.99,0,0.0
1690425024,58.99,58.99,58.99,58.99,0,0.0
1690425025,58.99,58.99,58.99,58.99,0,0.0
1690425026,59.0,59.0,59.0,59.0,1900,112100.0
1690425027,59.0,59.0,59.0,59.0,0,0.0
1690425028,59.0,59.0,59.0,59.0,0,0.0
1690425029,59.0,59.0,59.0,59.0,1500,88500.0
1690425030,59.0,59.0,59.0,59.0,0,0.0
1690425031,59.0,59.0,59.0,59.0,0,0.0
1690425032,59.0,59.0,59.0,59.0,500,29500.0
1690425033,59.0,59.0,59.0,59.0,0,0.0
1690425034,59.0,59.0,59.0,59.0,1300,76700.0
1690425035,59.0,59.0,58.99,58.99,500,29499.0
1690425036,58.99,58.99,58.99,58.99,0,0.0
1690425037,59.0,59.0,59.0,59.0,100,5900.0
1690425038,59.0,59.0,59.0,59.0,0,0.0
1690425039,59.0,59.0,59.0,59.0,0,0.0
1690425040,59.0,59.0,59.0,59.0,0,0.0
1690425041,59.0,59.0,59.0,59.0,0,0.0
1690425042,59.0,59.0,59.0,59.0,0,0.0
1690425043,59.0,59.0,59.0,59.0,100,5900.0
1690425044,59.0,59.0,59.0,59.0,0,0.0
1690425045,59.0,59.0,59.0,59.0,0,0.0
1690425046,59.0,59.0,59.0,59.0,800,47200.0
1690425047,59.0,59.0,59.0,59.0,0,0.0
1690425048,58.99,58.99,58.98,58.98,17200,1014589.0
1690425049,58.98,58.98,58.98,58.98,0,0.0
1690425050,58.98,58.98,58.98,58.98,0,0.0
1690425051,59.0,59.0,59.0,59.0,200,11800.0
1690425052,59.0,59.0,59.0,59.0,0,0.0
1690425053,59.0,59.0,59.0,59.0,0,0.0
1690425054,59.0,59.0,59.0,59.0,0,0.0
1690425055,59.0,59.0,59.0,59.0,0,0.0
1690425056,59.0,59.0,59.0,59.0,0,0.0
1690425057,59.0,59.0,59.0,59.0,0,0.0
1690425058,59.0,59.0,59.0,59.0,400,23600.0
1690425059,59.0,59.0,59.0,59.0,200,11800.0
1690425060,59.0,59.0,59.0,59.0,0,0.0
1690425061,59.0,59.0,59.0,59.0,0,0.0
1690425062,58.99,59.0,58.99,59.0,200,11799.0
1690425063,59.0,59.0,59.0,59.0,200,11800.0
1690425064,59.0,59.0,59.0,59.0,0,0.0
1690425065,59.01,59.01,59.01,59.01,700,41307.0
1690425066,59.0,59.0,59.0,59.0,2500,147500.0
1690425067,59.0,59.0,59.0,59.0,200,11800.0
1690425068,59.0,59.0,59.0,59.0,0,0.0
1690425069,59.0,59.0,59.0,59.0,0,0.0
1690425070,59.0,59.0,59.0,59.0,1100,64900.0
1690425071,59.0,59.0,59.0,59.0,0,0.0
1690425072,59.0,59.0,59.0,59.0,0,0.0
1690425073,59.0,59.0,59.0,59.0,0,0.0
1690425074,59.0,59.0,59.0,59.0,0,0.0
1690425075,59.0,59.0,59.0,59.0,0,0.0
1690425076,59.0,59.0,59.0,59.0,0,0.0
1690425077,59.0,59.0,59.0,59.0,0,0.0
1690425078,59.0,59.0,59.0,59.0,100,5900.0
1690425079,59.0,59.0,59.0,59.0,0,0.0
1690425080,59.0,59.0,59.0,59.0,0,0.0
1690425081,59.0,59.0,59.0,59.0,0,0.0
1690425082,59.0,59.0,59.0,59.0,0,0.0
1690425083,59.01,59.01,59.0,59.01,2100,123908.0
1690425084,59.01,59.01,59.01,59.01,0,0.0
1690425085,59.01,59.01,59.01,59.01,0,0.0
1690425086,59.01,59.01,59.01,59.01,0,0.0
1690425087,59.01,59.01,59.01,59.01,0,0.0
1690425088,59.01,59.01,59.0,59.0,400,23601.0
1690425089,59.0,59.0,59.0,59.0,100,5900.0
1690425090,59.0,59.0,59.0,59.0,0,0.0
1690425091,59.0,59.0,59.0,59.0,0,0.0
1690425092,59.0,59.0,59.0,59.0,200,11800.0
1690425093,59.0,59.0,59.0,59.0,0,0.0
1690425094,59.0,59.0,59.0,59.0,100,5900.0
1690425095,59.0,59.0,59.0,59.0,0,0.0
1690425096,59.01,59.01,59.01,59.01,100,5901.0
1690425097,59.01,59.01,59.01,59.01,0,0.0
1690425098,59.01,59.01,59.01,59.01,0,0.0
1690425099,59.0,59.0,59.0,59.0,11700,690300.0
1690425100,59.0,59.0,59.0,59.0,0,0.0
1690425101,59.0,59.0,59.0,59.0,0,0.0
1690425102,59.0,59.0,59.0,59.0,0,0.0
1690425103,59.0,59.0,59.0,59.0,0,0.0
1690425104,59.0,59.0,59.0,59.0,0,0.0
1690425105,59.0,59.0,59.0,59.0,0,0.0
1690425106,59.0,59.0,59.0,59.0,0,0.0
1690425107,59.0,59.0,59.0,59.0,400,23600.0
1690425108,59.0,59.0,59.0,59.0,0,0.0
1690425109,59.01,59.01,59.01,59.01,100,5901.0
1690425110,59.01,59.01,59.01,59.01,0,0.0
1690425111,59.01,59.01,59.01,59.01,0,0.0
1690425112,59.01,59.01,59.01,59.01,0,0.0
1690425113,59.0,59.01,59.0,59.0,500,29501.0
1690425114,59.0,59.0,59.0,59.0,0,0.0
1690425115,59.0,59.0,59.0,59.0,0,0.0
1690425116,59.0,59.0,59.0,59.0,0,0.0
1690425117,59.0,59.0,59.0,59.0,0,0.0
1690425118,59.0,59.0,59.0,59.0,1100,64900.0
1690425119,59.0,59.0,59.0,59.0,100,5900.0
1690425120,59.0,59.0,59.0,59.0,0,0.0
1690425121,59.0,59.0,59.0,59.0,100,5900.0
1690425122,59.0,59.0,59.0,59.0,0,0.0
1690425123,59.0,59.0,59.0,59.0,1300,76700.0
1690425124,59.0,59.0,59.0,59.0,0,0.0
1690425125,59.0,59.0,59.0,59.0,0,0.0
1690425126,59.0,59.0,59.0,59.0,0,0.0
1690425127,59.0,59.0,59.0,59.0,1800,106200.0
1690425128,59.0,59.0,59.0,59.0,300,17700.0
1690425129,59.0,59.0,59.0,59.0,600,35400.0
1690425130,59.0,59.0,59.0,59.0,0,0.0
1690425131,59.01,59.01,59.01,59.01,100,5901.0
1690425132,59.0,59.0,59.0,59.0,300,17700.0
1690425133,59.0,59.0,59.0,59.0,0,0.0
1690425134,59.0,59.0,59.0,59.0,1800,106200.0
1690425135,59.01,59.01,59.01,59.01,100,5901.0
1690425136,59.01,59.01,59.01,59.01,0,0.0
1690425137,59.01,59.01,59.0,59.0,1900,112110.0
1690425138,59.0,59.0,59.0,59.0,400,23600.0
1690425139,59.0,59.0,59.0,59.0,0,0.0
1690425140,59.0,59.0,59.0,59.0,3800,224200.0
1690425141,59.0,59.0,59.0,59.0,0,0.0
1690425142,59.0,59.0,59.0,59.0,0,0.0
1690425143,59.0,59.0,59.0,59.0,0,0.0
1690425144,59.0,59.0,59.0,59.0,0,0.0
1690425145,59.0,59.0,59.0,59.0,0,0.0
1690425146,59.0,59.0,59.0,59.0,0,0.0
1690425147,59.0,59.0,59.0,59.0,0,0.0
1690425148,59.0,59.0,59.0,59.0,0,0.0
1690425149,59.0,59.0,59.0,59.0,0,0.0
1690425150,59.0,59.0,59.0,59.0,0,0.0
1690425151,59.0,59.0,59.0,59.0,300,17700.0
1690425152,59.0,59.0,59.0,59.0,0,0.0
1690425153,59.0,59.0,59.0,59.0,100,5900.0
1690425154,59.0,59.0,59.0,59.0,0,0.0
1690425155,59.0,59.0,59.0,59.0,0,0.0
1690425156,59.01,59.01,59.01,59.01,700,41307.0
1690425157,59.01,59.01,59.01,59.01,0,0.0
1690425158,59.01,59.01,59.0,59.0,2200,129804.0
1690425159,59.0,59.0,59.0,59.0,0,0.0
1690425160,59.0,59.0,59.0,59.0,0,0.0
1690425161,59.01,59.01,59.0,59.0,5200,306801.0
1690425162,59.0,59.0,59.0,59.0,0,0.0
1690425163,59.01,59.01,59.01,59.01,100,5901.0
1690425164,59.01,59.01,59.01,59.01,0,0.0
1690425165,59.01,59.01,59.01,59.01,0,0.0
1690425166,59.01,59.01,59.01,59.01,100,5901.0
1690425167,59.02,59.02,59.02,59.02,400,23608.0
1690425168,59.02,59.02,59.02,59.02,0,0.0
1690425169,59.01,59.01,59.01,59.01,200,11802.0
1690425170,59.01,59.02,59.01,59.02,1100,64912.0
1690425171,59.02,59.02,59.02,59.02,0,0.0
1690425172,59.02,59.02,59.02,59.02,0,0.0
1690425173,59.02,59.02,59.02,59.02,0,0.0
1690425174,59.02,59.02,59.02,59.02,0,0.0
1690425175,59.01,59.02,59.01,59.02,1100,64912.0
1690425176,59.02,59.02,59.02,59.02,0,0.0
1690425177,59.02,59.02,59.02,59.02,1500,88530.0
1690425178,59.02,59.02,59.02,59.02,500,29510.0
1690425179,59.02,59.02,59.02,59.02,0,0.0
1690425180,59.02,59.02,59.02,59.02,400,23608.0
1690425181,59.02,59.02,59.02,59.02,0,0.0
1690425182,59.02,59.02,59.02,59.02,100,5902.0
1690425183,59.02,59.02,59.02,59.02,400,23608.0
1690425184,59.02,59.02,59.02,59.02,0,0.0
1690425185,59.02,59.02,59.02,59.02,0,0.0
1690425186,59.02,59.02,59.02,59.02,0,0.0
1690425187,59.02,59.02,59.02,59.02,0,0.0
1690425188,59.02,59.02,59.01,59.01,1700,100321.0
1690425189,59.01,59.01,59.01,59.01,0,0.0
1690425190,59.01,59.01,59.01,59.01,1500,88515.0
1690425191,59.01,59.01,59.01,59.01,0,0.0
1690425192,59.01,59.01,59.01,59.01,0,0.0
1690425193,59.01,59.01,59.01,59.01,0,0.0
1690425194,59.01,59.01,59.01,59.01,100,5901.0
1690425195,59.01,59.01,59.01,59.01,0,0.0
1690425196,59.01,59.01,59.01,59.01,0,0.0
1690425197,59.02,59.02,59.01,59.01,4700,277381.0
1690425198,59.01,59.01,59.01,59.01,0,0.0
1690425199,59.01,59.01,59.01,59.01,100,5901.0
1690425200,59.01,59.01,59.01,59.01,0,0.0
1690425201,59.01,59.01,59.01,59.01,0,0.0
1690425202,59.01,59.01,59.01,59.01,0,0.0
1690425203,59.01,59.01,59.01,59.01,0,0.0
1690425204,59.02,59.02,59.02,59.02,100,5902.0
1690425205,59.01,59.01,59.01,59.01,200,11802.0
1690425206,59.01,59.01,59.01,59.01,0,0.0
1690425207,59.01,59.01,59.0,59.0,3400,200627.0
1690425208,59.0,59.0,59.0,59.0,0,0.0
1690425209,59.0,59.0,59.0,59.0,0,0.0
1690425210,59.0,59.0,59.0,59.0,0,0.0
1690425211,59.0,59.0,59.0,59.0,0,0.0
1690425212,59.0,59.0,59.0,59.0,0,0.0
1690425213,59.0,59.0,59.0,59.0,0,0.0
1690425214,59.0,59.0,59.0,59.0,0,0.0
1690425215,59.0,59.0,59.0,59.0,0,0.0
1690425216,59.0,59.0,59.0,59.0,0,0.0
1690425217,59.0,59.0,59.0,59.0,0,0.0
1690425218,59.0,59.0,59.0,59.0,0,0.0
1690425219,59.0,59.0,59.0,59.0,200,11800.0
1690425220,59.0,59.0,59.0,59.0,0,0.0
1690425221,59.0,59.0,59.0,59.0,0,0.0
1690425222,59.0,59.0,59.0,59.0,0,0.0
1690425223,59.0,59.0,59.0,59.0,0,0.0
1690425224,59.0,59.0,59.0,59.0,20800,1227200.0
1690425225,59.0,59.0,59.0,59.0,0,0.0
1690425226,59.01,59.01,59.01,59.01,700,41307.0
1690425227,59.01,59.01,59.01,59.01,0,0.0
1690425228,59.01,59.01,59.0,59.0,3600,212410.0
1690425229,59.0,59.02,59.0,59.02,900,53110.0
1690425230,59.02,59.02,59.02,59.02,0,0.0
1690425231,59.02,59.02,59.02,59.02,0,0.0
1690425232,59.02,59.02,59.02,59.02,0,0.0
1690425233,59.02,59.02,59.02,59.02,0,0.0
1690425234,59.01,59.01,59.0,59.0,1700,100313.0
1690425235,59.0,59.0,59.0,59.0,400,23600.0
1690425236,59.0,59.0,59.0,59.0,0,0.0
1690425237,59.0,59.0,59.0,59.0,1300,76700.0
1690425238,59.0,59.0,59.0,59.0,0,0.0
1690425239,59.0,59.0,59.0,59.0,0,0.0
1690425240,59.0,59.0,59.0,59.0,0,0.0
1690425241,59.0,59.0,59.0,59.0,0,0.0
1690425242,59.0,59.0,59.0,59.0,0,0.0
1690425243,59.0,59.0,59.0,59.0,0,0.0
1690425244,59.0,59.0,59.0,59.0,0,0.0
1690425245,59.01,59.01,59.01,59.01,1700,100317.0
1690425246,59.01,59.01,59.01,59.01,0,0.0
1690425247,59.01,59.01,59.01,59.01,100,5901.0
1690425248,59.01,59.01,59.01,59.01,100,5901.0
1690425249,59.01,59.01,59.01,59.01,0,0.0
1690425250,59.01,59.01,59.01,59.01,2200,129822.0
1690425251,59.01,59.01,59.01,59.01,100,5901.0
1690425252,59.01,59.01,59.01,59.01,0,0.0
1690425253,59.02,59.02,59.01,59.01,300,17704.0
1690425254,59.02,59.02,59.01,59.01,3000,177031.0
1690425255,59.01,59.01,59.01,59.01,0,0.0
1690425256,59.0,59.01,59.0,59.01,800,47204.0
1690425257,59.01,59.01,59.01,59.01,0,0.0
1690425258,59.01,59.01,59.01,59.01,0,0.0
1690425259,59.01,59.01,59.0,59.0,800,47201.0
1690425260,59.0,59.0,59.0,59.0,0,0.0
1690425261,59.0,59.0,59.0,59.0,0,0.0
1690425262,59.0,59.0,59.0,59.0,0,0.0
1690425263,59.0,59.0,59.0,59.0,1000,59000.0
1690425264,59.0,59.0,59.0,59.0,10000,590000.0
1690425265,59.0,59.0,59.0,59.0,0,0.0
1690425266,59.0,59.0,59.0,59.0,0,0.0
1690425267,59.0,59.0,59.0,59.0,0,0.0
1690425268,59.0,59.0,59.0,59.0,0,0.0
1690425269,59.0,59.0,59.0,59.0,0,0.0
1690425270,59.01,59.01,59.01,59.01,100,5901.0
1690425271,59.01,59.01,59.01,59.01,0,0.0
1690425272,59.01,59.01,59.01,59.01,0,0.0
1690425273,59.01,59.01,59.01,59.01,0,0.0
1690425274,59.0,59.0,59.0,59.0,4200,247800.0
1690425275,59.0,59.0,58.99,58.99,7700,454257.0
1690425276,58.99,58.99,58.99,58.99,0,0.0
1690425277,58.99,58.99,58.99,58.99,0,0.0
1690425278,58.99,59.01,58.99,59.01,1500,88503.0
1690425279,59.01,59.01,59.01,59.01,0,0.0
1690425280,59.01,59.01,59.01,59.01,0,0.0
1690425281,59.01,59.01,59.01,59.01,0,0.0
1690425282,59.01,59.01,59.01,59.01,0,0.0
1690425283,59.01,59.01,59.01,59.01,0,0.0
1690425284,59.01,59.01,59.01,59.01,0,0.0
1690425285,59.01,59.01,59.01,59.01,0,0.0
1690425286,59.01,59.01,59.01,59.01,0,0.0
1690425287,59.01,59.01,59.01,59.01,0,0.0
1690425288,59.0,59.0,59.0,59.0,1700,100300.0
1690425289,59.0,59.0,59.0,59.0,0,0.0
1690425290,59.0,59.0,59.0,59.0,0,0.0
1690425291,59.0,59.0,59.0,59.0,0,0.0
1690425292,59.0,59.0,59.0,59.0,0,0.0
1690425293,59.0,59.0,59.0,59.0,0,0.0
1690425294,59.0,59.0,59.0,59.0,0,0.0
1690425295,59.0,59.0,59.0,59.0,0,0.0
1690425296,59.0,59.0,59.0,59.0,2300,135700.0
1690425297,59.0,59.0,59.0,59.0,0,0.0
1690425298,59.0,59.0,59.0,59.0,0,0.0
1690425299,59.0,59.0,59.0,59.0,200,11800.0
1690425300,58.99,58.99,58.99,58.99,5800,342142.0
1690425301,59.0,59.0,59.0,59.0,100,5900.0
1690425302,58.99,59.0,58.99,58.99,1100,64895.0
1690425303,58.99,58.99,58.99,58.99,0,0.0
1690425304,58.99,58.99,58.95,58.95,31300,1845699.0
1690425305,58.95,58.95,58.95,58.95,600,35370.0
1690425306,58.95,58.95,58.95,58.95,0,0.0
1690425307,58.95,58.95,58.95,58.95,800,47160.0
1690425308,58.95,58.98,58.95,58.98,17200,1014063.0
1690425309,58.98,58.98,58.98,58.98,0,0.0
1690425310,58.95,58.96,58.95,58.96,600,35375.0
1690425311,58.96,58.96,58.96,58.96,0,0.0
1690425312,58.96,58.96,58.96,58.96,0,0.0
1690425313,58.96,58.96,58.96,58.96,0,0.0
1690425314,58.96,58.96,58.96,58.96,0,0.0
1690425315,58.96,58.96,58.96,58.96,100,5896.0
1690425316,58.96,58.96,58.96,58.96,200,11792.0
1690425317,58.96,58.96,58.96,58.96,100,5896.0
1690425318,58.96,58.96,58.96,58.96,2900,170984.0
1690425319,58.96,58.96,58.96,58.96,0,0.0
1690425320,58.96,58.96,58.96,58.96,200,11792.0
1690425321,58.96,58.96,58.96,58.96,0,0.0
1690425322,58.96,58.96,58.96,58.96,0,0.0
1690425323,58.98,58.98,58.96,58.96,300,17690.0
1690425324,58.96,58.96,58.96,58.96,0,0.0
1690425325,58.96,58.96,58.96,58.96,0,0.0
1690425326,58.97,58.97,58.97,58.97,400,23588.0
1690425327,58.97,58.97,58.97,58.97,0,0.0
1690425328,58.96,58.96,58.96,58.96,500,29480.0
1690425329,58.97,58.97,58.97,58.97,100,5897.0
1690425330,58.97,58.97,58.97,58.97,0,0.0
1690425331,58.97,58.97,58.97,58.97,0,0.0
1690425332,58.97,58.97,58.97,58.97,0,0.0
1690425333,58.97,58.97,58.97,58.97,0,0.0
1690425334,58.96,58.96,58.96,58.96,500,29480.0
1690425335,58.96,58.96,58.96,58.96,800,47168.0
1690425336,58.96,58.96,58.96,58.96,0,0.0
1690425337,58.96,58.96,58.96,58.96,0,0.0
1690425338,58.96,58.96,58.96,58.96,0,0.0
1690425339,58.96,58.96,58.96,58.96,0,0.0
1690425340,58.96,58.96,58.96,58.96,0,0.0
1690425341,58.96,58.96,58.96,58.96,0,0.0
1690425342,58.96,58.96,58.96,58.96,0,0.0
1690425343,58.96,58.96,58.96,58.96,0,0.0
1690425344,58.96,58.96,58.96,58.96,0,0.0
1690425345,58.96,58.96,58.96,58.96,0,0.0
1690425346,58.96,58.96,58.96,58.96,0,0.0
1690425347,58.96,58.96,58.96,58.96,0,0.0
1690425348,58.96,58.96,58.96,58.96,0,0.0
1690425349,58.96,58.96,58.96,58.96,0,0.0
1690425350,58.96,58.96,58.96,58.96,0,0.0
1690425351,58.96,58.96,58.96,58.96,100,5896.0
1690425352,58.96,58.96,58.96,58.96,0,0.0
1690425353,58.96,58.96,58.96,58.96,2700,159192.0
1690425354,58.96,58.96,58.96,58.96,0,0.0
1690425355,58.96,58.96,58.96,58.96,0,0.0
1690425356,58.97,58.97,58.97,58.97,300,17691.0
1690425357,58.97,58.97,58.97,58.97,0,0.0
1690425358,58.96,58.96,58.96,58.96,200,11792.0
1690425359,58.96,58.97,58.96,58.97,700,41278.0
1690425360,58.97,58.97,58.97,58.97,0,0.0
1690425361,58.96,58.96,58.96,58.96,500,29480.0
1690425362,58.96,58.96,58.96,58.96,400,23584.0
1690425363,58.96,58.96,58.96,58.96,100,5896.0
1690425364,58.96,58.96,58.96,58.96,0,0.0
1690425365,58.96,58.96,58.96,58.96,0,0.0
1690425366,58.96,58.96,58.96,58.96,0,0.0
1690425367,58.98,58.98,58.98,58.98,200,11796.0
1690425368,58.98,58.98,58.98,58.98,0,0.0
1690425369,58.98,58.98,58.98,58.98,0,0.0
1690425370,58.98,58.98,58.98,58.98,400,23592.0
1690425371,58.98,58.98,58.98,58.98,0,0.0
1690425372,58.98,58.98,58.98,58.98,0,0.0
1690425373,58.98,58.98,58.98,58.98,0,0.0
1690425374,58.98,58.98,58.98,58.98,0,0.0
1690425375,58.98,58.98,58.98,58.98,0,0.0
1690425376,58.98,58.98,58.98,58.98,0,0.0
1690425377,58.99,59.0,58.99,59.0,1600,94391.0
1690425378,59.0,59.0,59.0,59.0,0,0.0
1690425379,59.0,59.0,59.0,59.0,0,0.0
1690425380,59.0,59.0,59.0,59.0,1200,70800.0
1690425381,59.0,59.0,59.0,59.0,0,0.0
1690425382,59.0,59.0,59.0,59.0,0,0.0
1690425383,59.0,59.0,59.0,59.0,100,5900.0
1690425384,59.0,59.0,59.0,59.0,0,0.0
1690425385,59.0,59.0,59.0,59.0,0,0.0
1690425386,59.0,59.0,59.0,59.0,1400,82600.0
1690425387,59.0,59.0,59.0,59.0,0,0.0
1690425388,59.0,59.0,59.0,59.0,0,0.0
1690425389,59.0,59.0,59.0,59.0,200,11800.0
1690425390,59.0,59.0,59.0,59.0,100,5900.0
1690425391,59.0,59.0,59.0,59.0,400,23600.0
1690425392,59.0,59.0,59.0,59.0,0,0.0
1690425393,59.0,59.0,59.0,59.0,800,47200.0
1690425394,59.0,59.0,59.0,59.0,300,17700.0
1690425395,59.0,59.0,59.0,59.0,0,0.0
1690425396,59.01,59.01,59.0,59.0,1600,94414.0
1690425397,59.0,59.0,59.0,59.0,0,0.0
1690425398,59.0,59.0,59.0,59.0,0,0.0
1690425399,59.0,59.0,59.0,59.0,900,53100.0
1690425400,59.0,59.0,59.0,59.0,0,0.0
1690425401,59.0,59.0,59.0,59.0,0,0.0
1690425402,59.01,59.01,59.01,59.01,100,5901.0
1690425403,59.01,59.01,59.01,59.01,0,0.0
1690425404,59.01,59.01,59.01,59.01,0,0.0
1690425405,59.01,59.01,59.01,59.01,0,0.0
1690425406,59.01,59.01,59.01,59.01,0,0.0
1690425407,59.01,59.01,59.0,59.0,500,29501.0
1690425408,59.0,59.0,59.0,59.0,0,0.0
1690425409,59.0,59.0,59.0,59.0,100,5900.0
1690425410,59.0,59.0,59.0,59.0,2400,141600.0
1690425411,59.0,59.0,59.0,59.0,0,0.0
1690425412,59.0,59.0,59.0,59.0,0,0.0
1690425413,59.0,59.0,59.0,59.0,2000,118000.0
1690425414,59.0,59.0,59.0,59.0,1100,64900.0
1690425415,59.0,59.0,59.0,59.0,0,0.0
1690425416,59.0,59.0,59.0,59.0,600,35400.0
1690425417,59.0,59.0,59.0,59.0,6900,407100.0
1690425418,59.0,59.0,59.0,59.0,200,11800.0
1690425419,59.0,59.0,59.0,59.0,0,0.0
1690425420,59.0,59.0,59.0,59.0,0,0.0
1690425421,59.01,59.01,59.01,59.01,200,11802.0
1690425422,59.01,59.01,59.01,59.01,0,0.0
1690425423,59.01,59.01,58.95,59.0,50500,2978345.0
1690425424,59.0,59.0,59.0,59.0,1000,59000.0
1690425425,59.0,59.0,59.0,59.0,0,0.0
1690425426,59.0,59.0,59.0,59.0,0,0.0
1690425427,59.0,59.0,59.0,59.0,0,0.0
1690425428,59.0,59.0,59.0,59.0,5800,342200.0
1690425429,59.0,59.0,59.0,59.0,600,35400.0
1690425430,59.0,59.0,59.0,59.0,0,0.0
1690425431,59.01,59.01,59.0,59.0,1300,76709.0
1690425432,59.0,59.0,59.0,59.0,0,0.0
1690425433,59.0,59.0,59.0,59.0,0,0.0
1690425434,59.0,59.0,59.0,59.0,400,23600.0
1690425435,59.0,59.0,59.0,59.0,0,0.0
1690425436,59.0,59.0,59.0,59.0,2600,153400.0
1690425437,59.0,59.0,59.0,59.0,0,0.0
1690425438,59.0,59.0,59.0,59.0,0,0.0
1690425439,59.0,59.0,58.95,58.95,29400,1733566.0
1690425440,58.95,58.95,58.95,58.95,22300,1314585.0
1690425441,58.95,58.95,58.95,58.95,0,0.0
1690425442,59.0,59.01,59.0,59.01,1800,106217.0
1690425443,59.01,59.02,59.0,59.0,7000,413075.0
1690425444,59.02,59.02,59.02,59.02,300,17706.0
1690425445,59.01,59.02,59.0,59.0,4400,259663.0
1690425446,59.0,59.0,59.0,59.0,0,0.0
1690425447,59.0,59.0,59.0,59.0,0,0.0
1690425448,59.0,59.0,58.95,58.95,50000,2947928.0
1690425449,58.95,58.95,58.95,58.95,0,0.0
1690425450,58.95,58.95,58.95,58.95,0,0.0
1690425451,58.95,58.95,58.95,58.95,0,0.0
1690425452,58.95,58.95,58.95,58.95,0,0.0
1690425453,59.0,59.0,59.0,59.0,500,29500.0
1690425454,59.0,59.0,59.0,59.0,0,0.0
1690425455,59.0,59.0,59.0,59.0,0,0.0
1690425456,59.0,59.0,59.0,59.0,0,0.0
1690425457,59.0,59.0,59.0,59.0,0,0.0
1690425458,59.0,59.0,59.0,59.0,0,0.0
1690425459,59.02,59.02,59.02,59.02,900,53118.0
1690425460,59.02,59.02,59.02,59.02,0,0.0
1690425461,59.02,59.02,59.02,59.02,0,0.0
1690425462,59.02,59.02,59.02,59.02,0,0.0
1690425463,59.02,59.02,59.02,59.02,0,0.0
1690425464,59.02,59.02,59.02,59.02,300,17706.0
1690425465,59.02,59.02,59.02,59.02,0,0.0
1690425466,59.03,59.03,59.03,59.03,100,5903.0
1690425467,59.03,59.03,59.03,59.03,0,0.0
1690425468,59.02,59.02,59.02,59.02,100,5902.0
1690425469,59.02,59.02,59.02,59.02,0,0.0
1690425470,59.02,59.02,59.02,59.02,0,0.0
1690425471,59.02,59.02,59.02,59.02,0,0.0
1690425472,59.02,59.02,59.02,59.02,0,0.0
1690425473,59.02,59.02,59.02,59.02,0,0.0
1690425474,59.02,59.02,59.02,59.02,0,0.0
1690425475,59.02,59.02,59.02,59.02,0,0.0
1690425476,59.02,59.02,59.02,59.02,0,0.0
1690425477,59.03,59.03,59.03,59.03,100,5903.0
1690425478,59.03,59.03,59.03,59.03,0,0.0
1690425479,59.03,59.03,59.03,59.03,100,5903.0
1690425480,59.02,59.02,59.02,59.02,100,5902.0
1690425481,59.02,59.02,59.02,59.02,0,0.0
1690425482,59.02,59.02,59.02,59.02,0,0.0
1690425483,59.02,59.02,59.02,59.02,0,0.0
1690425484,59.02,59.02,59.02,59.02,0,0.0
1690425485,59.02,59.02,59.02,59.02,0,0.0
1690425486,59.02,59.02,59.02,59.02,0,0.0
1690425487,59.02,59.02,59.02,59.02,0,0.0
1690425488,59.02,59.04,59.02,59.02,9400,554842.0
1690425489,59.02,59.02,59.02,59.02,0,0.0
1690425490,59.02,59.02,59.02,59.02,0,0.0
1690425491,59.03,59.03,59.03,59.03,100,5903.0
1690425492,59.03,59.03,59.03,59.03,0,0.0
1690425493,59.03,59.03,59.02,59.02,1000,59024.0
1690425494,59.03,59.03,59.02,59.02,1300,76736.0
1690425495,59.02,59.02,59.02,59.02,0,0.0
1690425496,59.02,59.02,59.02,59.02,0,0.0
1690425497,59.02,59.02,59.02,59.02,0,0.0
1690425498,59.02,59.02,59.02,59.02,0,0.0
1690425499,59.01,59.01,59.0,59.0,3700,218324.0
1690425500,59.0,59.0,59.0,59.0,0,0.0
1690425501,59.0,59.0,59.0,59.0,0,0.0
1690425502,58.96,58.96,58.96,58.96,2000,117920.0
1690425503,58.96,58.96,58.96,58.96,0,0.0
1690425504,58.96,58.96,58.96,58.96,600,35376.0
1690425505,58.96,58.96,58.96,58.96,200,11792.0
1690425506,58.96,58.96,58.96,58.96,0,0.0
1690425507,58.96,58.96,58.96,58.96,1000,58960.0
1690425508,58.96,58.96,58.96,58.96,0,0.0
1690425509,58.96,58.96,58.96,58.96,0,0.0
1690425510,58.96,58.96,58.96,58.96,0,0.0
1690425511,58.96,58.96,58.96,58.96,0,0.0
1690425512,58.96,58.96,58.96,58.96,0,0.0
1690425513,58.96,58.96,58.96,58.96,0,0.0
1690425514,58.96,58.96,58.96,58.96,0,0.0
1690425515,58.96,58.96,58.96,58.96,200,11792.0
1690425516,58.96,58.96,58.96,58.96,0,0.0
1690425517,58.96,58.96,58.96,58.96,0,0.0
1690425518,58.95,58.96,58.95,58.96,400,23583.0
1690425519,58.96,58.96,58.96,58.96,0,0.0
1690425520,58.96,58.96,58.96,58.96,0,0.0
1690425521,59.0,59.01,59.0,59.01,1400,82606.0
1690425522,59.01,59.01,59.01,59.01,0,0.0
1690425523,59.01,59.01,59.01,59.01,0,0.0
1690425524,59.01,59.01,59.01,59.01,0,0.0
1690425525,59.01,59.01,59.01,59.01,0,0.0
1690425526,59.01,59.01,59.01,59.01,0,0.0
1690425527,59.01,59.01,59.01,59.01,0,0.0
1690425528,59.01,59.01,59.01,59.01,0,0.0
1690425529,59.01,59.01,59.01,59.01,0,0.0
1690425530,59.01,59.01,59.01,59.01,0,0.0
1690425531,59.01,59.01,59.01,59.01,0,0.0
1690425532,59.01,59.01,59.01,59.01,0,0.0
1690425533,59.01,59.01,59.01,59.01,0,0.0
1690425534,59.0,59.0,58.99,58.99,200,11799.0
1690425535,58.99,58.99,58.99,58.99,0,0.0
1690425536,58.99,58.99,58.99,58.99,0,0.0
1690425537,58.99,58.99,58.99,58.99,0,0.0
1690425538,58.99,58.99,58.99,58.99,0,0.0
1690425539,58.99,58.99,58.99,58.99,0,0.0
1690425540,58.99,58.99,58.99,58.99,0,0.0
1690425541,58.99,58.99,58.99,58.99,0,0.0
1690425542,59.0,59.0,59.0,59.0,2600,153400.0
1690425543,59.0,59.0,59.0,59.0,0,0.0
1690425544,59.0,59.0,59.0,59.0,0,0.0
1690425545,59.0,59.0,59.0,59.0,300,17700.0
1690425546,59.0,59.0,59.0,59.0,0,0.0
1690425547,59.0,59.0,59.0,59.0,100,5900.0
1690425548,59.0,59.0,59.0,59.0,0,0.0
1690425549,59.0,59.0,59.0,59.0,0,0.0
1690425550,59.0,59.0,59.0,59.0,0,0.0
1690425551,58.99,58.99,58.99,58.99,1600,94384.0
1690425552,58.99,58.99,58.99,58.99,0,0.0
1690425553,58.99,58.99,58.99,58.99,0,0.0
1690425554,58.99,58.99,58.99,58.99,0,0.0
1690425555,58.99,58.99,58.99,58.99,0,0.0
1690425556,58.99,58.99,58.99,58.99,0,0.0
1690425557,58.99,58.99,58.99,58.99,0,0.0
1690425558,58.99,58.99,58.99,58.99,0,0.0
1690425559,58.99,58.99,58.99,58.99,0,0.0
1690425560,58.99,58.99,58.99,58.99,0,0.0
1690425561,58.98,58.98,58.98,58.98,2900,171042.0
1690425562,58.98,58.98,58.98,58.98,0,0.0
1690425563,58.99,58.99,58.99,58.99,100,5899.0
1690425564,58.98,58.98,58.98,58.98,100,5898.0
1690425565,58.98,58.98,58.98,58.98,0,0.0
1690425566,58.99,58.99,58.98,58.99,700,41292.0
1690425567,58.99,58.99,58.99,58.99,100,5899.0
1690425568,58.98,58.98,58.98,58.98,100,5898.0
1690425569,58.99,58.99,58.99,58.99,100,5899.0
1690425570,58.99,58.99,58.99,58.99,0,0.0
1690425571,58.99,58.99,58.99,58.99,0,0.0
1690425572,58.99,58.99,58.99,58.99,100,5899.0
1690425573,58.99,58.99,58.99,58.99,0,0.0
1690425574,58.99,58.99,58.99,58.99,0,0.0
1690425575,58.98,58.98,58.98,58.98,200,11796.0
1690425576,58.98,58.98,58.98,58.98,0,0.0
1690425577,58.99,58.99,58.99,58.99,200,11798.0
1690425578,58.99,58.99,58.99,58.99,100,5899.0
1690425579,58.99,58.99,58.99,58.99,0,0.0
1690425580,58.99,58.99,58.99,58.99,300,17697.0
1690425581,58.99,58.99,58.99,58.99,0,0.0
1690425582,58.99,58.99,58.99,58.99,0,0.0
1690425583,58.98,58.98,58.98,58.98,3300,194634.0
1690425584,58.98,58.98,58.98,58.98,0,0.0
1690425585,58.98,58.98,58.98,58.98,0,0.0
1690425586,58.98,58.98,58.98,58.98,0,0.0
1690425587,58.99,58.99,58.99,58.99,1500,88485.0
1690425588,58.99,58.99,58.99,58.99,0,0.0
1690425589,58.99,58.99,58.99,58.99,0,0.0
1690425590,58.99,58.99,58.99,58.99,0,0.0
1690425591,58.99,58.99,58.99,58.99,0,0.0
1690425592,58.99,58.99,58.99,58.99,0,0.0
1690425593,58.99,58.99,58.99,58.99,10400,613496.0
1690425594,58.99,58.99,58.99,58.99,0,0.0
1690425595,58.99,58.99,58.99,58.99,0,0.0
1690425596,58.99,58.99,58.99,58.99,0,0.0
1690425597,58.99,58.99,58.99,58.99,0,0.0
1690425598,58.99,58.99,58.99,58.99,0,0.0
1690425599,58.99,58.99,58.99,58.99,100,5899.0
1690425600,58.99,58.99,58.99,58.99,0,0.0
1690425601,58.99,58.99,58.99,58.99,100,5899.0
1690425602,58.99,58.99,58.99,58.99,0,0.0
1690425603,58.99,58.99,58.99,58.99,0,0.0
1690425604,59.0,59.0,59.0,59.0,1800,106200.0
1690425605,59.0,59.0,59.0,59.0,0,0.0
1690425606,59.0,59.0,59.0,59.0,0,0.0
1690425607,58.98,58.98,58.98,58.98,200,11796.0
1690425608,58.98,58.98,58.98,58.98,0,0.0
1690425609,58.98,58.98,58.98,58.98,0,0.0
1690425610,58.98,58.98,58.98,58.98,0,0.0
1690425611,58.98,58.98,58.98,58.98,0,0.0
1690425612,58.99,58.99,58.99,58.99,300,17697.0
1690425613,58.99,58.99,58.99,58.99,0,0.0
1690425614,58.99,58.99,58.99,58.99,0,0.0
1690425615,58.99,58.99,58.99,58.99,0,0.0
1690425616,58.99,58.99,58.99,58.99,0,0.0
1690425617,58.98,58.98,58.98,58.98,800,47184.0
1690425618,58.98,58.98,58.98,58.98,0,0.0
1690425619,58.98,58.98,58.98,58.98,0,0.0
1690425620,58.98,58.98,58.98,58.98,0,0.0
1690425621,58.98,58.98,58.98,58.98,0,0.0
1690425622,58.98,58.98,58.98,58.98,0,0.0
1690425623,58.99,58.99,58.99,58.99,400,23596.0
1690425624,58.99,58.99,58.99,58.99,0,0.0
1690425625,58.99,58.99,58.99,58.99,0,0.0
1690425626,58.99,58.99,58.99,58.99,0,0.0
1690425627,58.99,58.99,58.99,58.99,0,0.0
1690425628,58.99,58.99,58.99,58.99,0,0.0
1690425629,58.98,58.98,58.98,58.98,200,11796.0
1690425630,58.98,58.98,58.98,58.98,0,0.0
1690425631,58.99,58.99,58.99,58.99,100,5899.0
1690425632,58.99,58.99,58.99,58.99,0,0.0
1690425633,58.99,58.99,58.99,58.99,0,0.0
1690425634,58.99,58.99,58.99,58.99,100,5899.0
1690425635,58.99,58.99,58.99,58.99,0,0.0
1690425636,58.99,58.99,58.99,58.99,0,0.0
1690425637,58.99,58.99,58.99,58.99,0,0.0
1690425638,58.99,58.99,58.99,58.99,0,0.0
1690425639,58.99,58.99,58.99,58.99,0,0.0
1690425640,58.99,58.99,58.99,58.99,0,0.0
1690425641,58.99,58.99,58.99,58.99,3700,218263.0
1690425642,58.99,58.99,58.99,58.99,0,0.0
1690425643,58.99,58.99,58.99,58.99,0,0.0
1690425644,58.99,58.99,58.99,58.99,0,0.0
1690425645,58.99,58.99,58.99,58.99,0,0.0
1690425646,58.99,58.99,58.99,58.99,0,0.0
1690425647,58.99,58.99,58.99,58.99,100,5899.0
1690425648,59.0,59.0,59.0,59.0,700,41300.0
1690425649,59.0,59.0,59.0,59.0,0,0.0
1690425650,59.0,59.0,59.0,59.0,1200,70800.0
1690425651,59.0,59.0,59.0,59.0,0,0.0
1690425652,59.0,59.0,59.0,59.0,0,0.0
1690425653,59.0,59.0,59.0,59.0,200,11800.0
1690425654,59.0,59.0,59.0,59.0,0,0.0
1690425655,59.0,59.0,59.0,59.0,0,0.0
1690425656,59.0,59.0,59.0,59.0,0,0.0
1690425657,59.0,59.0,59.0,59.0,0,0.0
1690425658,59.0,59.0,59.0,59.0,200,11800.0
1690425659,59.0,59.0,59.0,59.0,0,0.0
1690425660,59.0,59.0,59.0,59.0,0,0.0
1690425661,58.99,58.99,58.99,58.99,500,29495.0
1690425662,58.99,58.99,58.99,58.99,0,0.0
1690425663,58.99,58.99,58.99,58.99,0,0.0
1690425664,58.99,58.99,58.99,58.99,0,0.0
1690425665,58.99,58.99,58.99,58.99,0,0.0
1690425666,59.0,59.0,59.0,59.0,100,5900.0
1690425667,59.0,59.0,59.0,59.0,100,5900.0
1690425668,59.0,59.0,59.0,59.0,100,5900.0
1690425669,59.0,59.0,59.0,59.0,1400,82600.0
1690425670,59.0,59.0,59.0,59.0,0,0.0
1690425671,59.0,59.0,59.0,59.0,0,0.0
1690425672,59.0,59.0,59.0,59.0,0,0.0
1690425673,59.0,59.0,59.0,59.0,0,0.0
1690425674,59.0,59.0,59.0,59.0,0,0.0
1690425675,59.0,59.0,59.0,59.0,0,0.0
1690425676,59.0,59.0,59.0,59.0,100,5900.0
1690425677,59.0,59.0,59.0,59.0,2300,135700.0
1690425678,59.0,59.0,59.0,59.0,0,0.0
1690425679,59.0,59.0,59.0,59.0,0,0.0
1690425680,59.0,59.0,59.0,59.0,0,0.0
1690425681,59.0,59.0,59.0,59.0,0,0.0
1690425682,59.0,59.0,59.0,59.0,0,0.0
1690425683,59.0,59.01,59.0,59.01,2600,153408.0
1690425684,59.01,59.01,59.01,59.01,0,0.0
1690425685,59.01,59.01,59.01,59.01,100,5901.0
1690425686,59.01,59.01,59.01,59.01,0,0.0
1690425687,59.01,59.01,59.01,59.01,400,23604.0
1690425688,59.01,59.01,59.0,59.0,4000,236030.0
1690425689,59.0,59.0,59.0,59.0,0,0.0
1690425690,59.0,59.0,59.0,59.0,0,0.0
1690425691,59.0,59.0,59.0,59.0,0,0.0
1690425692,59.0,59.0,59.0,59.0,0,0.0
1690425693,59.0,59.0,59.0,59.0,0,0.0
1690425694,59.0,59.0,59.0,59.0,500,29500.0
1690425695,59.0,59.0,59.0,59.0,0,0.0
1690425696,59.01,59.01,59.01,59.01,100,5901.0
1690425697,59.01,59.01,59.01,59.01,0,0.0
1690425698,59.0,59.0,59.0,59.0,800,47200.0
1690425699,59.0,59.01,59.0,59.01,1300,76703.0
1690425700,59.01,59.01,59.01,59.01,0,0.0
1690425701,59.01,59.03,59.01,59.03,9300,548948.0
1690425702,59.03,59.03,59.03,59.03,0,0.0
1690425703,59.0,59.0,59.0,59.0,200,11800.0
1690425704,59.02,59.02,59.02,59.02,800,47216.0
1690425705,59.02,59.02,59.02,59.02,0,0.0
1690425706,59.02,59.02,59.02,59.02,0,0.0
1690425707,59.02,59.02,59.02,59.02,0,0.0
1690425708,59.02,59.02,59.02,59.02,0,0.0
1690425709,59.02,59.02,59.02,59.02,0,0.0
1690425710,59.02,59.02,59.02,59.02,100,5902.0
1690425711,59.02,59.02,59.02,59.02,0,0.0
1690425712,59.02,59.02,59.02,59.02,0,0.0
1690425713,59.02,59.02,59.02,59.02,0,0.0
1690425714,59.02,59.03,59.02,59.03,2400,141668.0
1690425715,59.03,59.03,59.03,59.03,0,0.0
1690425716,59.03,59.03,59.03,59.03,0,0.0
1690425717,59.03,59.03,59.03,59.03,0,0.0
1690425718,59.03,59.03,59.03,59.03,0,0.0
1690425719,59.03,59.03,59.03,59.03,0,0.0
1690425720,59.02,59.03,59.02,59.03,1500,88531.0
1690425721,59.03,59.03,59.03,59.03,100,5903.0
1690425722,59.03,59.03,59.03,59.03,400,23612.0
1690425723,59.03,59.03,59.03,59.03,0,0.0
1690425724,59.03,59.03,59.03,59.03,0,0.0
1690425725,59.03,59.03,59.03,59.03,100,5903.0
1690425726,59.02,59.02,59.01,59.01,16700,985525.0
1690425727,59.01,59.01,59.01,59.01,0,0.0
1690425728,59.01,59.01,59.0,59.0,1900,112101.0
1690425729,59.0,59.0,59.0,59.0,0,0.0
1690425730,59.0,59.0,59.0,59.0,0,0.0
1690425731,59.0,59.0,59.0,59.0,0,0.0
1690425732,59.0,59.0,59.0,59.0,0,0.0
1690425733,59.0,59.0,59.0,59.0,0,0.0
1690425734,59.0,59.0,59.0,59.0,500,29500.0
1690425735,59.0,59.0,59.0,59.0,0,0.0
1690425736,59.0,59.0,59.0,59.0,0,0.0
1690425737,59.0,59.0,59.0,59.0,0,0.0
1690425738,59.0,59.0,59.0,59.0,0,0.0
1690425739,59.02,59.02,59.02,59.02,100,5902.0
1690425740,59.02,59.02,59.02,59.02,0,0.0
1690425741,59.02,59.02,59.02,59.02,0,0.0
1690425742,59.01,59.01,59.0,59.0,600,35401.0
1690425743,59.0,59.0,59.0,59.0,0,0.0
1690425744,59.0,59.0,59.0,59.0,0,0.0
1690425745,59.01,59.01,59.01,59.01,900,53109.0
1690425746,59.01,59.01,59.01,59.01,0,0.0
1690425747,59.01,59.01,59.01,59.01,0,0.0
1690425748,59.01,59.01,59.01,59.01,0,0.0
1690425749,59.01,59.01,59.01,59.01,0,0.0
1690425750,59.01,59.02,59.01,59.02,200,11803.0
1690425751,59.02,59.02,59.02,59.02,0,0.0
1690425752,59.02,59.02,59.02,59.02,0,0.0
1690425753,59.01,59.01,59.01,59.01,3100,182931.0
1690425754,59.01,59.01,59.01,59.01,0,0.0
1690425755,59.01,59.01,59.01,59.01,0,0.0
1690425756,59.01,59.01,59.01,59.01,0,0.0
1690425757,59.01,59.01,59.01,59.01,0,0.0
1690425758,59.0,59.0,59.0,59.0,900,53100.0
1690425759,59.0,59.0,59.0,59.0,400,23600.0
1690425760,59.01,59.01,59.01,59.01,1000,59010.0
1690425761,59.01,59.01,59.01,59.01,0,0.0
1690425762,59.01,59.01,59.01,59.01,0,0.0
1690425763,59.01,59.01,59.0,59.0,300,17701.0
1690425764,59.01,59.01,59.01,59.01,2700,159327.0
1690425765,59.0,59.0,59.0,59.0,2800,165200.0
1690425766,59.0,59.0,59.0,59.0,0,0.0
1690425767,59.0,59.0,59.0,59.0,0,0.0
1690425768,59.0,59.0,59.0,59.0,0,0.0
1690425769,59.0,59.0,59.0,59.0,800,47200.0
1690425770,59.0,59.0,59.0,59.0,0,0.0
1690425771,59.01,59.01,59.01,59.01,2000,118020.0
1690425772,59.01,59.01,59.01,59.01,0,0.0
1690425773,59.01,59.01,59.01,59.01,0,0.0
1690425774,59.0,59.0,59.0,59.0,600,35400.0
1690425775,59.0,59.0,59.0,59.0,0,0.0
1690425776,59.0,59.0,59.0,59.0,0,0.0
1690425777,59.01,59.01,59.01,59.01,1300,76713.0
1690425778,59.01,59.01,59.01,59.01,0,0.0
1690425779,59.01,59.01,59.01,59.01,0,0.0
1690425780,59.01,59.01,59.01,59.01,0,0.0
1690425781,59.01,59.01,59.01,59.01,0,0.0
1690425782,59.01,59.01,59.01,59.01,100,5901.0
1690425783,59.01,59.01,59.01,59.01,400,23604.0
1690425784,59.01,59.01,59.01,59.01,0,0.0
1690425785,59.01,59.01,59.01,59.01,0,0.0
1690425786,59.01,59.01,59.01,59.01,0,0.0
1690425787,59.01,59.01,59.01,59.01,2100,123921.0
1690425788,59.01,59.01,59.01,59.01,100,5901.0
1690425789,59.01,59.01,59.01,59.01,0,0.0
1690425790,59.01,59.01,59.01,59.01,0,0.0
1690425791,59.01,59.01,59.01,59.01,100,5901.0
1690425792,59.01,59.01,59.01,59.01,0,0.0
1690425793,59.01,59.01,59.01,59.01,100,5901.0
1690425794,59.01,59.01,59.01,59.01,1300,76713.0
1690425795,59.01,59.01,59.01,59.01,0,0.0
1690425796,59.01,59.01,59.01,59.01,0,0.0
1690425797,59.01,59.01,59.01,59.01,0,0.0
1690425798,59.01,59.01,59.01,59.01,0,0.0
1690425799,59.01,59.01,59.01,59.01,0,0.0
1690425800,59.01,59.01,59.01,59.01,0,0.0
1690425801,59.01,59.01,59.01,59.01,0,0.0
1690425802,59.01,59.01,59.01,59.01,0,0.0
1690425803,59.01,59.01,59.01,59.01,600,35406.0
1690425804,59.01,59.01,59.01,59.01,1000,59010.0
1690425805,59.01,59.01,59.01,59.01,0,0.0
1690425806,59.01,59.01,59.01,59.01,0,0.0
1690425807,59.01,59.01,59.01,59.01,0,0.0
1690425808,59.01,59.01,59.01,59.01,0,0.0
1690425809,59.02,59.02,59.02,59.02,300,17706.0
1690425810,59.02,59.02,59.02,59.02,0,0.0
1690425811,59.02,59.02,59.02,59.02,0,0.0
1690425812,59.02,59.02,59.02,59.02,100,5902.0
1690425813,59.02,59.02,59.02,59.02,0,0.0
1690425814,59.02,59.02,59.02,59.02,0,0.0
1690425815,59.02,59.02,59.01,59.01,400,23606.0
1690425816,59.01,59.01,59.01,59.01,0,0.0
1690425817,59.02,59.02,59.02,59.02,700,41314.0
1690425818,59.01,59.01,59.01,59.01,100,5901.0
1690425819,59.01,59.01,59.01,59.01,0,0.0
1690425820,59.01,59.02,59.01,59.02,2100,123922.0
1690425821,59.02,59.02,59.02,59.02,0,0.0
1690425822,59.01,59.01,59.01,59.01,300,17703.0
1690425823,59.02,59.02,59.02,59.02,800,47216.0
1690425824,59.02,59.02,59.02,59.02,0,0.0
1690425825,59.02,59.02,59.02,59.02,0,0.0
1690425826,59.02,59.02,59.02,59.02,500,29510.0
1690425827,59.02,59.02,59.02,59.02,0,0.0
1690425828,59.02,59.02,59.01,59.01,900,53114.0
1690425829,59.01,59.01,59.01,59.01,0,0.0
1690425830,59.01,59.01,59.01,59.01,0,0.0
1690425831,59.01,59.01,59.01,59.01,100,5901.0
1690425832,59.01,59.01,59.01,59.01,0,0.0
1690425833,59.01,59.01,59.01,59.01,0,0.0
1690425834,59.01,59.01,59.01,59.01,200,11802.0
1690425835,59.01,59.01,59.01,59.01,0,0.0
1690425836,59.02,59.02,59.02,59.02,800,47216.0
1690425837,59.01,59.01,59.01,59.01,200,11802.0
1690425838,59.01,59.01,59.01,59.01,0,0.0
1690425839,59.01,59.01,59.0,59.0,30500,1799570.0
1690425840,59.0,59.0,59.0,59.0,0,0.0
1690425841,59.02,59.02,59.02,59.02,1200,70824.0
1690425842,59.01,59.02,59.01,59.02,400,23606.0
1690425843,59.02,59.02,59.02,59.02,0,0.0
1690425844,59.01,59.01,59.01,59.01,200,11802.0
1690425845,59.01,59.01,59.01,59.01,300,17703.0
1690425846,59.01,59.01,59.01,59.01,0,0.0
1690425847,59.01,59.01,59.01,59.01,0,0.0
1690425848,59.01,59.01,59.01,59.01,0,0.0
1690425849,59.01,59.01,59.01,59.01,0,0.0
1690425850,59.01,59.01,59.01,59.01,0,0.0
1690425851,59.01,59.01,59.01,59.01,0,0.0
1690425852,59.01,59.01,59.01,59.01,0,0.0
1690425853,59.02,59.02,59.02,59.02,500,29510.0
1690425854,59.02,59.02,59.02,59.02,0,0.0
1690425855,59.02,59.02,59.02,59.02,0,0.0
1690425856,59.01,59.01,59.01,59.01,100,5901.0
1690425857,59.01,59.01,59.01,59.01,0,0.0
1690425858,59.01,59.01,59.01,59.01,500,29505.0
1690425859,59.01,59.01,59.01,59.01,0,0.0
1690425860,59.01,59.01,59.01,59.01,0,0.0
1690425861,59.01,59.01,59.01,59.01,0,0.0
1690425862,59.01,59.01,59.01,59.01,0,0.0
1690425863,59.02,59.02,59.01,59.01,600,35411.0
1690425864,59.01,59.01,59.01,59.01,0,0.0
1690425865,59.01,59.01,59.01,59.01,0,0.0
1690425866,59.02,59.02,59.02,59.02,700,41314.0
1690425867,59.02,59.02,59.02,59.02,0,0.0
1690425868,59.02,59.02,59.02,59.02,0,0.0
1690425869,59.01,59.01,59.01,59.01,100,5901.0
1690425870,59.01,59.01,59.01,59.01,0,0.0
1690425871,59.01,59.01,59.01,59.01,0,0.0
1690425872,59.01,59.01,59.01,59.01,0,0.0
1690425873,59.01,59.01,59.01,59.01,0,0.0
1690425874,59.01,59.01,59.01,59.01,200,11802.0
1690425875,59.01,59.01,59.01,59.01,0,0.0
1690425876,59.01,59.01,59.01,59.01,0,0.0
1690425877,59.01,59.01,59.01,59.01,0,0.0
1690425878,59.01,59.01,59.01,59.01,0,0.0
1690425879,59.02,59.02,59.02,59.02,100,5902.0
1690425880,59.01,59.01,59.01,59.01,500,29505.0
1690425881,59.01,59.01,59.01,59.01,0,0.0
1690425882,59.01,59.01,59.01,59.01,0,0.0
1690425883,59.01,59.01,59.01,59.01,0,0.0
1690425884,59.01,59.01,59.01,59.01,0,0.0
1690425885,59.01,59.01,59.01,59.01,200,11802.0
1690425886,59.01,59.01,59.01,59.01,0,0.0
1690425887,59.01,59.01,59.01,59.01,0,0.0
1690425888,59.02,59.02,59.01,59.01,500,29509.0
1690425889,59.01,59.01,59.01,59.01,0,0.0
1690425890,59.01,59.01,59.01,59.01,0,0.0
1690425891,59.01,59.01,59.01,59.01,0,0.0
1690425892,59.01,59.01,59.01,59.01,0,0.0
1690425893,59.01,59.01,59.01,59.01,200,11802.0
1690425894,59.01,59.01,59.01,59.01,0,0.0
1690425895,59.01,59.01,59.01,59.01,0,0.0
1690425896,59.01,59.01,59.01,59.01,0,0.0
1690425897,59.01,59.01,59.01,59.01,0,0.0
1690425898,59.02,59.02,59.02,59.02,2600,153452.0
1690425899,59.02,59.02,59.01,59.01,1100,64915.0
1690425900,59.01,59.01,59.01,59.01,0,0.0
1690425901,59.02,59.02,59.02,59.02,3000,177060.0
1690425902,59.01,59.01,59.01,59.01,100,5901.0
1690425903,59.01,59.01,59.01,59.01,800,47208.0
1690425904,59.02,59.02,59.02,59.02,800,47216.0
1690425905,59.02,59.02,59.02,59.02,0,0.0
1690425906,59.02,59.02,59.02,59.02,1800,106236.0
1690425907,59.02,59.02,59.02,59.02,800,47216.0
1690425908,59.02,59.02,59.02,59.02,0,0.0
1690425909,59.01,59.01,59.01,59.01,800,47208.0
1690425910,59.01,59.01,59.01,59.01,0,0.0
1690425911,59.02,59.02,59.02,59.02,4400,259688.0
1690425912,59.02,59.02,59.02,59.02,100,5902.0
1690425913,59.02,59.02,59.02,59.02,0,0.0
1690425914,59.03,59.03,59.03,59.03,200,11806.0
1690425915,59.03,59.03,59.03,59.03,0,0.0
1690425916,59.03,59.03,59.03,59.03,0,0.0
1690425917,59.03,59.03,59.03,59.03,0,0.0
1690425918,59.03,59.03,59.03,59.03,0,0.0
1690425919,59.03,59.03,59.03,59.03,0,0.0
1690425920,59.03,59.03,59.03,59.03,100,5903.0
1690425921,59.03,59.03,59.03,59.03,0,0.0
1690425922,59.03,59.03,59.03,59.03,0,0.0
1690425923,59.03,59.03,59.03,59.03,400,23612.0
1690425924,59.03,59.03,59.03,59.03,0,0.0
1690425925,59.02,59.02,59.02,59.02,600,35412.0
1690425926,59.02,59.02,59.02,59.02,0,0.0
1690425927,59.02,59.02,59.02,59.02,0,0.0
1690425928,59.02,59.02,59.02,59.02,300,17706.0
1690425929,59.02,59.02,59.02,59.02,0,0.0
1690425930,59.02,59.02,59.02,59.02,0,0.0
1690425931,59.02,59.02,59.02,59.02,0,0.0
1690425932,59.02,59.02,59.02,59.02,0,0.0
1690425933,59.03,59.03,59.03,59.03,400,23612.0
1690425934,59.02,59.02,59.02,59.02,400,23608.0
1690425935,59.02,59.02,59.02,59.02,0,0.0
1690425936,59.02,59.02,59.02,59.02,0,0.0
1690425937,59.02,59.02,59.02,59.02,0,0.0
1690425938,59.02,59.02,59.02,59.02,0,0.0
1690425939,59.02,59.02,59.02,59.02,300,17706.0
1690425940,59.02,59.02,59.02,59.02,0,0.0
1690425941,59.02,59.02,59.02,59.02,0,0.0
1690425942,59.02,59.02,59.02,59.02,0,0.0
1690425943,59.02,59.02,59.02,59.02,0,0.0
1690425944,59.02,59.02,59.02,59.02,0,0.0
1690425945,59.02,59.02,59.02,59.02,0,0.0
1690425946,59.02,59.02,59.02,59.02,0,0.0
1690425947,59.03,59.03,59.03,59.03,200,11806.0
1690425948,59.03,59.03,59.03,59.03,0,0.0
1690425949,59.03,59.03,59.03,59.03,500,29515.0
1690425950,59.03,59.03,59.03,59.03,200,11806.0
1690425951,59.03,59.03,59.03,59.03,0,0.0
1690425952,59.03,59.03,59.03,59.03,0,0.0
1690425953,59.03,59.03,59.03,59.03,0,0.0
1690425954,59.03,59.03,59.03,59.03,0,0.0
1690425955,59.03,59.03,59.03,59.03,0,0.0
1690425956,59.03,59.03,59.03,59.03,0,0.0
1690425957,59.03,59.03,59.03,59.03,0,0.0
1690425958,59.03,59.03,59.03,59.03,400,23612.0
1690425959,59.03,59.03,59.03,59.03,0,0.0
1690425960,59.02,59.03,59.02,59.02,600,35413.0
1690425961,59.02,59.02,59.02,59.02,0,0.0
1690425962,59.02,59.02,59.02,59.02,0,0.0
1690425963,59.03,59.03,59.02,59.02,800,47220.0
1690425964,59.02,59.02,59.02,59.02,100,5902.0
1690425965,59.02,59.02,59.02,59.02,0,0.0
1690425966,59.02,59.02,59.02,59.02,100,5902.0
1690425967,59.02,59.02,59.02,59.02,0,0.0
1690425968,59.03,59.03,59.02,59.02,700,41318.0
1690425969,59.02,59.02,59.02,59.02,0,0.0
1690425970,59.02,59.02,59.02,59.02,0,0.0
1690425971,59.02,59.02,59.02,59.02,300,17706.0
1690425972,59.02,59.02,59.02,59.02,0,0.0
1690425973,59.02,59.02,59.02,59.02,0,0.0
1690425974,59.02,59.03,59.02,59.03,1300,76738.0
1690425975,59.03,59.03,59.03,59.03,0,0.0
1690425976,59.02,59.02,59.02,59.02,300,17706.0
1690425977,59.02,59.02,59.02,59.02,0,0.0
1690425978,59.02,59.02,59.02,59.02,0,0.0
1690425979,59.02,59.02,59.02,59.02,0,0.0
1690425980,59.02,59.02,59.02,59.02,0,0.0
1690425981,59.02,59.02,59.02,59.02,0,0.0
1690425982,59.02,59.02,59.02,59.02,0,0.0
1690425983,59.02,59.02,59.02,59.02,0,0.0
1690425984,59.03,59.03,59.03,59.03,100,5903.0
1690425985,59.03,59.03,59.03,59.03,0,0.0
1690425986,59.03,59.03,59.03,59.03,0,0.0
1690425987,59.03,59.03,59.03,59.03,800,47224.0
1690425988,59.03,59.03,59.03,59.03,400,23612.0
1690425989,59.03,59.03,59.03,59.03,0,0.0
1690425990,59.03,59.04,59.03,59.04,3800,224321.0
1690425991,59.04,59.04,59.04,59.04,0,0.0
1690425992,59.04,59.04,59.04,59.04,100,5904.0
1690425993,59.04,59.04,59.04,59.04,0,0.0
1690425994,59.04,59.04,59.04,59.04,0,0.0
1690425995,59.04,59.04,59.04,59.04,0,0.0
1690425996,59.04,59.04,59.04,59.04,100,5904.0
1690425997,59.04,59.04,59.04,59.04,0,0.0
1690425998,59.04,59.04,59.04,59.04,0,0.0
1690425999,59.03,59.03,59.03,59.03,600,35418.0
1690426000,59.03,59.03,59.03,59.03,0,0.0
1690426001,59.03,59.03,59.03,59.03,0,0.0
1690426002,59.03,59.03,59.03,59.03,0,0.0
1690426003,59.04,59.04,59.04,59.04,400,23616.0
1690426004,59.03,59.03,59.03,59.03,200,11806.0
1690426005,59.03,59.03,59.03,59.03,0,0.0
1690426006,59.03,59.03,59.03,59.03,0,0.0
1690426007,59.03,59.03,59.03,59.03,0,0.0
1690426008,59.04,59.04,59.03,59.03,400,23615.0
1690426009,59.04,59.04,59.04,59.04,100,5904.0
1690426010,59.04,59.04,59.04,59.04,0,0.0
1690426011,59.03,59.03,59.03,59.03,200,11806.0
1690426012,59.03,59.03,59.03,59.03,0,0.0
1690426013,59.03,59.03,59.03,59.03,0,0.0
1690426014,59.03,59.03,59.03,59.03,0,0.0
1690426015,59.03,59.03,59.03,59.03,0,0.0
1690426016,59.03,59.03,59.03,59.03,0,0.0
1690426017,59.03,59.03,59.03,59.03,0,0.0
1690426018,59.03,59.03,59.03,59.03,800,47224.0
1690426019,59.03,59.03,59.03,59.03,0,0.0
1690426020,59.03,59.03,59.03,59.03,0,0.0
1690426021,59.03,59.03,59.03,59.03,0,0.0
1690426022,59.04,59.04,59.04,59.04,100,5904.0
1690426023,59.04,59.04,59.04,59.04,1200,70848.0
1690426024,59.04,59.04,59.04,59.04,0,0.0
1690426025,59.04,59.04,59.04,59.04,0,0.0
1690426026,59.04,59.04,59.04,59.04,0,0.0
1690426027,59.04,59.04,59.04,59.04,0,0.0
1690426028,59.04,59.04,59.04,59.04,0,0.0
1690426029,59.04,59.04,59.04,59.04,0,0.0
1690426030,59.03,59.04,59.02,59.04,18200,1074260.0
1690426031,59.03,59.03,59.03,59.03,600,35418.0
1690426032,59.03,59.03,59.03,59.03,0,0.0
1690426033,59.04,59.04,59.03,59.03,3700,218432.0
1690426034,59.04,59.04,59.03,59.03,2600,153501.0
1690426035,59.03,59.03,59.03,59.03,0,0.0
1690426036,59.03,59.03,59.03,59.03,0,0.0
1690426037,59.03,59.03,59.03,59.03,0,0.0
1690426038,59.04,59.04,59.04,59.04,1000,59040.0
1690426039,59.03,59.03,59.03,59.03,2900,171187.0
1690426040,59.03,59.03,59.03,59.03,0,0.0
1690426041,59.03,59.03,59.03,59.03,100,5903.0
1690426042,59.04,59.04,59.04,59.04,1000,59040.0
1690426043,59.04,59.04,59.04,59.04,0,0.0
1690426044,59.04,59.04,59.04,59.04,1200,70848.0
1690426045,59.04,59.04,59.04,59.04,0,0.0
1690426046,59.04,59.04,59.04,59.04,0,0.0
1690426047,59.04,59.04,59.04,59.04,300,17712.0
1690426048,59.04,59.04,59.04,59.04,0,0.0
1690426049,59.04,59.05,59.04,59.05,1000,59048.0
1690426050,59.05,59.05,59.05,59.05,100,5905.0
1690426051,59.05,59.05,59.05,59.05,0,0.0
1690426052,59.05,59.05,59.05,59.05,100,5905.0
1690426053,59.05,59.05,59.05,59.05,0,0.0
1690426054,59.05,59.05,59.05,59.05,0,0.0
1690426055,59.05,59.05,59.05,59.05,0,0.0
1690426056,59.05,59.05,59.05,59.05,0,0.0
1690426057,59.05,59.05,59.05,59.05,0,0.0
1690426058,59.05,59.05,59.05,59.05,0,0.0
1690426059,59.05,59.05,59.05,59.05,0,0.0
1690426060,59.05,59.05,59.05,59.05,0,0.0
1690426061,59.05,59.05,59.05,59.05,0,0.0
1690426062,59.05,59.05,59.05,59.05,0,0.0
1690426063,59.05,59.05,59.05,59.05,0,0.0
1690426064,59.05,59.05,59.05,59.05,0,0.0
1690426065,59.05,59.05,59.05,59.05,0,0.0
1690426066,59.05,59.05,59.05,59.05,300,17715.0
1690426067,59.05,59.05,59.05,59.05,0,0.0
1690426068,59.05,59.05,59.05,59.05,1700,100385.0
1690426069,59.05,59.05,59.05,59.05,0,0.0
1690426070,59.05,59.05,59.05,59.05,0,0.0
1690426071,59.05,59.05,59.05,59.05,0,0.0
1690426072,59.05,59.05,59.05,59.05,0,0.0
1690426073,59.05,59.05,59.05,59.05,0,0.0
1690426074,59.04,59.04,59.04,59.04,800,47232.0
1690426075,59.04,59.04,59.04,59.04,0,0.0
1690426076,59.05,59.05,59.05,59.05,100,5905.0
1690426077,59.05,59.05,59.05,59.05,0,0.0
1690426078,59.05,59.05,59.05,59.05,0,0.0
1690426079,59.05,59.05,59.04,59.04,500,29523.0
1690426080,59.04,59.04,59.04,59.04,0,0.0
1690426081,59.04,59.04,59.04,59.04,0,0.0
1690426082,59.04,59.05,59.04,59.05,400,23619.0
1690426083,59.05,59.05,59.05,59.05,0,0.0
1690426084,59.04,59.04,59.04,59.04,600,35424.0
1690426085,59.04,59.04,59.04,59.04,0,0.0
1690426086,59.04,59.04,59.04,59.04,0,0.0
1690426087,59.04,59.04,59.04,59.04,0,0.0
1690426088,59.04,59.05,59.04,59.05,1200,70849.0
1690426089,59.05,59.05,59.05,59.05,0,0.0
1690426090,59.05,59.05,59.05,59.05,0,0.0
1690426091,59.05,59.05,59.05,59.05,0,0.0
1690426092,59.04,59.04,59.04,59.04,300,17712.0
1690426093,59.05,59.05,59.04,59.05,1000,59049.0
1690426094,59.05,59.05,59.05,59.05,0,0.0
1690426095,59.05,59.05,59.05,59.05,0,0.0
1690426096,59.05,59.05,59.05,59.05,0,0.0
1690426097,59.05,59.05,59.05,59.05,0,0.0
1690426098,59.04,59.04,59.04,59.04,900,53136.0
1690426099,59.04,59.04,59.04,59.04,1300,76752.0
1690426100,59.04,59.04,59.04,59.04,0,0.0
1690426101,59.04,59.04,59.04,59.04,100,5904.0
1690426102,59.04,59.04,59.04,59.04,0,0.0
1690426103,59.04,59.04,59.04,59.04,600,35424.0
1690426104,59.04,59.04,59.04,59.04,0,0.0
1690426105,59.04,59.04,59.04,59.04,0,0.0
1690426106,59.04,59.04,59.04,59.04,0,0.0
1690426107,59.05,59.05,59.05,59.05,100,5905.0
1690426108,59.04,59.05,59.04,59.05,600,35428.0
1690426109,59.04,59.04,59.04,59.04,100,5904.0
1690426110,59.04,59.04,59.04,59.04,0,0.0
1690426111,59.04,59.04,59.04,59.04,0,0.0
1690426112,59.04,59.04,59.04,59.04,0,0.0
1690426113,59.04,59.04,59.04,59.04,0,0.0
1690426114,59.04,59.04,59.04,59.04,0,0.0
1690426115,59.04,59.04,59.04,59.04,0,0.0
1690426116,59.04,59.04,59.04,59.04,0,0.0
1690426117,59.04,59.04,59.04,59.04,0,0.0
1690426118,59.04,59.04,59.04,59.04,0,0.0
1690426119,59.04,59.04,59.04,59.04,0,0.0
1690426120,59.04,59.04,59.03,59.03,15000,885573.0
1690426121,59.03,59.03,59.03,59.03,0,0.0
1690426122,59.03,59.03,59.03,59.03,0,0.0
1690426123,59.03,59.03,59.03,59.03,0,0.0
1690426124,59.03,59.03,59.03,59.03,0,0.0
1690426125,59.03,59.03,59.03,59.03,0,0.0
1690426126,59.03,59.03,59.03,59.03,0,0.0
1690426127,59.04,59.04,59.04,59.04,200,11808.0
1690426128,59.05,59.05,59.05,59.05,500,29525.0
1690426129,59.05,59.05,59.05,59.05,0,0.0
1690426130,59.05,59.05,59.05,59.05,0,0.0
1690426131,59.05,59.05,59.05,59.05,0,0.0
1690426132,59.05,59.05,59.05,59.05,0,0.0
1690426133,59.04,59.04,59.04,59.04,400,23616.0
1690426134,59.04,59.04,59.04,59.04,0,0.0
1690426135,59.04,59.04,59.04,59.04,100,5904.0
1690426136,59.04,59.04,59.03,59.03,5300,312906.0
1690426137,59.03,59.03,59.03,59.03,0,0.0
1690426138,59.03,59.03,59.03,59.03,0,0.0
1690426139,59.03,59.05,59.03,59.05,1800,106283.0
1690426140,59.05,59.05,59.05,59.05,0,0.0
1690426141,59.05,59.05,59.05,59.05,0,0.0
1690426142,59.04,59.05,59.04,59.05,300,17714.0
1690426143,59.04,59.04,59.04,59.04,1400,82656.0
1690426144,59.04,59.04,59.04,59.04,0,0.0
1690426145,59.04,59.04,59.04,59.04,0,0.0
1690426146,59.04,59.04,59.04,59.04,0,0.0
1690426147,59.04,59.04,59.04,59.04,0,0.0
1690426148,59.04,59.04,59.04,59.04,0,0.0
1690426149,59.05,59.05,59.05,59.05,2000,118100.0
1690426150,59.04,59.04,59.04,59.04,100,5904.0
1690426151,59.04,59.04,59.04,59.04,0,0.0
1690426152,59.04,59.04,59.04,59.04,0,0.0
1690426153,59.04,59.04,59.04,59.04,0,0.0
1690426154,59.05,59.05,59.05,59.05,800,47240.0
1690426155,59.05,59.05,59.05,59.05,0,0.0
1690426156,59.05,59.05,59.05,59.05,0,0.0
1690426157,59.05,59.05,59.05,59.05,0,0.0
1690426158,59.05,59.05,59.05,59.05,0,0.0
1690426159,59.05,59.05,59.05,59.05,0,0.0
1690426160,59.05,59.05,59.05,59.05,0,0.0
1690426161,59.05,59.05,59.05,59.05,500,29525.0
1690426162,59.05,59.05,59.05,59.05,0,0.0
1690426163,59.05,59.05,59.05,59.05,0,0.0
1690426164,59.05,59.05,59.05,59.05,0,0.0
1690426165,59.05,59.05,59.05,59.05,100,5905.0
1690426166,59.05,59.05,59.05,59.05,0,0.0
1690426167,59.05,59.05,59.05,59.05,0,0.0
1690426168,59.04,59.04,59.04,59.04,100,5904.0
1690426169,59.05,59.05,59.05,59.05,400,23620.0
1690426170,59.05,59.05,59.05,59.05,0,0.0
1690426171,59.05,59.05,59.05,59.05,500,29525.0
1690426172,59.05,59.05,59.05,59.05,0,0.0
1690426173,59.05,59.05,59.05,59.05,0,0.0
1690426174,59.04,59.04,59.04,59.04,600,35424.0
1690426175,59.04,59.04,59.04,59.04,0,0.0
1690426176,59.04,59.04,59.04,59.04,200,11808.0
1690426177,59.04,59.05,59.04,59.05,1100,64950.0
1690426178,59.04,59.04,59.04,59.04,400,23616.0
1690426179,59.04,59.04,59.04,59.04,0,0.0
1690426180,59.04,59.04,59.04,59.04,0,0.0
1690426181,59.04,59.04,59.04,59.04,0,0.0
1690426182,59.04,59.05,59.04,59.05,1300,76764.0
1690426183,59.05,59.05,59.05,59.05,0,0.0
1690426184,59.05,59.05,59.05,59.05,0,0.0
1690426185,59.05,59.05,59.05,59.05,0,0.0
1690426186,59.05,59.05,59.05,59.05,0,0.0
1690426187,59.05,59.05,59.05,59.05,0,0.0
1690426188,59.05,59.05,59.05,59.05,0,0.0
1690426189,59.05,59.05,59.05,59.05,0,0.0
1690426190,59.05,59.05,59.05,59.05,200,11810.0
1690426191,59.05,59.05,59.05,59.05,0,0.0
1690426192,59.05,59.05,59.05,59.05,0,0.0
1690426193,59.05,59.05,59.05,59.05,0,0.0
1690426194,59.05,59.05,59.05,59.05,0,0.0
1690426195,59.05,59.05,59.05,59.05,1000,59050.0
1690426196,59.05,59.05,59.05,59.05,0,0.0
1690426197,59.05,59.05,59.05,59.05,0,0.0
1690426198,59.05,59.05,59.05,59.05,0,0.0
1690426199,59.04,59.04,59.04,59.04,100,5904.0
1690426200,59.05,59.05,59.05,59.05,5100,301155.0
1690426201,59.05,59.05,59.04,59.04,1100,64945.0
1690426202,59.04,59.04,59.04,59.04,0,0.0
1690426203,59.04,59.04,59.04,59.04,0,0.0
1690426204,59.04,59.05,59.04,59.05,1600,94473.0
1690426205,59.05,59.05,59.05,59.05,0,0.0
1690426206,59.05,59.05,59.05,59.05,0,0.0
1690426207,59.05,59.05,59.05,59.05,0,0.0
1690426208,59.04,59.04,59.04,59.04,200,11808.0
1690426209,59.05,59.05,59.05,59.05,300,17715.0
1690426210,59.05,59.05,59.05,59.05,0,0.0
1690426211,59.05,59.05,59.05,59.05,4700,277535.0
1690426212,59.06,59.06,59.05,59.05,300,17717.0
1690426213,59.05,59.05,59.05,59.05,0,0.0
1690426214,59.06,59.06,59.05,59.05,1400,82682.0
1690426215,59.05,59.05,59.05,59.05,0,0.0
1690426216,59.06,59.06,59.06,59.06,100,5906.0
1690426217,59.05,59.05,59.05,59.05,600,35430.0
1690426218,59.05,59.05,59.05,59.05,0,0.0
1690426219,59.06,59.06,59.06,59.06,600,35436.0
1690426220,59.06,59.06,59.05,59.06,500,29529.0
1690426221,59.06,59.06,59.06,59.06,0,0.0
1690426222,59.05,59.05,59.05,59.05,300,17715.0
1690426223,59.05,59.05,59.05,59.05,0,0.0
1690426224,59.05,59.05,59.05,59.05,0,0.0
1690426225,59.06,59.06,59.06,59.06,600,35436.0
1690426226,59.06,59.06,59.06,59.06,800,47248.0
1690426227,59.06,59.06,59.06,59.06,400,23624.0
1690426228,59.06,59.06,59.06,59.06,1000,59060.0
1690426229,59.06,59.06,59.06,59.06,0,0.0
1690426230,59.05,59.05,59.05,59.05,700,41335.0
1690426231,59.05,59.05,59.05,59.05,0,0.0
1690426232,59.05,59.05,59.05,59.05,0,0.0
1690426233,59.05,59.06,59.05,59.06,400,23622.0
1690426234,59.05,59.05,59.05,59.05,700,41335.0
1690426235,59.05,59.05,59.05,59.05,0,0.0
1690426236,59.05,59.05,59.05,59.05,0,0.0
1690426237,59.05,59.05,59.05,59.05,0,0.0
1690426238,59.06,59.06,59.06,59.06,200,11812.0
1690426239,59.05,59.05,59.05,59.05,300,17715.0
1690426240,59.05,59.05,59.05,59.05,0,0.0
1690426241,59.06,59.06,59.06,59.06,300,17718.0
1690426242,59.05,59.05,59.05,59.05,100,5905.0
1690426243,59.05,59.05,59.05,59.05,200,11810.0
1690426244,59.06,59.06,59.05,59.05,400,23622.0
1690426245,59.05,59.05,59.05,59.05,0,0.0
1690426246,59.05,59.05,59.05,59.05,0,0.0
1690426247,59.05,59.05,59.05,59.05,0,0.0
1690426248,59.05,59.05,59.05,59.05,0,0.0
1690426249,59.05,59.05,59.05,59.05,0,0.0
1690426250,59.05,59.05,59.05,59.05,0,0.0
1690426251,59.05,59.05,59.05,59.05,1000,59050.0
1690426252,59.05,59.05,59.05,59.05,0,0.0
1690426253,59.05,59.05,59.05,59.05,0,0.0
1690426254,59.05,59.05,59.05,59.05,0,0.0
1690426255,59.05,59.05,59.05,59.05,500,29525.0
1690426256,59.05,59.05,59.05,59.05,0,0.0
1690426257,59.06,59.06,59.06,59.06,100,5906.0
1690426258,59.06,59.06,59.06,59.06,0,0.0
1690426259,59.06,59.06,59.06,59.06,0,0.0
1690426260,59.06,59.06,59.06,59.06,4200,248052.0
1690426261,59.06,59.06,59.06,59.06,0,0.0
1690426262,59.06,59.06,59.06,59.06,0,0.0
1690426263,59.06,59.06,59.05,59.05,1200,70867.0
1690426264,59.05,59.05,59.05,59.05,0,0.0
1690426265,59.06,59.06,59.06,59.06,500,29530.0
1690426266,59.06,59.06,59.06,59.06,0,0.0
1690426267,59.06,59.06,59.06,59.06,0,0.0
1690426268,59.06,59.06,59.05,59.05,2600,153555.0
1690426269,59.05,59.06,59.05,59.06,1000,59055.0
1690426270,59.06,59.06,59.06,59.06,0,0.0
1690426271,59.06,59.06,59.06,59.06,0,0.0
1690426272,59.06,59.06,59.06,59.06,0,0.0
1690426273,59.06,59.06,59.06,59.06,0,0.0
1690426274,59.05,59.06,59.05,59.06,500,29526.0
1690426275,59.06,59.06,59.06,59.06,0,0.0
1690426276,59.06,59.06,59.06,59.06,0,0.0
1690426277,59.05,59.06,59.05,59.06,2300,135834.0
1690426278,59.06,59.06,59.05,59.05,1000,59059.0
1690426279,59.06,59.06,59.06,59.06,1400,82684.0
1690426280,59.06,59.06,59.06,59.06,0,0.0
1690426281,59.06,59.06,59.06,59.06,0,0.0
1690426282,59.06,59.06,59.05,59.05,800,47244.0
1690426283,59.05,59.05,59.05,59.05,0,0.0
1690426284,59.05,59.05,59.05,59.05,0,0.0
1690426285,59.05,59.05,59.05,59.05,0,0.0
1690426286,59.05,59.05,59.05,59.05,0,0.0
1690426287,59.06,59.06,59.06,59.06,1400,82684.0
1690426288,59.06,59.06,59.06,59.06,0,0.0
1690426289,59.06,59.06,59.06,59.06,500,29530.0
1690426290,59.06,59.06,59.06,59.06,100,5906.0
1690426291,59.06,59.06,59.06,59.06,0,0.0
1690426292,59.06,59.06,59.06,59.06,300,17718.0
1690426293,59.05,59.05,59.05,59.05,400,23620.0
1690426294,59.05,59.05,59.05,59.05,0,0.0
1690426295,59.05,59.05,59.04,59.05,24000,1417076.0
1690426296,59.05,59.05,59.05,59.05,0,0.0
1690426297,59.05,59.05,59.05,59.05,0,0.0
1690426298,59.03,59.06,59.03,59.06,4000,236214.0
1690426299,59.06,59.06,59.06,59.06,0,0.0
1690426300,59.06,59.06,59.06,59.06,0,0.0
1690426301,59.05,59.05,59.05,59.05,900,53145.0
1690426302,59.05,59.05,59.05,59.05,0,0.0
1690426303,59.03,59.03,59.03,59.03,500,29515.0
1690426304,59.05,59.05,59.05,59.05,200,11810.0
1690426305,59.05,59.05,59.05,59.05,0,0.0
1690426306,59.05,59.05,59.05,59.05,0,0.0
1690426307,59.05,59.05,59.05,59.05,0,0.0
1690426308,59.05,59.05,59.05,59.05,0,0.0
1690426309,59.03,59.03,59.03,59.03,2300,135769.0
1690426310,59.03,59.03,59.03,59.03,0,0.0
1690426311,59.04,59.04,59.04,59.04,300,17712.0
1690426312,59.04,59.04,59.04,59.04,0,0.0
1690426313,59.03,59.03,59.03,59.03,300,17709.0
1690426314,59.03,59.03,59.03,59.03,900,53127.0
1690426315,59.03,59.03,59.03,59.03,0,0.0
1690426316,59.03,59.03,59.03,59.03,0,0.0
1690426317,59.03,59.03,59.03,59.03,0,0.0
1690426318,59.03,59.03,59.03,59.03,0,0.0
1690426319,59.03,59.03,59.03,59.03,0,0.0
1690426320,59.03,59.03,59.03,59.03,0,0.0
1690426321,59.03,59.03,59.03,59.03,0,0.0
1690426322,59.03,59.03,59.03,59.03,500,29515.0
1690426323,59.03,59.03,59.03,59.03,0,0.0
1690426324,59.03,59.03,59.03,59.03,0,0.0
1690426325,59.03,59.03,59.03,59.03,0,0.0
1690426326,59.03,59.03,59.03,59.03,0,0.0
1690426327,59.03,59.03,59.03,59.03,0,0.0
1690426328,59.03,59.03,59.03,59.03,100,5903.0
1690426329,59.03,59.03,59.03,59.03,0,0.0
1690426330,59.04,59.04,59.04,59.04,100,5904.0
1690426331,59.04,59.04,59.04,59.04,0,0.0
1690426332,59.04,59.04,59.04,59.04,0,0.0
1690426333,59.04,59.04,59.04,59.04,100,5904.0
1690426334,59.04,59.04,59.04,59.04,0,0.0
1690426335,59.04,59.04,59.04,59.04,200,11808.0
1690426336,59.04,59.04,59.04,59.04,0,0.0
1690426337,59.04,59.04,59.04,59.04,0,0.0
1690426338,59.03,59.03,59.03,59.03,300,17709.0
1690426339,59.03,59.03,59.03,59.03,0,0.0
1690426340,59.03,59.03,59.03,59.03,0,0.0
1690426341,59.03,59.03,59.03,59.03,0,0.0
1690426342,59.03,59.03,59.03,59.03,0,0.0
1690426343,59.04,59.04,59.04,59.04,1900,112176.0
1690426344,59.03,59.03,59.03,59.03,400,23612.0
1690426345,59.03,59.03,59.03,59.03,0,0.0
1690426346,59.03,59.03,59.03,59.03,0,0.0
1690426347,59.03,59.03,59.03,59.03,0,0.0
1690426348,59.03,59.03,59.03,59.03,0,0.0
1690426349,59.04,59.04,59.04,59.04,400,23616.0
1690426350,59.03,59.03,59.03,59.03,500,29515.0
1690426351,59.03,59.03,59.03,59.03,0,0.0
1690426352,59.04,59.04,59.04,59.04,200,11808.0
1690426353,59.04,59.04,59.04,59.04,0,0.0
1690426354,59.04,59.04,59.04,59.04,0,0.0
1690426355,59.04,59.04,59.04,59.04,0,0.0
1690426356,59.04,59.04,59.04,59.04,0,0.0
1690426357,59.04,59.04,59.04,59.04,100,5904.0
1690426358,59.04,59.04,59.04,59.04,0,0.0
1690426359,59.04,59.04,59.04,59.04,400,23616.0
1690426360,59.03,59.03,59.03,59.03,200,11806.0
1690426361,59.03,59.03,59.03,59.03,0,0.0
1690426362,59.03,59.03,59.03,59.03,0,0.0
1690426363,59.03,59.03,59.03,59.03,0,0.0
1690426364,59.03,59.03,59.03,59.03,0,0.0
1690426365,59.03,59.03,59.03,59.03,0,0.0
1690426366,59.03,59.03,59.03,59.03,0,0.0
1690426367,59.03,59.03,59.03,59.03,0,0.0
1690426368,59.03,59.03,59.03,59.03,500,29515.0
1690426369,59.03,59.03,59.03,59.03,0,0.0
1690426370,59.03,59.03,59.03,59.03,300,17709.0
1690426371,59.03,59.03,59.03,59.03,200,11806.0
1690426372,59.03,59.03,59.03,59.03,0,0.0
1690426373,59.03,59.03,59.03,59.03,400,23612.0
1690426374,59.03,59.03,59.03,59.03,200,11806.0
1690426375,59.03,59.03,59.03,59.03,0,0.0
1690426376,59.03,59.03,59.03,59.03,100,5903.0
1690426377,59.03,59.03,59.03,59.03,0,0.0
1690426378,59.03,59.03,59.03,59.03,100,5903.0
1690426379,59.04,59.04,59.04,59.04,400,23616.0
1690426380,59.04,59.04,59.04,59.04,0,0.0
1690426381,59.03,59.03,59.03,59.03,100,5903.0
1690426382,59.03,59.03,59.03,59.03,0,0.0
1690426383,59.03,59.03,59.03,59.03,0,0.0
1690426384,59.04,59.04,59.04,59.04,500,29520.0
1690426385,59.04,59.04,59.04,59.04,0,0.0
1690426386,59.04,59.04,59.04,59.04,0,0.0
1690426387,59.04,59.04,59.04,59.04,0,0.0
1690426388,59.04,59.04,59.04,59.04,0,0.0
1690426389,59.04,59.04,59.04,59.04,0,0.0
1690426390,59.03,59.03,59.03,59.03,300,17709.0
1690426391,59.03,59.03,59.03,59.03,0,0.0
1690426392,59.03,59.03,59.03,59.03,0,0.0
1690426393,59.03,59.03,59.03,59.03,0,0.0
1690426394,59.03,59.03,59.03,59.03,0,0.0
1690426395,59.04,59.05,59.04,59.05,900,53138.0
1690426396,59.05,59.05,59.05,59.05,0,0.0
1690426397,59.05,59.05,59.05,59.05,200,11810.0
1690426398,59.04,59.04,59.04,59.04,300,17712.0
1690426399,59.04,59.04,59.04,59.04,0,0.0
1690426400,59.04,59.04,59.04,59.04,0,0.0
1690426401,59.04,59.04,59.04,59.04,600,35424.0
1690426402,59.04,59.04,59.04,59.04,0,0.0
1690426403,59.04,59.04,59.03,59.03,4000,236153.0
1690426404,59.03,59.03,59.03,59.03,0,0.0
1690426405,59.03,59.03,59.03,59.03,0,0.0
1690426406,59.03,59.03,59.03,59.03,0,0.0
1690426407,59.03,59.03,59.03,59.03,0,0.0
1690426408,59.04,59.04,59.04,59.04,300,17712.0
1690426409,59.04,59.04,59.04,59.04,200,11808.0
1690426410,59.04,59.04,59.04,59.04,0,0.0
1690426411,59.04,59.04,59.04,59.04,0,0.0
1690426412,59.04,59.04,59.04,59.04,0,0.0
1690426413,59.04,59.04,59.04,59.04,300,17712.0
1690426414,59.04,59.04,59.04,59.04,0,0.0
1690426415,59.04,59.04,59.04,59.04,0,0.0
1690426416,59.05,59.05,59.05,59.05,100,5905.0
1690426417,59.04,59.04,59.04,59.04,2900,171216.0
1690426418,59.04,59.04,59.04,59.04,0,0.0
1690426419,59.04,59.04,59.04,59.04,0,0.0
1690426420,59.04,59.04,59.04,59.04,0,0.0
1690426421,59.04,59.04,59.04,59.04,0,0.0
1690426422,59.04,59.04,59.04,59.04,400,23616.0
1690426423,59.04,59.04,59.04,59.04,0,0.0
1690426424,59.04,59.04,59.04,59.04,0,0.0
1690426425,59.04,59.04,59.04,59.04,200,11808.0
1690426426,59.04,59.04,59.04,59.04,0,0.0
1690426427,59.04,59.05,59.04,59.05,700,41329.0
1690426428,59.05,59.05,59.05,59.05,0,0.0
1690426429,59.05,59.05,59.05,59.05,0,0.0
1690426430,59.04,59.04,59.04,59.04,200,11808.0
1690426431,59.04,59.04,59.04,59.04,300,17712.0
1690426432,59.04,59.04,59.04,59.04,0,0.0
1690426433,59.04,59.04,59.04,59.04,600,35424.0
1690426434,59.04,59.04,59.04,59.04,0,0.0
1690426435,59.04,59.04,59.03,59.03,3000,177113.0
1690426436,59.04,59.05,59.04,59.04,600,35425.0
1690426437,59.04,59.04,59.04,59.04,0,0.0
1690426438,59.04,59.04,59.04,59.04,100,5904.0
1690426439,59.04,59.04,59.04,59.04,700,41328.0
1690426440,59.04,59.04,59.04,59.04,0,0.0
1690426441,59.04,59.04,59.03,59.03,1900,112166.0
1690426442,59.03,59.03,59.03,59.03,0,0.0
1690426443,59.03,59.03,59.03,59.03,0,0.0
1690426444,59.04,59.05,59.04,59.05,1300,76757.0
1690426445,59.05,59.05,59.05,59.05,0,0.0
1690426446,59.05,59.05,59.05,59.05,0,0.0
1690426447,59.05,59.05,59.05,59.05,0,0.0
1690426448,59.05,59.05,59.05,59.05,0,0.0
1690426449,59.02,59.02,59.01,59.01,9400,554784.0
1690426450,59.01,59.01,59.01,59.01,0,0.0
1690426451,59.01,59.01,59.01,59.01,3200,188832.0
1690426452,59.01,59.01,59.0,59.0,700,41302.0
1690426453,59.0,59.0,59.0,59.0,0,0.0
1690426454,59.0,59.0,59.0,59.0,0,0.0
1690426455,59.0,59.0,59.0,59.0,0,0.0
1690426456,59.0,59.0,59.0,59.0,0,0.0
1690426457,59.01,59.01,59.0,59.0,800,47201.0
1690426458,59.0,59.0,59.0,59.0,0,0.0
1690426459,59.0,59.0,59.0,59.0,0,0.0
1690426460,59.0,59.0,59.0,59.0,600,35400.0
1690426461,59.0,59.0,59.0,59.0,0,0.0
1690426462,59.0,59.0,58.99,58.99,18600,1097338.0
1690426463,58.98,59.0,58.98,59.0,4600,271376.0
1690426464,59.0,59.0,59.0,59.0,0,0.0
1690426465,59.0,59.0,59.0,59.0,0,0.0
1690426466,59.0,59.0,59.0,59.0,0,0.0
1690426467,59.0,59.0,59.0,59.0,0,0.0
1690426468,59.0,59.0,59.0,59.0,0,0.0
1690426469,59.0,59.0,59.0,59.0,0,0.0
1690426470,58.98,58.98,58.98,58.98,3700,218226.0
1690426471,58.98,58.98,58.98,58.98,0,0.0
1690426472,58.98,58.98,58.98,58.98,0,0.0
1690426473,58.97,58.97,58.97,58.97,300,17691.0
1690426474,58.97,58.97,58.97,58.97,0,0.0
1690426475,58.97,58.97,58.97,58.97,0,0.0
1690426476,58.97,58.97,58.97,58.97,1200,70764.0
1690426477,58.97,58.97,58.97,58.97,0,0.0
1690426478,58.97,58.97,58.97,58.97,0,0.0
1690426479,58.98,58.98,58.98,58.98,1300,76674.0
1690426480,58.98,58.98,58.98,58.98,0,0.0
1690426481,58.98,58.98,58.98,58.98,1000,58980.0
1690426482,58.98,58.98,58.98,58.98,0,0.0
1690426483,58.98,58.98,58.98,58.98,0,0.0
1690426484,58.98,58.98,58.98,58.98,400,23592.0
1690426485,58.98,58.98,58.98,58.98,0,0.0
1690426486,58.97,58.97,58.96,58.96,900,53065.0
1690426487,58.96,58.98,58.96,58.96,7900,465908.0
1690426488,58.96,58.96,58.96,58.96,0,0.0
1690426489,58.98,58.98,58.98,58.98,100,5898.0
1690426490,58.98,58.98,58.98,58.98,100,5898.0
1690426491,58.98,58.98,58.98,58.98,0,0.0
1690426492,58.98,58.98,58.98,58.98,100,5898.0
1690426493,58.98,58.98,58.98,58.98,400,23592.0
1690426494,58.98,58.98,58.98,58.98,0,0.0
1690426495,58.98,58.98,58.98,58.98,400,23592.0
1690426496,58.98,58.98,58.98,58.98,0,0.0
1690426497,58.98,58.98,58.98,58.98,0,0.0
1690426498,58.98,58.98,58.98,58.98,100,5898.0
1690426499,58.98,58.98,58.98,58.98,0,0.0
1690426500,58.98,58.98,58.98,58.98,0,0.0
1690426501,58.98,58.98,58.98,58.98,0,0.0
1690426502,58.98,58.98,58.98,58.98,0,0.0
1690426503,58.98,58.98,58.98,58.98,100,5898.0
1690426504,58.98,58.98,58.98,58.98,0,0.0
1690426505,58.98,58.98,58.98,58.98,800,47184.0
1690426506,58.98,58.98,58.98,58.98,0,0.0
1690426507,58.98,58.98,58.98,58.98,0,0.0
1690426508,58.99,58.99,58.99,58.99,100,5899.0
1690426509,58.99,58.99,58.99,58.99,0,0.0
1690426510,58.99,58.99,58.99,58.99,0,0.0
1690426511,58.98,58.98,58.98,58.98,2200,129756.0
1690426512,58.98,58.98,58.98,58.98,0,0.0
1690426513,58.98,58.98,58.98,58.98,0,0.0
1690426514,58.98,58.98,58.98,58.98,0,0.0
1690426515,58.98,58.98,58.98,58.98,0,0.0
1690426516,58.98,58.98,58.98,58.98,0,0.0
1690426517,58.98,58.98,58.98,58.98,0,0.0
1690426518,58.98,58.98,58.98,58.98,0,0.0
1690426519,58.98,58.98,58.98,58.98,0,0.0
1690426520,58.98,58.98,58.98,58.98,0,0.0
1690426521,58.98,58.98,58.98,58.98,0,0.0
1690426522,58.98,58.98,58.98,58.98,0,0.0
1690426523,58.98,58.98,58.98,58.98,0,0.0
1690426524,58.98,58.98,58.98,58.98,0,0.0
1690426525,58.98,58.98,58.98,58.98,500,29490.0
1690426526,58.98,58.98,58.98,58.98,0,0.0
1690426527,58.98,58.98,58.98,58.98,600,35388.0
1690426528,58.99,58.99,58.99,58.99,200,11798.0
1690426529,58.99,58.99,58.99,58.99,0,0.0
1690426530,58.98,58.98,58.98,58.98,900,53082.0
1690426531,58.98,58.98,58.98,58.98,0,0.0
1690426532,58.98,58.98,58.98,58.98,0,0.0
1690426533,58.98,58.98,58.98,58.98,0,0.0
1690426534,58.98,58.98,58.98,58.98,0,0.0
1690426535,58.98,58.98,58.98,58.98,300,17694.0
1690426536,58.99,58.99,58.99,58.99,100,5899.0
1690426537,58.99,58.99,58.99,58.99,0,0.0
1690426538,58.99,58.99,58.99,58.99,0,0.0
1690426539,58.99,58.99,58.99,58.99,0,0.0
1690426540,58.99,58.99,58.99,58.99,0,0.0
1690426541,58.98,59.02,58.98,59.02,23200,1368700.0
1690426542,59.02,59.02,59.02,59.02,0,0.0
1690426543,59.02,59.02,59.02,59.02,0,0.0
1690426544,59.02,59.02,59.02,59.02,0,0.0
1690426545,59.02,59.02,59.02,59.02,0,0.0
1690426546,59.02,59.02,59.02,59.02,0,0.0
1690426547,59.02,59.02,59.02,59.02,0,0.0
1690426548,59.02,59.02,59.02,59.02,0,0.0
1690426549,59.0,59.0,59.0,59.0,400,23600.0
1690426550,59.0,59.0,59.0,59.0,0,0.0
1690426551,59.0,59.0,59.0,59.0,0,0.0
1690426552,59.0,59.0,59.0,59.0,0,0.0
1690426553,59.0,59.0,59.0,59.0,0,0.0
1690426554,59.0,59.0,59.0,59.0,0,0.0
1690426555,59.0,59.0,59.0,59.0,0,0.0
1690426556,59.0,59.0,59.0,59.0,0,0.0
1690426557,59.0,59.0,59.0,59.0,0,0.0
1690426558,59.0,59.0,59.0,59.0,0,0.0
1690426559,59.02,59.02,59.02,59.02,400,23608.0
1690426560,59.02,59.02,59.02,59.02,0,0.0
1690426561,59.02,59.02,59.02,59.02,0,0.0
1690426562,59.02,59.02,59.02,59.02,400,23608.0
1690426563,59.02,59.02,59.02,59.02,0,0.0
1690426564,59.02,59.02,59.02,59.02,0,0.0
1690426565,59.0,59.0,59.0,59.0,300,17700.0
1690426566,59.0,59.0,59.0,59.0,600,35400.0
1690426567,59.0,59.0,59.0,59.0,0,0.0
1690426568,59.0,59.0,59.0,59.0,0,0.0
1690426569,59.0,59.0,59.0,59.0,0,0.0
1690426570,59.0,59.0,59.0,59.0,0,0.0
1690426571,59.0,59.0,59.0,59.0,100,5900.0
1690426572,59.0,59.0,59.0,59.0,0,0.0
1690426573,59.0,59.0,59.0,59.0,0,0.0
1690426574,59.0,59.0,59.0,59.0,13800,814200.0
1690426575,59.0,59.0,59.0,59.0,0,0.0
1690426576,59.0,59.0,59.0,59.0,0,0.0
1690426577,59.0,59.0,59.0,59.0,200,11800.0
1690426578,59.0,59.0,59.0,59.0,800,47200.0
1690426579,59.0,59.0,59.0,59.0,0,0.0
1690426580,59.0,59.0,59.0,59.0,0,0.0
1690426581,59.0,59.0,59.0,59.0,900,53100.0
1690426582,59.0,59.0,59.0,59.0,0,0.0
1690426583,59.0,59.0,59.0,59.0,400,23600.0
1690426584,59.0,59.0,59.0,59.0,400,23600.0
1690426585,59.0,59.0,59.0,59.0,200,11800.0
1690426586,59.0,59.0,59.0,59.0,0,0.0
1690426587,59.0,59.0,58.99,58.99,4800,283198.0
1690426588,58.99,58.99,58.99,58.99,0,0.0
1690426589,58.99,58.99,58.99,58.99,0,0.0
1690426590,58.99,58.99,58.99,58.99,0,0.0
1690426591,58.99,58.99,58.99,58.99,0,0.0
1690426592,58.99,59.0,58.99,59.0,500,29499.0
1690426593,59.0,59.0,59.0,59.0,400,23600.0
1690426594,59.0,59.0,59.0,59.0,0,0.0
1690426595,58.99,58.99,58.99,58.99,300,17697.0
1690426596,58.99,58.99,58.99,58.99,0,0.0
1690426597,58.99,58.99,58.99,58.99,0,0.0
1690426598,59.0,59.0,59.0,59.0,3200,188800.0
1690426599,59.0,59.0,59.0,59.0,0,0.0
1690426600,59.0,59.0,59.0,59.0,0,0.0
1690426601,59.0,59.0,59.0,59.0,0,0.0
1690426602,59.0,59.0,59.0,59.0,0,0.0
1690426603,58.99,58.99,58.99,58.99,100,5899.0
1690426604,58.99,58.99,58.99,58.99,0,0.0
1690426605,58.99,58.99,58.99,58.99,0,0.0
1690426606,58.99,58.99,58.99,58.99,0,0.0
1690426607,58.99,58.99,58.99,58.99,0,0.0
1690426608,59.0,59.0,58.99,58.99,500,29496.0
1690426609,58.99,58.99,58.99,58.99,0,0.0
1690426610,58.99,58.99,58.99,58.99,0,0.0
1690426611,58.99,58.99,58.99,58.99,0,0.0
1690426612,58.99,58.99,58.99,58.99,0,0.0
1690426613,58.99,58.99,58.99,58.99,0,0.0
1690426614,58.99,58.99,58.99,58.99,0,0.0
1690426615,58.99,58.99,58.99,58.99,0,0.0
1690426616,58.99,58.99,58.99,58.99,0,0.0
1690426617,58.99,58.99,58.99,58.99,0,0.0
1690426618,58.99,58.99,58.99,58.99,0,0.0
1690426619,58.99,58.99,58.99,58.99,3400,200566.0
1690426620,58.99,58.99,58.99,58.99,0,0.0
1690426621,58.99,58.99,58.99,58.99,0,0.0
1690426622,58.98,58.99,58.98,58.98,700,41288.0
1690426623,58.98,58.98,58.98,58.98,0,0.0
1690426624,58.99,58.99,58.99,58.99,100,5899.0
1690426625,58.99,58.99,58.99,58.99,0,0.0
1690426626,58.99,58.99,58.99,58.99,0,0.0
1690426627,58.99,58.99,58.99,58.99,0,0.0
1690426628,58.98,58.98,58.98,58.98,100,5898.0
1690426629,58.98,58.98,58.98,58.98,0,0.0
1690426630,58.98,58.98,58.98,58.98,800,47184.0
1690426631,58.98,58.98,58.98,58.98,0,0.0
1690426632,58.98,58.98,58.98,58.98,0,0.0
1690426633,58.99,58.99,58.99,58.99,200,11798.0
1690426634,58.99,58.99,58.99,58.99,0,0.0
1690426635,58.98,58.98,58.98,58.98,100,5898.0
1690426636,58.99,58.99,58.99,58.99,100,5899.0
1690426637,58.99,58.99,58.99,58.99,0,0.0
1690426638,58.98,58.99,58.98,58.99,5100,300848.0
1690426639,58.99,58.99,58.99,58.99,0,0.0
1690426640,58.98,58.98,58.98,58.98,200,11796.0
1690426641,58.98,58.98,58.98,58.98,0,0.0
1690426642,58.98,58.98,58.98,58.98,0,0.0
1690426643,58.98,58.98,58.98,58.98,0,0.0
1690426644,58.98,58.98,58.98,58.98,600,35388.0
1690426645,58.98,58.98,58.98,58.98,0,0.0
1690426646,58.98,58.98,58.98,58.98,100,5898.0
1690426647,58.98,58.98,58.98,58.98,0,0.0
1690426648,58.98,58.98,58.98,58.98,0,0.0
1690426649,58.98,58.98,58.97,58.98,10400,613349.0
1690426650,58.98,58.98,58.98,58.98,0,0.0
1690426651,58.97,58.97,58.97,58.97,100,5897.0
1690426652,58.97,58.97,58.97,58.97,0,0.0
1690426653,58.97,58.97,58.97,58.97,0,0.0
1690426654,58.97,58.97,58.97,58.97,0,0.0
1690426655,58.97,58.97,58.97,58.97,0,0.0
1690426656,58.97,58.97,58.97,58.97,0,0.0
1690426657,58.97,58.97,58.97,58.97,0,0.0
1690426658,58.97,58.97,58.97,58.97,0,0.0
1690426659,58.97,58.97,58.97,58.97,0,0.0
1690426660,58.97,58.97,58.97,58.97,0,0.0
1690426661,58.97,58.97,58.97,58.97,0,0.0
1690426662,58.97,58.97,58.97,58.97,0,0.0
1690426663,58.97,58.97,58.97,58.97,0,0.0
1690426664,58.96,58.96,58.96,58.96,200,11792.0
1690426665,58.96,58.96,58.96,58.96,100,5896.0
1690426666,58.96,58.96,58.96,58.96,0,0.0
1690426667,58.96,58.96,58.96,58.96,0,0.0
1690426668,58.96,58.96,58.96,58.96,0,0.0
1690426669,58.96,58.96,58.96,58.96,0,0.0
1690426670,58.96,58.96,58.96,58.96,200,11792.0
1690426671,58.97,58.97,58.97,58.97,100,5897.0
1690426672,58.97,58.97,58.97,58.97,0,0.0
1690426673,58.97,58.97,58.97,58.97,0,0.0
1690426674,58.97,58.97,58.97,58.97,0,0.0
1690426675,58.97,58.97,58.97,58.97,0,0.0
1690426676,58.97,58.97,58.97,58.97,0,0.0
1690426677,58.97,58.97,58.97,58.97,0,0.0
1690426678,58.97,58.97,58.97,58.97,0,0.0
1690426679,58.96,58.96,58.96,58.96,200,11792.0
1690426680,58.96,58.96,58.96,58.96,0,0.0
1690426681,58.96,58.96,58.96,58.96,0,0.0
1690426682,58.96,58.96,58.96,58.96,0,0.0
1690426683,58.96,58.96,58.96,58.96,0,0.0
1690426684,58.96,58.96,58.96,58.96,0,0.0
1690426685,58.96,58.96,58.96,58.96,0,0.0
1690426686,58.97,58.97,58.96,58.96,2000,117929.0
1690426687,58.96,58.96,58.96,58.96,100,5896.0
1690426688,58.96,58.96,58.96,58.96,0,0.0
1690426689,58.96,58.96,58.96,58.96,0,0.0
1690426690,58.96,58.96,58.96,58.96,1600,94336.0
1690426691,58.96,58.96,58.96,58.96,0,0.0
1690426692,58.96,58.96,58.96,58.96,200,11792.0
1690426693,58.96,58.96,58.96,58.96,0,0.0
1690426694,58.96,58.96,58.96,58.96,0,0.0
1690426695,58.96,58.96,58.96,58.96,0,0.0
1690426696,58.96,58.96,58.96,58.96,0,0.0
1690426697,58.96,58.96,58.96,58.96,0,0.0
1690426698,58.97,58.97,58.97,58.97,600,35382.0
1690426699,58.97,58.97,58.97,58.97,0,0.0
1690426700,58.96,58.96,58.96,58.96,400,23584.0
1690426701,58.96,58.96,58.96,58.96,0,0.0
1690426702,58.96,58.96,58.96,58.96,0,0.0
1690426703,58.96,58.96,58.96,58.96,0,0.0
1690426704,58.96,58.96,58.96,58.96,0,0.0
1690426705,58.96,58.96,58.96,58.96,10000,589600.0
1690426706,58.97,58.97,58.97,58.97,100,5897.0
1690426707,58.97,58.97,58.97,58.97,0,0.0
1690426708,58.97,58.97,58.97,58.97,800,47176.0
1690426709,58.97,58.97,58.97,58.97,100,5897.0
1690426710,58.97,58.97,58.97,58.97,0,0.0
1690426711,58.97,58.97,58.97,58.97,0,0.0
1690426712,58.97,58.97,58.97,58.97,0,0.0
1690426713,58.97,58.97,58.97,58.97,0,0.0
1690426714,58.97,58.97,58.97,58.97,400,23588.0
1690426715,58.97,58.97,58.97,58.97,0,0.0
1690426716,58.97,58.97,58.97,58.97,0,0.0
1690426717,58.97,58.97,58.97,58.97,0,0.0
1690426718,58.97,58.97,58.97,58.97,0,0.0
1690426719,58.97,58.97,58.97,58.97,0,0.0
1690426720,58.97,58.97,58.97,58.97,0,0.0
1690426721,58.97,58.97,58.97,58.97,300,17691.0
1690426722,58.97,58.97,58.97,58.97,0,0.0
1690426723,58.97,58.97,58.97,58.97,0,0.0
1690426724,58.97,58.97,58.97,58.97,500,29485.0
1690426725,58.97,58.97,58.97,58.97,1200,70764.0
1690426726,58.97,58.97,58.97,58.97,0,0.0
1690426727,58.97,58.97,58.97,58.97,500,29485.0
1690426728,58.97,58.97,58.97,58.97,400,23588.0
1690426729,58.97,58.97,58.97,58.97,0,0.0
1690426730,58.97,58.97,58.97,58.97,200,11794.0
1690426731,58.97,58.97,58.97,58.97,0,0.0
1690426732,58.97,58.97,58.97,58.97,0,0.0
1690426733,58.96,58.96,58.96,58.96,100,5896.0
1690426734,58.96,58.96,58.96,58.96,0,0.0
1690426735,58.96,58.96,58.96,58.96,0,0.0
1690426736,58.96,58.96,58.96,58.96,0,0.0
1690426737,58.96,58.96,58.96,58.96,0,0.0
1690426738,58.96,58.96,58.96,58.96,0,0.0
1690426739,58.96,58.96,58.96,58.96,0,0.0
1690426740,58.95,58.95,58.95,58.95,500,29475.0
1690426741,58.95,58.95,58.95,58.95,100,5895.0
1690426742,58.95,58.95,58.95,58.95,0,0.0
1690426743,58.95,58.95,58.95,58.95,400,23580.0
1690426744,58.95,58.95,58.95,58.95,0,0.0
1690426745,58.95,58.95,58.95,58.95,0,0.0
1690426746,58.95,58.95,58.95,58.95,0,0.0
1690426747,58.95,58.95,58.95,58.95,0,0.0
1690426748,58.95,58.95,58.95,58.95,0,0.0
1690426749,58.95,58.95,58.95,58.95,0,0.0
1690426750,58.95,58.95,58.95,58.95,0,0.0
1690426751,58.95,58.95,58.95,58.95,0,0.0
1690426752,58.95,58.95,58.95,58.95,0,0.0
1690426753,58.95,58.95,58.95,58.95,0,0.0
1690426754,58.95,58.95,58.95,58.95,100,5895.0
1690426755,58.95,58.95,58.95,58.95,0,0.0
1690426756,58.95,58.95,58.95,58.95,0,0.0
1690426757,58.95,58.95,58.95,58.95,600,35370.0
1690426758,58.95,58.95,58.95,58.95,0,0.0
1690426759,58.95,58.95,58.95,58.95,0,0.0
1690426760,58.95,58.95,58.95,58.95,300,17685.0
1690426761,58.95,58.95,58.95,58.95,0,0.0
1690426762,58.95,58.95,58.95,58.95,100,5895.0
1690426763,58.95,58.95,58.95,58.95,0,0.0
1690426764,58.95,58.95,58.95,58.95,0,0.0
1690426765,58.95,58.95,58.95,58.95,100,5895.0
1690426766,58.95,58.95,58.95,58.95,0,0.0
1690426767,58.95,58.95,58.95,58.95,0,0.0
1690426768,58.96,58.96,58.96,58.96,1000,58960.0
1690426769,58.96,58.96,58.96,58.96,0,0.0
1690426770,58.96,58.96,58.96,58.96,0,0.0
1690426771,58.96,58.96,58.96,58.96,0,0.0
1690426772,58.96,58.96,58.96,58.96,0,0.0
1690426773,58.96,58.96,58.96,58.96,0,0.0
1690426774,58.95,58.95,58.95,58.95,100,5895.0
1690426775,58.95,58.96,58.95,58.96,700,41270.0
1690426776,58.96,58.96,58.96,58.96,0,0.0
1690426777,58.96,58.96,58.96,58.96,0,0.0
1690426778,58.96,58.96,58.96,58.96,0,0.0
1690426779,58.96,58.96,58.96,58.96,0,0.0
1690426780,58.96,58.96,58.96,58.96,0,0.0
1690426781,58.96,58.96,58.96,58.96,0,0.0
1690426782,58.96,58.96,58.96,58.96,0,0.0
1690426783,58.96,58.96,58.96,58.96,0,0.0
1690426784,58.96,58.96,58.96,58.96,100,5896.0
1690426785,58.96,58.96,58.96,58.96,0,0.0
1690426786,58.96,58.96,58.96,58.96,0,0.0
1690426787,58.96,58.96,58.96,58.96,0,0.0
1690426788,58.96,58.96,58.96,58.96,0,0.0
1690426789,58.96,58.96,58.96,58.96,0,0.0
1690426790,58.96,58.96,58.96,58.96,0,0.0
1690426791,58.96,58.96,58.96,58.96,0,0.0
1690426792,58.96,58.96,58.96,58.96,0,0.0
1690426793,58.96,58.96,58.96,58.96,0,0.0
1690426794,58.96,58.96,58.96,58.96,0,0.0
1690426795,58.96,58.96,58.96,58.96,0,0.0
1690426796,58.96,58.96,58.96,58.96,0,0.0
1690426797,58.95,58.95,58.95,58.95,400,23580.0
1690426798,58.95,58.95,58.95,58.95,0,0.0
1690426799,58.95,58.95,58.95,58.95,100,5895.0
1690426800,58.95,58.95,58.95,58.95,800,47160.0
1690426801,58.95,58.95,58.95,58.95,600,35370.0
1690426802,58.95,58.95,58.95,58.95,0,0.0
1690426803,58.95,58.96,58.95,58.95,1400,82531.0
1690426804,58.95,58.95,58.95,58.95,0,0.0
1690426805,58.96,58.96,58.95,58.95,700,41270.0
1690426806,58.95,58.95,58.95,58.95,11000,648450.0
1690426807,58.95,58.95,58.95,58.95,0,0.0
1690426808,58.95,58.95,58.95,58.95,0,0.0
1690426809,58.95,58.95,58.95,58.95,0,0.0
1690426810,58.95,58.95,58.95,58.95,0,0.0
1690426811,58.95,58.95,58.95,58.95,500,29475.0
1690426812,58.95,58.95,58.95,58.95,0,0.0
1690426813,58.95,58.95,58.95,58.95,0,0.0
1690426814,58.95,58.95,58.95,58.95,0,0.0
1690426815,58.95,58.95,58.95,58.95,0,0.0
1690426816,58.95,58.95,58.95,58.95,0,0.0
1690426817,58.95,58.95,58.95,58.95,0,0.0
1690426818,58.95,58.95,58.95,58.95,0,0.0
1690426819,58.95,58.95,58.95,58.95,0,0.0
1690426820,58.95,58.95,58.95,58.95,0,0.0
1690426821,58.95,58.95,58.95,58.95,3000,176850.0
1690426822,58.95,58.95,58.95,58.95,0,0.0
1690426823,58.95,58.95,58.95,58.95,0,0.0
1690426824,58.95,58.95,58.95,58.95,700,41265.0
1690426825,58.95,58.95,58.95,58.95,0,0.0
1690426826,58.95,58.95,58.95,58.95,0,0.0
1690426827,58.95,58.95,58.95,58.95,0,0.0
1690426828,58.95,58.95,58.95,58.95,0,0.0
1690426829,58.95,58.95,58.95,58.95,0,0.0
1690426830,58.95,58.95,58.95,58.95,0,0.0
1690426831,58.95,58.95,58.95,58.95,0,0.0
1690426832,58.96,58.96,58.96,58.96,2000,117920.0
1690426833,58.95,58.95,58.95,58.95,600,35370.0
1690426834,58.95,58.95,58.95,58.95,0,0.0
1690426835,58.95,58.95,58.95,58.95,1200,70740.0
1690426836,58.95,58.95,58.95,58.95,0,0.0
1690426837,58.96,58.96,58.96,58.96,100,5896.0
1690426838,58.96,58.96,58.96,58.96,0,0.0
1690426839,58.96,58.96,58.96,58.96,0,0.0
1690426840,58.95,58.95,58.95,58.95,300,17685.0
1690426841,58.95,58.96,58.95,58.96,500,29479.0
1690426842,58.96,58.96,58.96,58.96,0,0.0
1690426843,58.96,58.96,58.96,58.96,0,0.0
1690426844,58.96,58.96,58.96,58.96,0,0.0
1690426845,58.96,58.96,58.96,58.96,0,0.0
1690426846,58.96,58.96,58.96,58.96,0,0.0
1690426847,58.96,58.96,58.96,58.96,0,0.0
1690426848,58.96,58.96,58.96,58.96,1800,106128.0
1690426849,58.96,58.96,58.96,58.96,200,11792.0
1690426850,58.96,58.96,58.96,58.96,0,0.0
1690426851,58.96,58.96,58.96,58.96,0,0.0
1690426852,58.96,58.96,58.96,58.96,0,0.0
1690426853,58.96,58.96,58.96,58.96,0,0.0
1690426854,58.96,58.96,58.96,58.96,0,0.0
1690426855,58.96,58.96,58.96,58.96,0,0.0
1690426856,58.95,58.95,58.95,58.95,200,11790.0
1690426857,58.95,58.95,58.95,58.95,0,0.0
1690426858,58.95,58.95,58.95,58.95,0,0.0
1690426859,58.95,58.95,58.95,58.95,0,0.0
1690426860,58.95,58.95,58.95,58.95,0,0.0
1690426861,58.95,58.95,58.95,58.95,0,0.0
1690426862,58.95,58.95,58.95,58.95,0,0.0
1690426863,58.95,58.95,58.95,58.95,0,0.0
1690426864,58.95,58.95,58.95,58.95,100,5895.0
1690426865,58.96,58.96,58.95,58.95,600,35374.0
1690426866,58.95,58.95,58.95,58.95,0,0.0
1690426867,58.95,58.95,58.95,58.95,0,0.0
1690426868,58.95,58.95,58.95,58.95,0,0.0
1690426869,58.95,58.95,58.95,58.95,0,0.0
1690426870,58.95,58.95,58.95,58.95,0,0.0
1690426871,58.96,58.96,58.96,58.96,300,17688.0
1690426872,58.95,58.95,58.95,58.95,600,35370.0
1690426873,58.95,58.95,58.95,58.95,200,11790.0
1690426874,58.95,58.95,58.95,58.95,0,0.0
1690426875,58.95,58.95,58.95,58.95,0,0.0
1690426876,58.95,58.95,58.95,58.95,0,0.0
1690426877,58.95,58.95,58.95,58.95,0,0.0
1690426878,58.96,58.96,58.96,58.96,200,11792.0
1690426879,58.96,58.96,58.96,58.96,500,29480.0
1690426880,58.96,58.96,58.96,58.96,0,0.0
1690426881,58.96,58.96,58.96,58.96,0,0.0
1690426882,58.96,58.96,58.96,58.96,0,0.0
1690426883,58.95,58.95,58.95,58.95,100,5895.0
1690426884,58.95,58.95,58.95,58.95,0,0.0
1690426885,58.95,58.95,58.95,58.95,0,0.0
1690426886,58.95,58.95,58.95,58.95,0,0.0
1690426887,58.95,58.95,58.95,58.95,300,17685.0
1690426888,58.95,58.95,58.95,58.95,0,0.0
1690426889,58.95,58.95,58.95,58.95,0,0.0
1690426890,58.95,58.95,58.95,58.95,100,5895.0
1690426891,58.95,58.95,58.95,58.95,0,0.0
1690426892,58.95,58.95,58.95,58.95,100,5895.0
1690426893,58.95,58.95,58.95,58.95,0,0.0
1690426894,58.96,58.96,58.96,58.96,100,5896.0
1690426895,58.95,58.95,58.95,58.95,100,5895.0
1690426896,58.95,58.95,58.95,58.95,0,0.0
1690426897,58.95,58.95,58.95,58.95,0,0.0
1690426898,58.96,58.96,58.96,58.96,3400,200464.0
1690426899,58.95,58.95,58.95,58.95,200,11790.0
1690426900,58.95,58.95,58.95,58.95,0,0.0
1690426901,58.95,58.95,58.95,58.95,0,0.0
1690426902,58.95,58.95,58.95,58.95,0,0.0
1690426903,58.95,58.95,58.95,58.95,0,0.0
1690426904,58.95,58.95,58.95,58.95,0,0.0
1690426905,58.95,58.95,58.95,58.95,0,0.0
1690426906,58.95,58.95,58.95,58.95,0,0.0
1690426907,58.95,58.95,58.95,58.95,0,0.0
1690426908,58.95,58.95,58.95,58.95,1100,64845.0
1690426909,58.95,58.95,58.95,58.95,0,0.0
1690426910,58.95,58.95,58.95,58.95,300,17685.0
1690426911,58.95,58.96,58.95,58.96,1200,70747.0
1690426912,58.96,58.96,58.96,58.96,0,0.0
1690426913,58.96,58.96,58.96,58.96,0,0.0
1690426914,58.96,58.96,58.96,58.96,0,0.0
1690426915,58.96,58.96,58.96,58.96,0,0.0
1690426916,58.96,58.96,58.96,58.96,0,0.0
1690426917,58.96,58.96,58.96,58.96,0,0.0
1690426918,58.96,58.96,58.96,58.96,0,0.0
1690426919,58.96,58.96,58.95,58.95,500,29477.0
1690426920,58.95,58.95,58.95,58.95,0,0.0
1690426921,58.95,58.95,58.95,58.95,0,0.0
1690426922,58.95,58.95,58.95,58.95,0,0.0
1690426923,58.95,58.95,58.95,58.95,0,0.0
1690426924,58.95,58.95,58.95,58.95,0,0.0
1690426925,58.95,58.95,58.95,58.95,100,5895.0
1690426926,58.95,58.95,58.95,58.95,0,0.0
1690426927,58.95,58.95,58.95,58.95,0,0.0
1690426928,58.95,58.95,58.95,58.95,0,0.0
1690426929,58.95,58.95,58.95,58.95,0,0.0
1690426930,58.95,58.95,58.95,58.95,0,0.0
1690426931,58.95,58.95,58.95,58.95,0,0.0
1690426932,58.95,58.95,58.95,58.95,8400,495180.0
1690426933,58.95,58.95,58.95,58.95,0,0.0
1690426934,58.95,58.95,58.95,58.95,0,0.0
1690426935,58.95,58.95,58.95,58.95,0,0.0
1690426936,58.95,58.95,58.95,58.95,0,0.0
1690426937,58.95,58.95,58.95,58.95,0,0.0
1690426938,58.95,58.95,58.95,58.95,700,41265.0
1690426939,58.95,58.95,58.95,58.95,0,0.0
1690426940,58.95,58.95,58.95,58.95,300,17685.0
1690426941,58.96,58.96,58.96,58.96,100,5896.0
1690426942,58.96,58.96,58.96,58.96,0,0.0
1690426943,58.96,58.96,58.96,58.96,100,5896.0
1690426944,58.96,58.96,58.96,58.96,0,0.0
1690426945,58.96,58.96,58.96,58.96,0,0.0
1690426946,58.96,58.96,58.96,58.96,0,0.0
1690426947,58.96,58.96,58.96,58.96,0,0.0
1690426948,58.95,58.95,58.95,58.95,800,47160.0
1690426949,58.95,58.95,58.95,58.95,0,0.0
1690426950,58.95,58.95,58.95,58.95,0,0.0
1690426951,58.95,58.95,58.95,58.95,100,5895.0
1690426952,58.95,58.95,58.95,58.95,0,0.0
1690426953,58.95,58.95,58.95,58.95,0,0.0
1690426954,58.95,58.95,58.95,58.95,0,0.0
1690426955,58.95,58.95,58.95,58.95,0,0.0
1690426956,58.95,58.95,58.95,58.95,0,0.0
1690426957,58.95,58.95,58.95,58.95,0,0.0
1690426958,58.95,58.95,58.95,58.95,0,0.0
1690426959,58.95,58.95,58.95,58.95,1400,82530.0
1690426960,58.95,58.95,58.95,58.95,100,5895.0
1690426961,58.95,58.95,58.95,58.95,0,0.0
1690426962,58.96,58.96,58.95,58.95,700,41266.0
1690426963,58.95,58.95,58.95,58.95,0,0.0
1690426964,58.95,58.95,58.95,58.95,0,0.0
1690426965,58.95,58.95,58.95,58.95,0,0.0
1690426966,58.95,58.95,58.95,58.95,0,0.0
1690426967,58.95,58.95,58.95,58.95,100,5895.0
1690426968,58.95,58.95,58.95,58.95,0,0.0
1690426969,58.95,58.95,58.95,58.95,0,0.0
1690426970,58.95,58.95,58.95,58.95,300,17685.0
1690426971,58.95,58.95,58.95,58.95,0,0.0
1690426972,58.95,58.95,58.95,58.95,0,0.0
1690426973,58.95,58.95,58.95,58.95,0,0.0
1690426974,58.95,58.95,58.95,58.95,0,0.0
1690426975,58.96,58.96,58.96,58.96,400,23584.0
1690426976,58.96,58.96,58.96,58.96,0,0.0
1690426977,58.96,58.96,58.96,58.96,0,0.0
1690426978,58.96,58.96,58.96,58.96,100,5896.0
1690426979,58.96,58.96,58.96,58.96,0,0.0
1690426980,58.96,58.96,58.96,58.96,0,0.0
1690426981,58.95,58.95,58.95,58.95,400,23580.0
1690426982,58.95,58.95,58.95,58.95,0,0.0
1690426983,58.95,58.95,58.95,58.95,0,0.0
1690426984,58.96,58.96,58.96,58.96,100,5896.0
1690426985,58.96,58.96,58.96,58.96,0,0.0
1690426986,58.96,58.96,58.96,58.96,500,29480.0
1690426987,58.96,58.96,58.96,58.96,0,0.0
1690426988,58.96,58.96,58.96,58.96,0,0.0
1690426989,58.95,58.95,58.94,58.94,13200,778123.0
1690426990,58.94,58.94,58.94,58.94,0,0.0
1690426991,58.94,58.94,58.94,58.94,0,0.0
1690426992,58.94,58.94,58.94,58.94,0,0.0
1690426993,58.94,58.94,58.94,58.94,0,0.0
1690426994,58.94,58.94,58.93,58.93,6500,383091.0
1690426995,58.93,58.93,58.93,58.93,600,35358.0
1690426996,58.93,58.93,58.93,58.93,0,0.0
1690426997,58.94,58.94,58.94,58.94,2400,141456.0
1690426998,58.94,58.94,58.94,58.94,0,0.0
1690426999,58.94,58.94,58.94,58.94,0,0.0
1690427000,58.94,58.94,58.94,58.94,300,17682.0
1690427001,58.94,58.94,58.94,58.94,0,0.0
1690427002,58.94,58.94,58.94,58.94,2700,159138.0
1690427003,58.95,58.95,58.95,58.95,400,23580.0
1690427004,58.95,58.95,58.95,58.95,0,0.0
1690427005,58.95,58.95,58.95,58.95,0,0.0
1690427006,58.95,58.95,58.95,58.95,0,0.0
1690427007,58.95,58.95,58.95,58.95,0,0.0
1690427008,58.95,58.95,58.95,58.95,0,0.0
1690427009,58.95,58.95,58.95,58.95,0,0.0
1690427010,58.94,58.94,58.94,58.94,1000,58940.0
1690427011,58.94,58.94,58.94,58.94,0,0.0
1690427012,58.94,58.94,58.94,58.94,0,0.0
1690427013,58.94,58.94,58.94,58.94,0,0.0
1690427014,58.94,58.94,58.94,58.94,0,0.0
1690427015,58.94,58.94,58.94,58.94,0,0.0
1690427016,58.95,58.95,58.95,58.95,100,5895.0
1690427017,58.95,58.95,58.95,58.95,0,0.0
1690427018,58.95,58.95,58.95,58.95,0,0.0
1690427019,58.95,58.95,58.95,58.95,0,0.0
1690427020,58.95,58.95,58.95,58.95,0,0.0
1690427021,58.95,58.95,58.95,58.95,0,0.0
1690427022,58.95,58.95,58.95,58.95,300,17685.0
1690427023,58.95,58.95,58.95,58.95,0,0.0
1690427024,58.94,58.94,58.94,58.94,200,11788.0
1690427025,58.94,58.94,58.94,58.94,600,35364.0
1690427026,58.94,58.94,58.94,58.94,0,0.0
1690427027,58.94,58.94,58.94,58.94,0,0.0
1690427028,58.94,58.94,58.94,58.94,0,0.0
1690427029,58.94,58.94,58.94,58.94,0,0.0
1690427030,58.94,58.94,58.94,58.94,0,0.0
1690427031,58.94,58.94,58.94,58.94,0,0.0
1690427032,58.94,58.94,58.94,58.94,0,0.0
1690427033,58.94,58.94,58.94,58.94,0,0.0
1690427034,58.94,58.94,58.94,58.94,0,0.0
1690427035,58.94,58.94,58.94,58.94,0,0.0
1690427036,58.94,58.94,58.94,58.94,0,0.0
1690427037,58.94,58.94,58.94,58.94,0,0.0
1690427038,58.94,58.94,58.93,58.94,13200,777960.0
1690427039,58.94,58.94,58.94,58.94,0,0.0
1690427040,58.94,58.94,58.94,58.94,0,0.0
1690427041,58.94,58.94,58.94,58.94,0,0.0
1690427042,58.94,58.94,58.94,58.94,0,0.0
1690427043,58.94,58.94,58.94,58.94,100,5894.0
1690427044,58.94,58.94,58.94,58.94,0,0.0
1690427045,58.94,58.95,58.94,58.95,12100,713289.0
1690427046,58.95,58.95,58.95,58.95,800,47160.0
1690427047,58.95,58.95,58.95,58.95,0,0.0
1690427048,58.95,58.95,58.95,58.95,0,0.0
1690427049,58.95,58.95,58.95,58.95,300,17685.0
1690427050,58.95,58.95,58.95,58.95,0,0.0
1690427051,58.95,58.95,58.95,58.95,0,0.0
1690427052,58.95,58.95,58.95,58.95,200,11790.0
1690427053,58.95,58.95,58.95,58.95,0,0.0
1690427054,58.95,58.95,58.95,58.95,100,5895.0
1690427055,58.95,58.95,58.95,58.95,0,0.0
1690427056,58.95,58.95,58.95,58.95,0,0.0
1690427057,58.95,58.95,58.95,58.95,0,0.0
1690427058,58.95,58.95,58.95,58.95,0,0.0
1690427059,58.95,58.95,58.95,58.95,0,0.0
1690427060,58.95,58.95,58.95,58.95,0,0.0
1690427061,58.95,58.95,58.95,58.95,0,0.0
1690427062,58.95,58.95,58.95,58.95,0,0.0
1690427063,58.95,58.95,58.95,58.95,0,0.0
1690427064,58.95,58.95,58.95,58.95,0,0.0
1690427065,58.95,58.95,58.95,58.95,0,0.0
1690427066,58.95,58.95,58.95,58.95,0,0.0
1690427067,58.95,58.95,58.95,58.95,0,0.0
1690427068,58.95,58.95,58.95,58.95,0,0.0
1690427069,58.95,58.95,58.95,58.95,0,0.0
1690427070,58.95,58.95,58.95,58.95,0,0.0
1690427071,58.95,58.95,58.95,58.95,0,0.0
1690427072,58.95,58.95,58.95,58.95,1400,82530.0
1690427073,58.95,58.95,58.95,58.95,0,0.0
1690427074,58.95,58.95,58.95,58.95,0,0.0
1690427075,58.95,58.95,58.95,58.95,200,11790.0
1690427076,58.95,58.95,58.95,58.95,0,0.0
1690427077,58.95,58.95,58.95,58.95,0,0.0
1690427078,58.95,58.95,58.95,58.95,700,41265.0
1690427079,58.95,58.95,58.95,58.95,100,5895.0
1690427080,58.95,58.95,58.95,58.95,0,0.0
1690427081,58.95,58.95,58.95,58.95,0,0.0
1690427082,58.95,58.95,58.95,58.95,0,0.0
1690427083,58.95,58.95,58.95,58.95,0,0.0
1690427084,58.95,58.95,58.95,58.95,100,5895.0
1690427085,58.95,58.95,58.95,58.95,0,0.0
1690427086,58.95,58.95,58.95,58.95,0,0.0
1690427087,58.95,58.95,58.95,58.95,0,0.0
1690427088,58.95,58.95,58.95,58.95,0,0.0
1690427089,58.95,58.95,58.95,58.95,8000,471600.0
1690427090,58.95,58.95,58.95,58.95,0,0.0
1690427091,58.95,58.95,58.95,58.95,0,0.0
1690427092,58.95,58.95,58.95,58.95,0,0.0
1690427093,58.95,58.95,58.95,58.95,0,0.0
1690427094,58.95,58.95,58.95,58.95,400,23580.0
1690427095,58.95,58.95,58.95,58.95,0,0.0
1690427096,58.95,58.95,58.95,58.95,0,0.0
1690427097,58.95,58.95,58.95,58.95,0,0.0
1690427098,58.96,58.96,58.96,58.96,1800,106128.0
1690427099,58.96,58.96,58.96,58.96,0,0.0
1690427100,58.95,58.95,58.95,58.95,900,53055.0
1690427101,58.95,58.95,58.95,58.95,0,0.0
1690427102,58.95,58.95,58.95,58.95,0,0.0
1690427103,58.95,58.95,58.95,58.95,0,0.0
1690427104,58.95,58.95,58.95,58.95,0,0.0
1690427105,58.95,58.95,58.95,58.95,300,17685.0
1690427106,58.95,58.95,58.95,58.95,0,0.0
1690427107,58.95,58.95,58.95,58.95,1800,106110.0
1690427108,58.95,58.95,58.95,58.95,0,0.0
1690427109,58.95,58.95,58.95,58.95,0,0.0
1690427110,58.95,58.95,58.95,58.95,0,0.0
1690427111,58.95,58.95,58.95,58.95,0,0.0
1690427112,58.95,58.95,58.95,58.95,0,0.0
1690427113,58.95,58.95,58.95,58.95,100,5895.0
1690427114,58.95,58.95,58.95,58.95,0,0.0
1690427115,58.95,58.95,58.95,58.95,0,0.0
1690427116,58.95,58.95,58.95,58.95,0,0.0
1690427117,58.95,58.95,58.95,58.95,0,0.0
1690427118,58.96,58.96,58.96,58.96,200,11792.0
1690427119,58.96,58.96,58.96,58.96,0,0.0
1690427120,58.96,58.96,58.96,58.96,0,0.0
1690427121,58.96,58.96,58.96,58.96,0,0.0
1690427122,58.96,58.96,58.96,58.96,0,0.0
1690427123,58.96,58.96,58.96,58.96,0,0.0
1690427124,58.96,58.96,58.96,58.96,0,0.0
1690427125,58.96,58.96,58.96,58.96,0,0.0
1690427126,58.96,58.96,58.96,58.96,0,0.0
1690427127,58.96,58.96,58.96,58.96,0,0.0
1690427128,58.96,58.96,58.96,58.96,0,0.0
1690427129,58.95,58.95,58.95,58.95,1300,76635.0
1690427130,58.95,58.95,58.95,58.95,0,0.0
1690427131,58.95,58.95,58.95,58.95,0,0.0
1690427132,58.95,58.95,58.95,58.95,100,5895.0
1690427133,58.95,58.95,58.95,58.95,0,0.0
1690427134,58.95,58.95,58.95,58.95,0,0.0
1690427135,58.95,58.95,58.95,58.95,300,17685.0
1690427136,58.95,58.95,58.95,58.95,0,0.0
1690427137,58.95,58.95,58.95,58.95,0,0.0
1690427138,58.96,58.96,58.95,58.96,6600,389130.0
1690427139,58.96,58.96,58.96,58.96,0,0.0
1690427140,58.96,58.96,58.96,58.96,0,0.0
1690427141,58.96,58.96,58.96,58.96,0,0.0
1690427142,58.96,58.96,58.96,58.96,0,0.0
1690427143,58.96,58.96,58.96,58.96,0,0.0
1690427144,58.96,58.96,58.96,58.96,0,0.0
1690427145,58.96,58.96,58.96,58.96,0,0.0
1690427146,58.96,58.96,58.96,58.96,200,11792.0
1690427147,58.96,58.96,58.96,58.96,0,0.0
1690427148,58.96,58.96,58.96,58.96,100,5896.0
1690427149,58.96,58.96,58.96,58.96,5600,330176.0
1690427150,58.96,58.96,58.96,58.96,0,0.0
1690427151,58.96,58.96,58.96,58.96,0,0.0
1690427152,58.96,58.96,58.96,58.96,0,0.0
1690427153,58.96,58.96,58.96,58.96,0,0.0
1690427154,58.96,58.96,58.96,58.96,0,0.0
1690427155,58.96,58.96,58.96,58.96,0,0.0
1690427156,58.96,58.96,58.96,58.96,0,0.0
1690427157,58.96,58.96,58.96,58.96,0,0.0
1690427158,58.96,58.96,58.96,58.96,0,0.0
1690427159,58.96,58.96,58.96,58.96,0,0.0
1690427160,58.96,58.96,58.96,58.96,0,0.0
1690427161,58.96,58.96,58.96,58.96,0,0.0
1690427162,58.96,58.96,58.95,58.95,200,11791.0
1690427163,58.95,58.95,58.95,58.95,0,0.0
1690427164,58.95,58.95,58.95,58.95,0,0.0
1690427165,58.95,58.95,58.95,58.95,0,0.0
1690427166,58.95,58.95,58.95,58.95,0,0.0
1690427167,58.95,58.95,58.95,58.95,500,29475.0
1690427168,58.96,58.96,58.96,58.96,100,5896.0
1690427169,58.96,58.96,58.96,58.96,0,0.0
1690427170,58.96,58.96,58.96,58.96,0,0.0
1690427171,58.96,58.96,58.96,58.96,0,0.0
1690427172,58.96,58.96,58.96,58.96,100,5896.0
1690427173,58.96,58.96,58.96,58.96,0,0.0
1690427174,58.96,58.96,58.96,58.96,0,0.0
1690427175,58.96,58.96,58.96,58.96,800,47168.0
1690427176,58.96,58.96,58.96,58.96,0,0.0
1690427177,58.96,58.96,58.96,58.96,0,0.0
1690427178,58.96,58.97,58.96,58.97,6800,400954.0
1690427179,58.97,58.97,58.97,58.97,300,17691.0
1690427180,58.97,58.97,58.97,58.97,200,11794.0
1690427181,58.97,58.97,58.97,58.97,0,0.0
1690427182,58.97,58.97,58.97,58.97,0,0.0
1690427183,58.97,58.97,58.97,58.97,0,0.0
1690427184,58.97,58.97,58.97,58.97,0,0.0
1690427185,58.97,58.97,58.97,58.97,0,0.0
1690427186,58.97,58.97,58.97,58.97,0,0.0
1690427187,58.97,58.97,58.97,58.97,0,0.0
1690427188,58.97,58.97,58.97,58.97,0,0.0
1690427189,58.97,58.97,58.97,58.97,1000,58970.0
1690427190,58.97,58.97,58.97,58.97,0,0.0
1690427191,58.97,58.97,58.97,58.97,600,35382.0
1690427192,58.97,58.97,58.97,58.97,200,11794.0
1690427193,58.97,58.97,58.97,58.97,0,0.0
1690427194,58.97,58.97,58.97,58.97,0,0.0
1690427195,58.97,58.97,58.97,58.97,0,0.0
1690427196,58.97,58.97,58.97,58.97,0,0.0
1690427197,58.97,58.97,58.97,58.97,0,0.0
1690427198,58.97,58.97,58.97,58.97,0,0.0
1690427199,58.97,58.97,58.97,58.97,0,0.0
1690427200,58.97,58.97,58.97,58.97,0,0.0
1690427201,58.97,58.97,58.97,58.97,0,0.0
1690427202,58.97,58.97,58.97,58.97,0,0.0
1690427203,58.97,58.97,58.97,58.97,0,0.0
1690427204,58.97,58.97,58.97,58.97,0,0.0
1690427205,58.97,58.97,58.97,58.97,0,0.0
1690427206,58.97,58.97,58.97,58.97,0,0.0
1690427207,58.97,58.97,58.97,58.97,0,0.0
1690427208,58.98,58.98,58.98,58.98,400,23592.0
1690427209,58.98,58.98,58.98,58.98,0,0.0
1690427210,58.97,58.97,58.97,58.97,200,11794.0
1690427211,58.97,58.97,58.97,58.97,0,0.0
1690427212,58.97,58.97,58.97,58.97,0,0.0
1690427213,58.97,58.97,58.97,58.97,100,5897.0
1690427214,58.97,58.97,58.97,58.97,0,0.0
1690427215,58.97,58.97,58.97,58.97,0,0.0
1690427216,58.98,58.98,58.98,58.98,1200,70776.0
1690427217,58.98,58.98,58.98,58.98,0,0.0
1690427218,58.98,58.98,58.97,58.98,5600,330285.0
1690427219,58.98,58.98,58.98,58.98,200,11796.0
1690427220,58.98,58.98,58.98,58.98,0,0.0
1690427221,58.98,58.98,58.98,58.98,0,0.0
1690427222,58.98,58.98,58.98,58.98,1800,106164.0
1690427223,58.99,58.99,58.99,58.99,100,5899.0
1690427224,58.99,58.99,58.99,58.99,0,0.0
1690427225,58.99,58.99,58.99,58.99,0,0.0
1690427226,58.99,58.99,58.99,58.99,0,0.0
1690427227,58.98,58.98,58.98,58.98,200,11796.0
1690427228,58.98,58.98,58.98,58.98,0,0.0
1690427229,58.99,58.99,58.99,58.99,600,35394.0
1690427230,58.99,58.99,58.99,58.99,0,0.0
1690427231,58.99,58.99,58.99,58.99,0,0.0
1690427232,58.99,58.99,58.99,58.99,100,5899.0
1690427233,58.99,58.99,58.99,58.99,0,0.0
1690427234,58.99,58.99,58.99,58.99,0,0.0
1690427235,58.99,58.99,58.99,58.99,0,0.0
1690427236,58.99,58.99,58.99,58.99,0,0.0
1690427237,58.99,58.99,58.99,58.99,0,0.0
1690427238,58.99,58.99,58.99,58.99,300,17697.0
1690427239,58.99,58.99,58.99,58.99,0,0.0
1690427240,58.98,58.98,58.98,58.98,200,11796.0
1690427241,58.98,58.98,58.98,58.98,0,0.0
1690427242,58.99,58.99,58.99,58.99,400,23596.0
1690427243,58.98,58.98,58.98,58.98,200,11796.0
1690427244,58.98,58.98,58.98,58.98,0,0.0
1690427245,58.98,58.98,58.98,58.98,0,0.0
1690427246,58.98,58.98,58.98,58.98,0,0.0
1690427247,58.98,58.98,58.98,58.98,0,0.0
1690427248,58.99,58.99,58.99,58.99,500,29495.0
1690427249,58.99,58.99,58.99,58.99,0,0.0
1690427250,58.99,58.99,58.99,58.99,0,0.0
1690427251,58.99,58.99,58.99,58.99,0,0.0
1690427252,58.99,58.99,58.99,58.99,0,0.0
1690427253,58.99,58.99,58.99,58.99,0,0.0
1690427254,58.99,58.99,58.99,58.99,0,0.0
1690427255,58.99,58.99,58.99,58.99,0,0.0
1690427256,58.99,58.99,58.99,58.99,0,0.0
1690427257,58.99,58.99,58.99,58.99,600,35394.0
1690427258,58.99,58.99,58.99,58.99,2400,141576.0
1690427259,58.99,58.99,58.99,58.99,500,29495.0
1690427260,58.99,58.99,58.99,58.99,0,0.0
1690427261,58.99,58.99,58.99,58.99,0,0.0
1690427262,58.98,58.99,58.98,58.99,900,53086.0
1690427263,58.99,58.99,58.99,58.99,0,0.0
1690427264,58.99,58.99,58.99,58.99,100,5899.0
1690427265,58.99,58.99,58.99,58.99,1200,70788.0
1690427266,58.99,58.99,58.99,58.99,2700,159273.0
1690427267,58.99,59.0,58.99,58.99,1600,94388.0
1690427268,58.99,58.99,58.99,58.99,0,0.0
1690427269,58.99,58.99,58.99,58.99,0,0.0
1690427270,59.0,59.0,58.99,59.0,5200,306798.0
1690427271,59.0,59.0,59.0,59.0,0,0.0
1690427272,59.0,59.0,59.0,59.0,0,0.0
1690427273,59.0,59.0,59.0,59.0,0,0.0
1690427274,59.0,59.0,59.0,59.0,0,0.0
1690427275,59.0,59.0,59.0,59.0,300,17700.0
1690427276,59.0,59.0,59.0,59.0,0,0.0
1690427277,58.99,58.99,58.99,58.99,400,23596.0
1690427278,58.99,58.99,58.99,58.99,0,0.0
1690427279,58.99,58.99,58.99,58.99,0,0.0
1690427280,58.99,58.99,58.99,58.99,0,0.0
1690427281,59.0,59.0,59.0,59.0,100,5900.0
1690427282,59.0,59.0,59.0,59.0,0,0.0
1690427283,59.0,59.0,59.0,59.0,0,0.0
1690427284,59.0,59.0,59.0,59.0,0,0.0
1690427285,59.0,59.0,59.0,59.0,0,0.0
1690427286,59.0,59.0,59.0,59.0,1000,59000.0
1690427287,59.0,59.0,59.0,59.0,0,0.0
1690427288,59.0,59.0,59.0,59.0,0,0.0
1690427289,59.0,59.0,59.0,59.0,500,29500.0
1690427290,59.0,59.0,59.0,59.0,0,0.0
1690427291,59.0,59.0,59.0,59.0,0,0.0
1690427292,59.0,59.0,59.0,59.0,0,0.0
1690427293,59.0,59.0,59.0,59.0,0,0.0
1690427294,59.0,59.0,59.0,59.0,0,0.0
1690427295,59.0,59.0,59.0,59.0,0,0.0
1690427296,59.0,59.0,59.0,59.0,0,0.0
1690427297,59.0,59.0,59.0,59.0,800,47200.0
1690427298,59.0,59.0,59.0,59.0,0,0.0
1690427299,59.0,59.0,59.0,59.0,0,0.0
1690427300,59.0,59.0,59.0,59.0,200,11800.0
1690427301,59.0,59.0,59.0,59.0,0,0.0
1690427302,59.0,59.0,59.0,59.0,1200,70800.0
1690427303,59.0,59.0,59.0,59.0,0,0.0
1690427304,59.0,59.0,59.0,59.0,0,0.0
1690427305,59.0,59.0,59.0,59.0,0,0.0
1690427306,59.0,59.0,59.0,59.0,0,0.0
1690427307,59.0,59.0,59.0,59.0,0,0.0
1690427308,59.0,59.0,58.99,58.99,4300,253665.0
1690427309,58.99,58.99,58.99,58.99,0,0.0
1690427310,59.0,59.0,59.0,59.0,400,23600.0
1690427311,59.0,59.0,59.0,59.0,0,0.0
1690427312,59.0,59.0,59.0,59.0,0,0.0
1690427313,59.0,59.0,59.0,59.0,0,0.0
1690427314,59.0,59.0,59.0,59.0,0,0.0
1690427315,58.99,58.99,58.99,58.99,300,17697.0
1690427316,59.0,59.0,59.0,59.0,400,23600.0
1690427317,59.0,59.0,59.0,59.0,0,0.0
1690427318,59.0,59.0,59.0,59.0,0,0.0
1690427319,59.0,59.0,59.0,59.0,0,0.0
1690427320,59.0,59.0,59.0,59.0,0,0.0
1690427321,59.0,59.0,59.0,59.0,100,5900.0
1690427322,59.0,59.0,59.0,59.0,0,0.0
1690427323,59.0,59.0,59.0,59.0,0,0.0
1690427324,59.0,59.0,59.0,59.0,200,11800.0
1690427325,59.0,59.0,59.0,59.0,0,0.0
1690427326,59.0,59.0,59.0,59.0,0,0.0
1690427327,59.0,59.0,59.0,59.0,0,0.0
1690427328,59.0,59.0,59.0,59.0,0,0.0
1690427329,59.0,59.0,59.0,59.0,0,0.0
1690427330,59.0,59.0,59.0,59.0,0,0.0
1690427331,59.0,59.0,59.0,59.0,0,0.0
1690427332,58.99,58.99,58.97,58.97,22300,1315399.0
1690427333,58.97,58.97,58.97,58.97,0,0.0
1690427334,58.99,58.99,58.99,58.99,1000,58990.0
1690427335,58.99,58.99,58.99,58.99,0,0.0
1690427336,58.99,58.99,58.99,58.99,0,0.0
1690427337,58.99,58.99,58.99,58.99,0,0.0
1690427338,58.99,58.99,58.99,58.99,0,0.0
1690427339,58.99,58.99,58.99,58.99,0,0.0
1690427340,58.99,58.99,58.99,58.99,200,11798.0
1690427341,58.99,58.99,58.99,58.99,0,0.0
1690427342,58.99,58.99,58.99,58.99,0,0.0
1690427343,58.99,58.99,58.99,58.99,0,0.0
1690427344,58.99,58.99,58.99,58.99,0,0.0
1690427345,58.98,58.98,58.98,58.98,300,17694.0
1690427346,58.98,58.98,58.98,58.98,0,0.0
1690427347,58.98,58.98,58.98,58.98,0,0.0
1690427348,58.98,58.98,58.98,58.98,0,0.0
1690427349,58.98,58.98,58.98,58.98,0,0.0
1690427350,58.98,58.98,58.98,58.98,0,0.0
1690427351,58.98,58.98,58.98,58.98,0,0.0
1690427352,58.98,58.98,58.98,58.98,0,0.0
1690427353,58.98,58.98,58.98,58.98,0,0.0
1690427354,58.98,58.98,58.98,58.98,400,23592.0
1690427355,58.98,58.98,58.98,58.98,0,0.0
1690427356,58.98,58.98,58.98,58.98,0,0.0
1690427357,58.99,58.99,58.99,58.99,200,11798.0
1690427358,58.99,58.99,58.99,58.99,0,0.0
1690427359,58.99,58.99,58.99,58.99,0,0.0
1690427360,58.99,58.99,58.99,58.99,0,0.0
1690427361,58.99,58.99,58.99,58.99,0,0.0
1690427362,58.98,58.99,58.98,58.99,1700,100282.0
1690427363,58.99,58.99,58.99,58.99,0,0.0
1690427364,58.99,58.99,58.99,58.99,0,0.0
1690427365,58.99,58.99,58.99,58.99,0,0.0
1690427366,58.99,58.99,58.99,58.99,0,0.0
1690427367,58.99,58.99,58.99,58.99,0,0.0
1690427368,58.99,58.99,58.99,58.99,0,0.0
1690427369,58.99,58.99,58.99,58.99,0,0.0
1690427370,58.99,58.99,58.99,58.99,0,0.0
1690427371,58.99,58.99,58.99,58.99,0,0.0
1690427372,58.98,58.98,58.98,58.98,200,11796.0
1690427373,58.98,58.98,58.98,58.98,0,0.0
1690427374,58.98,58.98,58.98,58.98,0,0.0
1690427375,58.98,58.98,58.98,58.98,300,17694.0
1690427376,58.98,58.98,58.98,58.98,0,0.0
1690427377,58.98,58.98,58.98,58.98,0,0.0
1690427378,58.98,58.98,58.98,58.98,0,0.0
1690427379,58.98,58.98,58.98,58.98,0,0.0
1690427380,58.98,58.98,58.98,58.98,0,0.0
1690427381,58.99,58.99,58.99,58.99,100,5899.0
1690427382,58.99,58.99,58.99,58.99,0,0.0
1690427383,58.99,58.99,58.99,58.99,0,0.0
1690427384,58.98,58.98,58.98,58.98,1100,64878.0
1690427385,58.98,58.98,58.98,58.98,0,0.0
1690427386,58.98,58.98,58.98,58.98,0,0.0
1690427387,58.98,58.98,58.98,58.98,0,0.0
1690427388,58.99,58.99,58.99,58.99,1200,70788.0
1690427389,58.99,58.99,58.99,58.99,0,0.0
1690427390,58.99,58.99,58.99,58.99,0,0.0
1690427391,58.99,58.99,58.99,58.99,0,0.0
1690427392,58.99,58.99,58.99,58.99,2200,129778.0
1690427393,58.99,58.99,58.99,58.99,0,0.0
1690427394,58.99,58.99,58.99,58.99,0,0.0
1690427395,58.99,58.99,58.99,58.99,0,0.0
1690427396,58.99,58.99,58.99,58.99,0,0.0
1690427397,58.99,58.99,58.99,58.99,0,0.0
1690427398,58.99,58.99,58.99,58.99,0,0.0
1690427399,58.99,58.99,58.99,58.99,0,0.0
1690427400,58.99,58.99,58.99,58.99,0,0.0
1690427401,58.99,58.99,58.99,58.99,0,0.0
1690427402,58.98,58.98,58.98,58.98,100,5898.0
1690427403,58.98,58.98,58.98,58.98,0,0.0
1690427404,58.98,58.98,58.98,58.98,0,0.0
1690427405,58.99,58.99,58.98,58.98,900,53085.0
1690427406,58.98,58.98,58.98,58.98,0,0.0
1690427407,58.98,58.98,58.98,58.98,0,0.0
1690427408,58.99,58.99,58.99,58.99,1000,58990.0
1690427409,58.99,58.99,58.99,58.99,0,0.0
1690427410,58.99,58.99,58.99,58.99,0,0.0
1690427411,58.98,58.98,58.98,58.98,400,23592.0
1690427412,58.98,58.98,58.98,58.98,0,0.0
1690427413,58.98,58.98,58.98,58.98,100,5898.0
1690427414,58.98,58.98,58.98,58.98,0,0.0
1690427415,58.98,58.98,58.98,58.98,0,0.0
1690427416,58.98,58.98,58.98,58.98,0,0.0
1690427417,58.98,58.98,58.98,58.98,0,0.0
1690427418,58.98,58.98,58.98,58.98,0,0.0
1690427419,58.99,58.99,58.99,58.99,3900,230061.0
1690427420,58.99,58.99,58.99,58.99,0,0.0
1690427421,58.98,58.98,58.98,58.98,100,5898.0
1690427422,58.98,58.98,58.98,58.98,0,0.0
1690427423,58.98,58.98,58.98,58.98,0,0.0
1690427424,58.98,58.98,58.98,58.98,0,0.0
1690427425,58.98,58.98,58.98,58.98,0,0.0
1690427426,58.98,58.98,58.98,58.98,0,0.0
1690427427,58.98,58.98,58.98,58.98,0,0.0
1690427428,58.98,58.98,58.98,58.98,0,0.0
1690427429,58.98,58.98,58.98,58.98,0,0.0
1690427430,58.98,58.98,58.98,58.98,0,0.0
1690427431,58.98,58.98,58.98,58.98,0,0.0
1690427432,58.98,58.98,58.98,58.98,0,0.0
1690427433,58.98,58.98,58.98,58.98,0,0.0
1690427434,58.99,58.99,58.99,58.99,1700,100283.0
1690427435,58.99,58.99,58.99,58.99,500,29495.0
1690427436,58.99,58.99,58.99,58.99,0,0.0
1690427437,58.99,58.99,58.99,58.99,200,11798.0
1690427438,58.99,58.99,58.99,58.99,500,29495.0
1690427439,58.99,58.99,58.99,58.99,0,0.0
1690427440,58.99,58.99,58.99,58.99,0,0.0
1690427441,58.99,58.99,58.99,58.99,0,0.0
1690427442,58.99,58.99,58.99,58.99,0,0.0
1690427443,58.99,58.99,58.99,58.99,400,23596.0
1690427444,58.99,58.99,58.99,58.99,0,0.0
1690427445,58.99,58.99,58.99,58.99,0,0.0
1690427446,58.99,58.99,58.99,58.99,300,17697.0
1690427447,58.99,58.99,58.99,58.99,0,0.0
1690427448,58.99,58.99,58.99,58.99,1000,58990.0
1690427449,58.99,58.99,58.99,58.99,0,0.0
1690427450,58.98,58.98,58.98,58.98,300,17694.0
1690427451,58.98,58.98,58.98,58.98,0,0.0
1690427452,58.98,58.98,58.98,58.98,0,0.0
1690427453,58.99,58.99,58.98,58.98,600,35392.0
1690427454,58.98,58.98,58.98,58.98,0,0.0
1690427455,58.98,58.98,58.98,58.98,0,0.0
1690427456,58.98,58.98,58.98,58.98,0,0.0
1690427457,58.98,58.98,58.98,58.98,0,0.0
1690427458,58.98,58.98,58.98,58.98,0,0.0
1690427459,58.99,59.0,58.99,59.0,5900,348060.0
1690427460,59.0,59.0,59.0,59.0,0,0.0
1690427461,58.99,58.99,58.99,58.99,100,5899.0
1690427462,58.99,58.99,58.99,58.99,100,5899.0
1690427463,58.99,58.99,58.99,58.99,0,0.0
1690427464,58.99,58.99,58.99,58.99,0,0.0
1690427465,58.99,58.99,58.99,58.99,0,0.0
1690427466,58.99,58.99,58.99,58.99,0,0.0
1690427467,58.99,58.99,58.99,58.99,900,53091.0
1690427468,58.99,58.99,58.99,58.99,0,0.0
1690427469,58.99,58.99,58.98,58.98,200,11797.0
1690427470,58.98,58.98,58.98,58.98,0,0.0
1690427471,58.98,58.98,58.98,58.98,0,0.0
1690427472,58.98,58.98,58.98,58.98,0,0.0
1690427473,58.98,58.98,58.98,58.98,0,0.0
1690427474,58.98,58.98,58.98,58.98,0,0.0
1690427475,58.98,58.98,58.98,58.98,0,0.0
1690427476,58.98,58.98,58.98,58.98,0,0.0
1690427477,58.99,58.99,58.99,58.99,400,23596.0
1690427478,58.99,58.99,58.98,58.98,1300,76678.0
1690427479,58.98,58.98,58.98,58.98,0,0.0
1690427480,58.98,58.98,58.98,58.98,300,17694.0
1690427481,58.98,58.98,58.98,58.98,0,0.0
1690427482,58.98,58.98,58.98,58.98,0,0.0
1690427483,58.99,58.99,58.99,58.99,400,23596.0
1690427484,58.99,58.99,58.99,58.99,0,0.0
1690427485,58.99,58.99,58.99,58.99,0,0.0
1690427486,58.99,58.99,58.99,58.99,0,0.0
1690427487,58.99,58.99,58.99,58.99,0,0.0
1690427488,58.99,58.99,58.99,58.99,0,0.0
1690427489,58.99,58.99,58.99,58.99,0,0.0
1690427490,58.99,58.99,58.99,58.99,0,0.0
1690427491,58.99,58.99,58.99,58.99,0,0.0
1690427492,58.99,58.99,58.99,58.99,0,0.0
1690427493,58.99,58.99,58.99,58.99,0,0.0
1690427494,58.99,58.99,58.99,58.99,0,0.0
1690427495,58.99,58.99,58.99,58.99,0,0.0
1690427496,58.99,58.99,58.99,58.99,0,0.0
1690427497,58.99,58.99,58.99,58.99,0,0.0
1690427498,58.99,58.99,58.99,58.99,0,0.0
1690427499,58.99,58.99,58.99,58.99,0,0.0
1690427500,58.99,59.0,58.98,59.0,6100,359857.0
1690427501,59.0,59.0,59.0,59.0,0,0.0
1690427502,59.0,59.0,59.0,59.0,0,0.0
1690427503,59.0,59.0,59.0,59.0,0,0.0
1690427504,59.0,59.0,59.0,59.0,0,0.0
1690427505,59.0,59.0,59.0,59.0,0,0.0
1690427506,59.0,59.0,59.0,59.0,0,0.0
1690427507,59.0,59.0,59.0,59.0,0,0.0
1690427508,58.99,59.0,58.99,59.0,500,29499.0
1690427509,59.0,59.0,59.0,59.0,0,0.0
1690427510,58.99,58.99,58.99,58.99,600,35394.0
1690427511,58.99,58.99,58.99,58.99,0,0.0
1690427512,58.99,58.99,58.99,58.99,100,5899.0
1690427513,58.99,58.99,58.99,58.99,0,0.0
1690427514,58.99,58.99,58.99,58.99,0,0.0
1690427515,58.99,58.99,58.99,58.99,0,0.0
1690427516,58.99,58.99,58.99,58.99,0,0.0
1690427517,58.99,58.99,58.99,58.99,0,0.0
1690427518,59.0,59.0,59.0,59.0,6600,389400.0
1690427519,59.0,59.0,59.0,59.0,100,5900.0
1690427520,59.0,59.0,59.0,59.0,0,0.0
1690427521,59.0,59.0,59.0,59.0,0,0.0
1690427522,59.0,59.0,59.0,59.0,0,0.0
1690427523,59.0,59.0,59.0,59.0,1300,76700.0
1690427524,59.0,59.0,59.0,59.0,0,0.0
1690427525,59.0,59.0,59.0,59.0,0,0.0
1690427526,59.0,59.0,59.0,59.0,600,35400.0
1690427527,59.0,59.0,59.0,59.0,0,0.0
1690427528,59.0,59.0,59.0,59.0,0,0.0
1690427529,58.99,58.99,58.99,58.99,100,5899.0
1690427530,58.99,58.99,58.99,58.99,0,0.0
1690427531,59.0,59.0,59.0,59.0,200,11800.0
1690427532,58.99,58.99,58.99,58.99,100,5899.0
1690427533,58.99,58.99,58.99,58.99,0,0.0
1690427534,58.99,58.99,58.99,58.99,0,0.0
1690427535,58.99,58.99,58.99,58.99,400,23596.0
1690427536,58.99,58.99,58.99,58.99,0,0.0
1690427537,58.99,58.99,58.99,58.99,200,11798.0
1690427538,58.99,58.99,58.99,58.99,0,0.0
1690427539,58.99,58.99,58.99,58.99,0,0.0
1690427540,59.0,59.01,58.99,58.99,6100,359898.0
1690427541,58.99,58.99,58.99,58.99,0,0.0
1690427542,58.99,58.99,58.99,58.99,300,17697.0
1690427543,59.0,59.0,59.0,59.0,400,23600.0
1690427544,59.0,59.0,59.0,59.0,0,0.0
1690427545,59.0,59.0,59.0,59.0,0,0.0
1690427546,59.0,59.0,59.0,59.0,300,17700.0
1690427547,59.0,59.0,59.0,59.0,0,0.0
1690427548,59.0,59.0,59.0,59.0,1200,70800.0
1690427549,59.0,59.0,59.0,59.0,0,0.0
1690427550,59.0,59.0,59.0,59.0,0,0.0
1690427551,59.0,59.0,59.0,59.0,0,0.0
1690427552,59.0,59.0,59.0,59.0,0,0.0
1690427553,59.0,59.01,59.0,59.0,6200,365841.0
1690427554,59.0,59.0,59.0,59.0,0,0.0
1690427555,59.0,59.0,59.0,59.0,0,0.0
1690427556,59.0,59.0,59.0,59.0,0,0.0
1690427557,59.0,59.0,59.0,59.0,0,0.0
1690427558,59.0,59.0,59.0,59.0,0,0.0
1690427559,59.0,59.0,59.0,59.0,0,0.0
1690427560,59.0,59.0,59.0,59.0,0,0.0
1690427561,59.0,59.0,59.0,59.0,0,0.0
1690427562,59.0,59.0,59.0,59.0,0,0.0
1690427563,59.0,59.0,59.0,59.0,0,0.0
1690427564,59.0,59.0,59.0,59.0,0,0.0
1690427565,59.0,59.0,59.0,59.0,0,0.0
1690427566,59.0,59.0,59.0,59.0,0,0.0
1690427567,59.0,59.01,59.0,59.01,2500,147502.0
1690427568,59.01,59.01,59.01,59.01,0,0.0
1690427569,59.0,59.0,59.0,59.0,600,35400.0
1690427570,59.0,59.0,59.0,59.0,1100,64900.0
1690427571,59.0,59.0,59.0,59.0,0,0.0
1690427572,59.0,59.02,58.99,59.02,6700,395352.0
1690427573,59.0,59.0,59.0,59.0,100,5900.0
1690427574,59.0,59.0,59.0,59.0,0,0.0
1690427575,59.0,59.0,58.99,59.0,300,17699.0
1690427576,59.0,59.0,59.0,59.0,0,0.0
1690427577,59.0,59.0,59.0,59.0,0,0.0
1690427578,59.0,59.0,59.0,59.0,2700,159300.0
1690427579,59.0,59.0,59.0,59.0,0,0.0
1690427580,59.03,59.03,59.03,59.03,1500,88545.0
1690427581,59.04,59.04,59.04,59.04,6500,383760.0
1690427582,59.04,59.04,59.04,59.04,0,0.0
1690427583,59.04,59.04,59.04,59.04,800,47232.0
1690427584,59.04,59.04,59.04,59.04,0,0.0
1690427585,59.04,59.04,59.04,59.04,700,41328.0
1690427586,59.04,59.04,59.04,59.04,100,5904.0
1690427587,59.04,59.04,59.04,59.04,0,0.0
1690427588,59.04,59.05,59.04,59.05,1700,100374.0
1690427589,59.05,59.05,59.03,59.03,3300,194817.0
1690427590,59.03,59.03,59.03,59.03,0,0.0
1690427591,59.03,59.03,59.03,59.03,0,0.0
1690427592,59.03,59.03,59.03,59.03,0,0.0
1690427593,59.05,59.05,59.05,59.05,400,23620.0
1690427594,59.04,59.04,59.04,59.04,300,17712.0
1690427595,59.04,59.04,59.04,59.04,0,0.0
1690427596,59.04,59.04,59.04,59.04,0,0.0
1690427597,59.05,59.05,59.05,59.05,200,11810.0
1690427598,59.05,59.05,59.05,59.05,0,0.0
1690427599,59.04,59.04,59.04,59.04,700,41328.0
1690427600,59.04,59.04,59.04,59.04,0,0.0
1690427601,59.04,59.04,59.04,59.04,0,0.0
1690427602,59.04,59.04,59.04,59.04,0,0.0
1690427603,59.04,59.04,59.04,59.04,0,0.0
1690427604,59.04,59.04,59.04,59.04,0,0.0
1690427605,59.04,59.06,59.04,59.04,7300,431088.0
1690427606,59.04,59.04,59.04,59.04,0,0.0
1690427607,59.04,59.04,59.04,59.04,0,0.0
1690427608,59.04,59.04,59.04,59.04,0,0.0
1690427609,59.04,59.06,59.04,59.06,500,29522.0
1690427610,59.05,59.05,59.04,59.04,300,17714.0
1690427611,59.04,59.04,59.04,59.04,0,0.0
1690427612,59.04,59.04,59.04,59.04,100,5904.0
1690427613,59.06,59.06,59.06,59.06,100,5906.0
1690427614,59.06,59.06,59.06,59.06,0,0.0
1690427615,59.05,59.05,59.05,59.05,200,11810.0
1690427616,59.05,59.05,59.05,59.05,200,11810.0
1690427617,59.05,59.05,59.05,59.05,0,0.0
1690427618,59.06,59.06,59.06,59.06,1700,100402.0
1690427619,59.05,59.05,59.05,59.05,100,5905.0
1690427620,59.06,59.06,59.06,59.06,5600,330736.0
1690427621,59.06,59.06,59.05,59.05,1400,82672.0
1690427622,59.05,59.05,59.05,59.05,0,0.0
1690427623,59.06,59.06,59.06,59.06,400,23624.0
1690427624,59.05,59.05,59.05,59.05,300,17715.0
1690427625,59.05,59.05,59.05,59.05,0,0.0
1690427626,59.05,59.05,59.05,59.05,300,17715.0
1690427627,59.05,59.05,59.05,59.05,0,0.0
1690427628,59.05,59.05,59.05,59.05,0,0.0
1690427629,59.05,59.06,59.05,59.06,1900,112204.0
1690427630,59.06,59.06,59.06,59.06,0,0.0
1690427631,59.06,59.06,59.06,59.06,0,0.0
1690427632,59.06,59.06,59.06,59.06,0,0.0
1690427633,59.06,59.06,59.06,59.06,0,0.0
1690427634,59.05,59.06,59.05,59.06,2700,159436.0
1690427635,59.06,59.06,59.06,59.06,0,0.0
1690427636,59.06,59.06,59.06,59.06,600,35436.0
1690427637,59.05,59.05,59.05,59.05,300,17715.0
1690427638,59.05,59.05,59.05,59.05,0,0.0
1690427639,59.06,59.06,59.06,59.06,200,11812.0
1690427640,59.06,59.06,59.06,59.06,0,0.0
1690427641,59.06,59.06,59.06,59.06,0,0.0
1690427642,59.06,59.06,59.06,59.06,100,5906.0
1690427643,59.06,59.06,59.06,59.06,0,0.0
1690427644,59.06,59.06,59.06,59.06,0,0.0
1690427645,59.05,59.05,59.05,59.05,400,23620.0
1690427646,59.05,59.05,59.05,59.05,0,0.0
1690427647,59.06,59.06,59.06,59.06,700,41342.0
1690427648,59.06,59.06,59.06,59.06,0,0.0
1690427649,59.06,59.06,59.06,59.06,0,0.0
1690427650,59.06,59.06,59.06,59.06,0,0.0
1690427651,59.06,59.06,59.06,59.06,0,0.0
1690427652,59.06,59.06,59.06,59.06,0,0.0
1690427653,59.06,59.06,59.06,59.06,100,5906.0
1690427654,59.05,59.06,59.05,59.06,500,29529.0
1690427655,59.06,59.06,59.06,59.06,0,0.0
1690427656,59.06,59.06,59.06,59.06,0,0.0
1690427657,59.06,59.06,59.06,59.06,0,0.0
1690427658,59.05,59.05,59.05,59.05,100,5905.0
1690427659,59.05,59.05,59.05,59.05,0,0.0
1690427660,59.05,59.05,59.05,59.05,0,0.0
1690427661,59.06,59.07,59.06,59.07,4500,265776.0
1690427662,59.07,59.07,59.07,59.07,0,0.0
1690427663,59.06,59.06,59.06,59.06,400,23624.0
1690427664,59.05,59.05,59.05,59.05,1100,64955.0
1690427665,59.05,59.05,59.05,59.05,0,0.0
1690427666,59.05,59.05,59.05,59.05,9300,549165.0
1690427667,59.05,59.05,59.05,59.05,0,0.0
1690427668,59.05,59.05,59.05,59.05,0,0.0
1690427669,59.06,59.06,59.06,59.06,100,5906.0
1690427670,59.06,59.06,59.06,59.06,0,0.0
1690427671,59.06,59.06,59.06,59.06,0,0.0
1690427672,59.07,59.07,59.06,59.06,1400,82688.0
1690427673,59.06,59.06,59.06,59.06,0,0.0
1690427674,59.06,59.06,59.06,59.06,0,0.0
1690427675,59.06,59.06,59.06,59.06,200,11812.0
1690427676,59.06,59.06,59.06,59.06,0,0.0
1690427677,59.06,59.06,59.06,59.06,0,0.0
1690427678,59.06,59.06,59.06,59.06,300,17718.0
1690427679,59.06,59.06,59.06,59.06,0,0.0
1690427680,59.06,59.06,59.06,59.06,0,0.0
1690427681,59.06,59.06,59.06,59.06,0,0.0
1690427682,59.06,59.06,59.06,59.06,0,0.0
1690427683,59.07,59.07,59.07,59.07,100,5907.0
1690427684,59.07,59.07,59.07,59.07,0,0.0
1690427685,59.07,59.07,59.07,59.07,0,0.0
1690427686,59.07,59.07,59.07,59.07,0,0.0
1690427687,59.07,59.07,59.07,59.07,0,0.0
1690427688,59.06,59.06,59.06,59.06,400,23624.0
1690427689,59.06,59.06,59.06,59.06,400,23624.0
1690427690,59.06,59.06,59.06,59.06,0,0.0
1690427691,59.06,59.06,59.06,59.06,600,35436.0
1690427692,59.06,59.06,59.06,59.06,0,0.0
1690427693,59.06,59.06,59.06,59.06,0,0.0
1690427694,59.06,59.06,59.06,59.06,400,23624.0
1690427695,59.06,59.06,59.06,59.06,0,0.0
1690427696,59.06,59.06,59.06,59.06,0,0.0
1690427697,59.06,59.06,59.06,59.06,200,11812.0
1690427698,59.05,59.05,59.05,59.05,100,5905.0
1690427699,59.05,59.05,59.05,59.05,0,0.0
1690427700,59.06,59.07,59.06,59.07,18400,1086883.0
1690427701,59.07,59.07,59.07,59.07,0,0.0
1690427702,59.06,59.06,59.06,59.06,1100,64966.0
1690427703,59.06,59.06,59.06,59.06,0,0.0
1690427704,59.06,59.06,59.06,59.06,0,0.0
1690427705,59.06,59.06,59.06,59.06,3900,230334.0
1690427706,59.06,59.06,59.06,59.06,0,0.0
1690427707,59.06,59.06,59.06,59.06,200,11812.0
1690427708,59.06,59.06,59.06,59.06,0,0.0
1690427709,59.06,59.06,59.06,59.06,0,0.0
1690427710,59.06,59.06,59.06,59.06,0,0.0
1690427711,59.06,59.06,59.06,59.06,0,0.0
1690427712,59.06,59.06,59.06,59.06,0,0.0
1690427713,59.06,59.06,59.06,59.06,0,0.0
1690427714,59.06,59.06,59.06,59.06,0,0.0
1690427715,59.06,59.06,59.06,59.06,0,0.0
1690427716,59.06,59.06,59.06,59.06,0,0.0
1690427717,59.06,59.06,59.06,59.06,0,0.0
1690427718,59.05,59.05,59.05,59.05,500,29525.0
1690427719,59.06,59.06,59.06,59.06,400,23624.0
1690427720,59.05,59.05,59.05,59.05,300,17715.0
1690427721,59.06,59.06,59.06,59.06,300,17718.0
1690427722,59.06,59.06,59.06,59.06,0,0.0
1690427723,59.05,59.05,59.05,59.05,100,5905.0
1690427724,59.05,59.05,59.05,59.05,200,11810.0
1690427725,59.05,59.05,59.05,59.05,0,0.0
1690427726,59.05,59.05,59.05,59.05,200,11810.0
1690427727,59.05,59.05,59.05,59.05,0,0.0
1690427728,59.05,59.05,59.05,59.05,0,0.0
1690427729,59.06,59.06,59.06,59.06,100,5906.0
1690427730,59.06,59.06,59.06,59.06,0,0.0
1690427731,59.06,59.06,59.06,59.06,0,0.0
1690427732,59.06,59.06,59.06,59.06,0,0.0
1690427733,59.06,59.06,59.06,59.06,0,0.0
1690427734,59.06,59.06,59.05,59.06,1200,70869.0
1690427735,59.06,59.06,59.06,59.06,0,0.0
1690427736,59.06,59.06,59.06,59.06,0,0.0
1690427737,59.05,59.05,59.05,59.05,200,11810.0
1690427738,59.05,59.05,59.05,59.05,0,0.0
1690427739,59.05,59.05,59.05,59.05,0,0.0
1690427740,59.05,59.05,59.05,59.05,600,35430.0
1690427741,59.05,59.05,59.05,59.05,0,0.0
1690427742,59.05,59.05,59.05,59.05,200,11810.0
1690427743,59.05,59.05,59.05,59.05,0,0.0
1690427744,59.05,59.05,59.05,59.05,0,0.0
1690427745,59.06,59.06,59.06,59.06,400,23624.0
1690427746,59.06,59.06,59.06,59.06,0,0.0
1690427747,59.05,59.06,59.05,59.06,600,35434.0
1690427748,59.06,59.06,59.06,59.06,0,0.0
1690427749,59.06,59.06,59.06,59.06,0,0.0
1690427750,59.05,59.05,59.05,59.05,600,35430.0
1690427751,59.05,59.05,59.05,59.05,0,0.0
1690427752,59.05,59.05,59.05,59.05,0,0.0
1690427753,59.06,59.06,59.06,59.06,1000,59060.0
1690427754,59.05,59.05,59.05,59.05,200,11810.0
1690427755,59.05,59.05,59.05,59.05,0,0.0
1690427756,59.06,59.06,59.06,59.06,3000,177180.0
1690427757,59.06,59.06,59.06,59.06,0,0.0
1690427758,59.05,59.05,59.05,59.05,100,5905.0
1690427759,59.05,59.05,59.05,59.05,0,0.0
1690427760,59.05,59.05,59.05,59.05,0,0.0
1690427761,59.05,59.05,59.05,59.05,0,0.0
1690427762,59.05,59.05,59.05,59.05,0,0.0
1690427763,59.05,59.05,59.05,59.05,0,0.0
1690427764,59.05,59.05,59.05,59.05,500,29525.0
1690427765,59.05,59.05,59.05,59.05,0,0.0
1690427766,59.05,59.05,59.05,59.05,0,0.0
1690427767,59.06,59.06,59.06,59.06,200,11812.0
1690427768,59.06,59.06,59.06,59.06,0,0.0
1690427769,59.06,59.06,59.06,59.06,400,23624.0
1690427770,59.06,59.06,59.06,59.06,500,29530.0
1690427771,59.06,59.06,59.06,59.06,0,0.0
1690427772,59.06,59.06,59.06,59.06,0,0.0
1690427773,59.06,59.06,59.06,59.06,0,0.0
1690427774,59.05,59.05,59.05,59.05,600,35430.0
1690427775,59.06,59.06,59.06,59.06,200,11812.0
1690427776,59.06,59.06,59.06,59.06,0,0.0
1690427777,59.06,59.06,59.06,59.06,0,0.0
1690427778,59.06,59.06,59.06,59.06,0,0.0
1690427779,59.06,59.06,59.05,59.05,700,41339.0
1690427780,59.05,59.05,59.05,59.05,300,17715.0
1690427781,59.05,59.05,59.05,59.05,0,0.0
1690427782,59.05,59.05,59.05,59.05,0,0.0
1690427783,59.05,59.07,59.05,59.07,900,53152.0
1690427784,59.07,59.07,59.07,59.07,0,0.0
1690427785,59.07,59.07,59.07,59.07,0,0.0
1690427786,59.07,59.07,59.07,59.07,1900,112233.0
1690427787,59.07,59.07,59.07,59.07,0,0.0
1690427788,59.06,59.06,59.05,59.05,1400,82671.0
1690427789,59.05,59.06,59.05,59.06,200,11811.0
1690427790,59.06,59.06,59.06,59.06,0,0.0
1690427791,59.06,59.06,59.06,59.06,200,11812.0
1690427792,59.06,59.06,59.06,59.06,0,0.0
1690427793,59.06,59.07,59.06,59.07,500,29531.0
1690427794,59.06,59.06,59.06,59.06,400,23624.0
1690427795,59.06,59.06,59.06,59.06,0,0.0
1690427796,59.06,59.06,59.06,59.06,0,0.0
1690427797,59.06,59.06,59.06,59.06,0,0.0
1690427798,59.06,59.06,59.06,59.06,800,47248.0
1690427799,59.06,59.06,59.06,59.06,200,11812.0
1690427800,59.06,59.06,59.06,59.06,0,0.0
1690427801,59.06,59.06,59.06,59.06,0,0.0
1690427802,59.06,59.06,59.06,59.06,200,11812.0
1690427803,59.06,59.06,59.06,59.06,0,0.0
1690427804,59.05,59.07,59.05,59.07,800,47248.0
1690427805,59.05,59.05,59.05,59.05,9000,531450.0
1690427806,59.05,59.05,59.05,59.05,100,5905.0
1690427807,59.05,59.07,59.04,59.04,29900,1765575.0
1690427808,59.05,59.05,59.05,59.05,100,5905.0
1690427809,59.01,59.04,59.01,59.04,300,17709.0
1690427810,59.04,59.05,59.0,59.05,4700,277413.0
1690427811,59.05,59.05,59.05,59.05,0,0.0
1690427812,59.0,59.0,59.0,59.0,600,35400.0
1690427813,59.02,59.05,59.02,59.02,5200,306959.0
1690427814,59.02,59.02,59.02,59.02,0,0.0
1690427815,59.02,59.02,59.02,59.02,0,0.0
1690427816,59.01,59.01,59.0,59.0,300,17701.0
1690427817,59.0,59.0,59.0,59.0,0,0.0
1690427818,59.0,59.0,59.0,59.0,900,53100.0
1690427819,59.0,59.0,59.0,59.0,0,0.0
1690427820,59.0,59.0,59.0,59.0,0,0.0
1690427821,59.02,59.06,59.02,59.05,6400,377799.0
1690427822,59.05,59.05,59.05,59.05,0,0.0
1690427823,59.05,59.05,59.05,59.05,0,0.0
1690427824,59.02,59.02,59.02,59.02,600,35412.0
1690427825,59.02,59.02,59.02,59.02,0,0.0
1690427826,59.02,59.02,59.02,59.02,0,0.0
1690427827,59.02,59.02,59.02,59.02,0,0.0
1690427828,59.02,59.02,59.02,59.02,0,0.0
1690427829,59.03,59.03,59.03,59.03,1000,59030.0
1690427830,59.03,59.03,59.03,59.03,0,0.0
1690427831,59.03,59.03,59.03,59.03,0,0.0
1690427832,59.03,59.03,59.03,59.03,0,0.0
1690427833,59.05,59.05,59.05,59.05,200,11810.0
1690427834,59.03,59.03,59.03,59.03,400,23612.0
1690427835,59.03,59.03,59.03,59.03,0,0.0
1690427836,59.03,59.03,59.03,59.03,0,0.0
1690427837,59.03,59.03,59.03,59.03,0,0.0
1690427838,59.03,59.03,59.03,59.03,0,0.0
1690427839,59.03,59.03,59.03,59.03,0,0.0
1690427840,59.03,59.03,59.03,59.03,0,0.0
1690427841,59.03,59.03,59.03,59.03,0,0.0
1690427842,59.03,59.03,59.03,59.03,0,0.0
1690427843,59.03,59.03,59.03,59.03,0,0.0
1690427844,59.03,59.03,59.03,59.03,0,0.0
1690427845,59.03,59.03,59.03,59.03,0,0.0
1690427846,59.03,59.03,59.03,59.03,0,0.0
1690427847,59.03,59.03,59.03,59.03,0,0.0
1690427848,59.03,59.03,59.03,59.03,0,0.0
1690427849,59.03,59.03,59.03,59.03,0,0.0
1690427850,59.04,59.04,59.04,59.04,100,5904.0
1690427851,59.04,59.04,59.04,59.04,0,0.0
1690427852,59.04,59.04,59.04,59.04,0,0.0
1690427853,59.03,59.04,59.03,59.04,300,17710.0
1690427854,59.04,59.04,59.04,59.04,0,0.0
1690427855,59.04,59.04,59.04,59.04,300,17712.0
1690427856,59.04,59.04,59.04,59.04,0,0.0
1690427857,59.04,59.04,59.04,59.04,0,0.0
1690427858,59.04,59.04,59.04,59.04,0,0.0
1690427859,59.04,59.04,59.04,59.04,1700,100368.0
1690427860,59.04,59.04,59.04,59.04,0,0.0
1690427861,59.06,59.06,59.06,59.06,4100,242146.0
1690427862,59.06,59.07,59.06,59.07,1500,88594.0
1690427863,59.07,59.07,59.07,59.07,0,0.0
1690427864,59.06,59.07,59.06,59.07,2100,124046.0
1690427865,59.07,59.07,59.07,59.07,0,0.0
1690427866,59.07,59.07,59.07,59.07,300,17721.0
1690427867,59.07,59.07,59.06,59.06,1600,94497.0
1690427868,59.06,59.06,59.06,59.06,800,47248.0
1690427869,59.06,59.06,59.06,59.06,0,0.0
1690427870,59.07,59.07,59.07,59.07,1100,64977.0
1690427871,59.07,59.07,59.07,59.07,0,0.0
1690427872,59.07,59.07,59.07,59.07,0,0.0
1690427873,59.07,59.07,59.07,59.07,0,0.0
1690427874,59.07,59.07,59.07,59.07,0,0.0
1690427875,59.07,59.07,59.07,59.07,0,0.0
1690427876,59.07,59.07,59.07,59.07,0,0.0
1690427877,59.07,59.07,59.07,59.07,300,17721.0
1690427878,59.07,59.07,59.07,59.07,0,0.0
1690427879,59.07,59.07,59.07,59.07,0,0.0
1690427880,59.06,59.06,59.06,59.06,300,17718.0
1690427881,59.06,59.06,59.06,59.06,0,0.0
1690427882,59.07,59.07,59.07,59.07,100,5907.0
1690427883,59.07,59.07,59.07,59.07,0,0.0
1690427884,59.07,59.07,59.07,59.07,0,0.0
1690427885,59.07,59.07,59.06,59.06,900,53160.0
1690427886,59.06,59.06,59.06,59.06,0,0.0
1690427887,59.06,59.06,59.06,59.06,0,0.0
1690427888,59.07,59.07,59.07,59.07,1200,70884.0
1690427889,59.06,59.07,59.06,59.07,600,35440.0
1690427890,59.07,59.07,59.07,59.07,0,0.0
1690427891,59.07,59.07,59.07,59.07,0,0.0
1690427892,59.07,59.07,59.07,59.07,0,0.0
1690427893,59.06,59.06,59.06,59.06,500,29530.0
1690427894,59.06,59.06,59.06,59.06,0,0.0
1690427895,59.06,59.06,59.06,59.06,0,0.0
1690427896,59.07,59.07,59.07,59.07,100,5907.0
1690427897,59.07,59.07,59.07,59.07,0,0.0
1690427898,59.07,59.07,59.07,59.07,0,0.0
1690427899,59.07,59.08,59.07,59.08,600,35447.0
1690427900,59.08,59.08,59.08,59.08,0,0.0
1690427901,59.08,59.08,59.08,59.08,3500,206780.0
1690427902,59.08,59.08,59.08,59.08,3700,218596.0
1690427903,59.08,59.08,59.08,59.08,0,0.0
1690427904,59.07,59.07,59.07,59.07,1500,88605.0
1690427905,59.07,59.07,59.07,59.07,1500,88605.0
1690427906,59.07,59.07,59.07,59.07,0,0.0
1690427907,59.07,59.07,59.07,59.07,0,0.0
1690427908,59.07,59.07,59.07,59.07,0,0.0
1690427909,59.07,59.07,59.07,59.07,0,0.0
1690427910,59.09,59.09,59.09,59.09,100,5909.0
1690427911,59.09,59.09,59.09,59.09,0,0.0
1690427912,59.09,59.12,59.09,59.12,77220,4563509.0
1690427913,59.1,59.1,59.09,59.09,1800,106364.80000001192
1690427914,59.09,59.09,59.09,59.09,0,0.0
1690427915,59.1,59.1,59.09,59.09,800,47274.0
1690427916,59.09,59.09,59.09,59.09,0,0.0
1690427917,59.09,59.09,59.09,59.09,0,0.0
1690427918,59.1,59.11,59.1,59.11,500,29554.0
1690427919,59.11,59.11,59.11,59.11,0,0.0
1690427920,59.11,59.11,59.11,59.11,400,23644.0
1690427921,59.11,59.11,59.11,59.11,400,23644.0
1690427922,59.11,59.11,59.11,59.11,0,0.0
1690427923,59.11,59.11,59.11,59.11,0,0.0
1690427924,59.11,59.11,59.11,59.11,0,0.0
1690427925,59.1,59.1,59.1,59.1,900,53190.0
1690427926,59.1,59.1,59.1,59.1,0,0.0
1690427927,59.1,59.1,59.1,59.1,0,0.0
1690427928,59.1,59.1,59.1,59.1,0,0.0
1690427929,59.1,59.1,59.1,59.1,200,11820.0
1690427930,59.1,59.1,59.1,59.1,0,0.0
1690427931,59.1,59.1,59.1,59.1,0,0.0
1690427932,59.11,59.11,59.11,59.11,1100,65021.0
1690427933,59.11,59.11,59.11,59.11,0,0.0
1690427934,59.1,59.11,59.1,59.11,600,35465.0
1690427935,59.11,59.11,59.11,59.11,0,0.0
1690427936,59.11,59.11,59.1,59.1,1200,70930.0
1690427937,59.1,59.1,59.1,59.1,300,17730.0
1690427938,59.1,59.1,59.1,59.1,0,0.0
1690427939,59.1,59.1,59.1,59.1,0,0.0
1690427940,59.11,59.12,59.11,59.12,200,11823.0
1690427941,59.12,59.12,59.12,59.12,0,0.0
1690427942,59.12,59.12,59.11,59.11,7000,413837.0
1690427943,59.11,59.11,59.11,59.11,0,0.0
1690427944,59.11,59.11,59.11,59.11,100,5911.0
1690427945,59.11,59.11,59.11,59.11,300,17733.0
1690427946,59.11,59.11,59.11,59.11,0,0.0
1690427947,59.11,59.11,59.11,59.11,0,0.0
1690427948,59.11,59.11,59.11,59.11,0,0.0
1690427949,59.11,59.11,59.11,59.11,0,0.0
1690427950,59.11,59.11,59.11,59.11,0,0.0
1690427951,59.11,59.11,59.11,59.11,200,11822.0
1690427952,59.11,59.11,59.11,59.11,0,0.0
1690427953,59.12,59.12,59.12,59.12,100,5912.0
1690427954,59.12,59.12,59.12,59.12,0,0.0
1690427955,59.11,59.12,59.11,59.12,1500,88669.0
1690427956,59.12,59.12,59.12,59.12,0,0.0
1690427957,59.12,59.12,59.12,59.12,0,0.0
1690427958,59.12,59.12,59.12,59.12,500,29560.0
1690427959,59.11,59.11,59.11,59.11,300,17733.0
1690427960,59.11,59.11,59.11,59.11,0,0.0
1690427961,59.11,59.11,59.11,59.11,0,0.0
1690427962,59.11,59.11,59.11,59.11,0,0.0
1690427963,59.11,59.11,59.11,59.11,4600,271906.0
1690427964,59.11,59.12,59.11,59.12,200,11823.0
1690427965,59.12,59.12,59.12,59.12,0,0.0
1690427966,59.11,59.11,59.11,59.11,800,47288.0
1690427967,59.12,59.12,59.12,59.12,100,5912.0
1690427968,59.1,59.1,59.1,59.1,600,35460.0
1690427969,59.1,59.1,59.1,59.1,9400,555540.0
1690427970,59.1,59.1,59.1,59.1,0,0.0
1690427971,59.1,59.1,59.1,59.1,0,0.0
1690427972,59.1,59.1,59.1,59.1,0,0.0
1690427973,59.1,59.1,59.1,59.1,0,0.0
1690427974,59.1,59.1,59.1,59.1,0,0.0
1690427975,59.09,59.09,59.09,59.09,100,5909.0
1690427976,59.09,59.09,59.09,59.09,0,0.0
1690427977,59.09,59.09,59.08,59.09,6500,384071.0
1690427978,59.09,59.09,59.09,59.09,3700,218633.0
1690427979,59.09,59.09,59.09,59.09,0,0.0
1690427980,59.09,59.09,59.09,59.09,100,5909.0
1690427981,59.09,59.09,59.09,59.09,0,0.0
1690427982,59.1,59.1,59.1,59.1,1400,82740.0
1690427983,59.1,59.1,59.1,59.1,0,0.0
1690427984,59.1,59.1,59.1,59.1,0,0.0
1690427985,59.07,59.07,59.07,59.07,100,5907.0
1690427986,59.07,59.07,59.07,59.07,900,53163.0
1690427987,59.08,59.08,59.07,59.07,600,35443.0
1690427988,59.07,59.07,59.07,59.07,0,0.0
1690427989,59.07,59.07,59.07,59.07,0,0.0
1690427990,59.07,59.07,59.07,59.07,200,11814.0
1690427991,59.07,59.07,59.07,59.07,0,0.0
1690427992,59.07,59.07,59.07,59.07,0,0.0
1690427993,59.08,59.08,59.07,59.07,600,35444.0
1690427994,59.07,59.07,59.07,59.07,0,0.0
1690427995,59.07,59.07,59.07,59.07,0,0.0
1690427996,59.07,59.07,59.07,59.07,0,0.0
1690427997,59.09,59.09,59.09,59.09,100,5909.0
1690427998,59.09,59.09,59.09,59.09,0,0.0
1690427999,59.07,59.07,59.07,59.07,100,5907.0
1690428000,59.07,59.07,59.07,59.07,0,0.0
1690428001,59.07,59.07,59.07,59.07,300,17721.0
1690428002,59.07,59.07,59.07,59.07,100,5907.0
1690428003,59.07,59.07,59.07,59.07,0,0.0
1690428004,59.07,59.07,59.07,59.07,400,23628.0
1690428005,59.07,59.07,59.07,59.07,0,0.0
1690428006,59.07,59.07,59.07,59.07,600,35442.0
1690428007,59.07,59.07,59.07,59.07,0,0.0
1690428008,59.07,59.07,59.07,59.07,0,0.0
1690428009,59.07,59.07,59.07,59.07,0,0.0
1690428010,59.07,59.07,59.07,59.07,0,0.0
1690428011,59.07,59.07,59.07,59.07,0,0.0
1690428012,59.08,59.08,59.07,59.07,5000,295363.0
1690428013,59.07,59.07,59.07,59.07,0,0.0
1690428014,59.07,59.07,59.07,59.07,0,0.0
1690428015,59.07,59.07,59.07,59.07,900,53163.0
1690428016,59.07,59.07,59.07,59.07,0,0.0
1690428017,59.07,59.07,59.07,59.07,0,0.0
1690428018,59.07,59.07,59.07,59.07,0,0.0
1690428019,59.07,59.07,59.07,59.07,0,0.0
1690428020,59.08,59.08,59.07,59.07,300,17722.0
1690428021,59.07,59.07,59.07,59.07,0,0.0
1690428022,59.07,59.07,59.07,59.07,0,0.0
1690428023,59.07,59.07,59.07,59.07,0,0.0
1690428024,59.07,59.07,59.07,59.07,600,35442.0
1690428025,59.07,59.07,59.07,59.07,300,17721.0
1690428026,59.07,59.07,59.07,59.07,0,0.0
1690428027,59.07,59.07,59.07,59.07,0,0.0
1690428028,59.07,59.07,59.07,59.07,600,35442.0
1690428029,59.08,59.08,59.07,59.07,600,35443.0
1690428030,59.07,59.07,59.07,59.07,0,0.0
1690428031,59.07,59.07,59.07,59.07,0,0.0
1690428032,59.07,59.07,59.07,59.07,0,0.0
1690428033,59.07,59.07,59.07,59.07,600,35442.0
1690428034,59.07,59.07,59.07,59.07,200,11814.0
1690428035,59.07,59.07,59.07,59.07,0,0.0
1690428036,59.07,59.07,59.07,59.07,0,0.0
1690428037,59.07,59.08,59.07,59.08,3100,183118.0
1690428038,59.08,59.08,59.08,59.08,0,0.0
1690428039,59.07,59.07,59.07,59.07,500,29535.0
1690428040,59.07,59.07,59.07,59.07,0,0.0
1690428041,59.07,59.07,59.07,59.07,0,0.0
1690428042,59.08,59.08,59.08,59.08,100,5908.0
1690428043,59.08,59.08,59.08,59.08,0,0.0
1690428044,59.08,59.08,59.08,59.08,0,0.0
1690428045,59.07,59.07,59.07,59.07,100,5907.0
1690428046,59.07,59.07,59.07,59.07,0,0.0
1690428047,59.07,59.07,59.07,59.07,0,0.0
1690428048,59.07,59.07,59.07,59.07,0,0.0
1690428049,59.07,59.07,59.07,59.07,0,0.0
1690428050,59.07,59.07,59.07,59.07,200,11814.0
1690428051,59.07,59.07,59.07,59.07,0,0.0
1690428052,59.07,59.07,59.07,59.07,0,0.0
1690428053,59.07,59.07,59.07,59.07,0,0.0
1690428054,59.07,59.07,59.07,59.07,0,0.0
1690428055,59.07,59.07,59.07,59.07,0,0.0
1690428056,59.07,59.07,59.07,59.07,0,0.0
1690428057,59.07,59.07,59.07,59.07,0,0.0
1690428058,59.07,59.07,59.07,59.07,100,5907.0
1690428059,59.07,59.07,59.07,59.07,0,0.0
1690428060,59.07,59.07,59.07,59.07,0,0.0
1690428061,59.07,59.07,59.07,59.07,0,0.0
1690428062,59.07,59.07,59.07,59.07,0,0.0
1690428063,59.07,59.07,59.07,59.07,0,0.0
1690428064,59.08,59.08,59.08,59.08,100,5908.0
1690428065,59.08,59.08,59.08,59.08,0,0.0
1690428066,59.08,59.08,59.08,59.08,500,29540.0
1690428067,59.08,59.08,59.08,59.08,0,0.0
1690428068,59.08,59.08,59.08,59.08,800,47264.0
1690428069,59.08,59.08,59.08,59.08,100,5908.0
1690428070,59.08,59.08,59.08,59.08,0,0.0
1690428071,59.08,59.08,59.08,59.08,100,5908.0
1690428072,59.09,59.09,59.09,59.09,1700,100453.0
1690428073,59.09,59.09,59.09,59.09,0,0.0
1690428074,59.09,59.09,59.09,59.09,0,0.0
1690428075,59.09,59.09,59.09,59.09,0,0.0
1690428076,59.08,59.08,59.08,59.08,200,11816.0
1690428077,59.08,59.08,59.08,59.08,0,0.0
1690428078,59.08,59.08,59.08,59.08,0,0.0
1690428079,59.08,59.08,59.08,59.08,700,41356.0
1690428080,59.08,59.08,59.08,59.08,200,11816.0
1690428081,59.08,59.08,59.08,59.08,0,0.0
1690428082,59.08,59.08,59.08,59.08,0,0.0
1690428083,59.08,59.08,59.07,59.07,15600,921546.0
1690428084,59.07,59.07,59.07,59.07,0,0.0
1690428085,59.07,59.07,59.07,59.07,0,0.0
1690428086,59.07,59.07,59.07,59.07,0,0.0
1690428087,59.07,59.07,59.07,59.07,0,0.0
1690428088,59.08,59.08,59.08,59.08,100,5908.0
1690428089,59.08,59.08,59.08,59.08,0,0.0
1690428090,59.08,59.08,59.08,59.08,0,0.0
1690428091,59.08,59.08,59.08,59.08,0,0.0
1690428092,59.08,59.08,59.08,59.08,0,0.0
1690428093,59.07,59.07,59.07,59.07,100,5907.0
1690428094,59.07,59.07,59.07,59.07,0,0.0
1690428095,59.07,59.07,59.07,59.07,400,23628.0
1690428096,59.07,59.07,59.07,59.07,0,0.0
1690428097,59.07,59.07,59.07,59.07,0,0.0
1690428098,59.07,59.07,59.07,59.07,0,0.0
1690428099,59.07,59.07,59.07,59.07,0,0.0
1690428100,59.07,59.07,59.07,59.07,0,0.0
1690428101,59.07,59.07,59.07,59.07,0,0.0
1690428102,59.08,59.08,59.08,59.08,4000,236320.0
1690428103,59.08,59.08,59.08,59.08,0,0.0
1690428104,59.08,59.08,59.08,59.08,0,0.0
1690428105,59.08,59.08,59.08,59.08,0,0.0
1690428106,59.07,59.07,59.07,59.07,100,5907.0
1690428107,59.08,59.08,59.08,59.08,300,17724.0
1690428108,59.08,59.08,59.08,59.08,0,0.0
1690428109,59.08,59.08,59.08,59.08,0,0.0
1690428110,59.08,59.08,59.08,59.08,0,0.0
1690428111,59.08,59.08,59.08,59.08,0,0.0
1690428112,59.07,59.07,59.07,59.07,800,47256.0
1690428113,59.07,59.07,59.07,59.07,0,0.0
1690428114,59.07,59.07,59.07,59.07,0,0.0
1690428115,59.07,59.07,59.07,59.07,0,0.0
1690428116,59.07,59.07,59.07,59.07,0,0.0
1690428117,59.07,59.07,59.07,59.07,0,0.0
1690428118,59.07,59.07,59.07,59.07,0,0.0
1690428119,59.07,59.07,59.07,59.07,0,0.0
1690428120,59.07,59.07,59.07,59.07,0,0.0
1690428121,59.07,59.07,59.07,59.07,0,0.0
1690428122,59.07,59.07,59.07,59.07,0,0.0
1690428123,59.07,59.07,59.07,59.07,0,0.0
1690428124,59.07,59.07,59.07,59.07,0,0.0
1690428125,59.07,59.07,59.07,59.07,1200,70884.0
1690428126,59.07,59.07,59.07,59.07,0,0.0
1690428127,59.07,59.07,59.07,59.07,0,0.0
1690428128,59.08,59.08,59.08,59.08,200,11816.0
1690428129,59.07,59.07,59.07,59.07,200,11814.0
1690428130,59.07,59.07,59.07,59.07,0,0.0
1690428131,59.08,59.08,59.08,59.08,1000,59080.0
1690428132,59.08,59.08,59.08,59.08,0,0.0
1690428133,59.08,59.08,59.08,59.08,400,23632.0
1690428134,59.08,59.08,59.08,59.08,0,0.0
1690428135,59.08,59.08,59.08,59.08,0,0.0
1690428136,59.08,59.08,59.08,59.08,0,0.0
1690428137,59.08,59.08,59.08,59.08,0,0.0
1690428138,59.08,59.08,59.08,59.08,0,0.0
1690428139,59.07,59.07,59.07,59.07,200,11814.0
1690428140,59.07,59.07,59.07,59.07,0,0.0
1690428141,59.07,59.07,59.07,59.07,0,0.0
1690428142,59.08,59.08,59.08,59.08,3400,200872.0
1690428143,59.08,59.08,59.08,59.08,0,0.0
1690428144,59.08,59.08,59.08,59.08,100,5908.0
1690428145,59.08,59.08,59.08,59.08,0,0.0
1690428146,59.08,59.08,59.08,59.08,0,0.0
1690428147,59.08,59.08,59.08,59.08,0,0.0
1690428148,59.08,59.08,59.08,59.08,0,0.0
1690428149,59.08,59.08,59.08,59.08,0,0.0
1690428150,59.08,59.08,59.08,59.08,700,41356.0
1690428151,59.08,59.08,59.08,59.08,0,0.0
1690428152,59.08,59.08,59.08,59.08,0,0.0
1690428153,59.08,59.08,59.08,59.08,0,0.0
1690428154,59.08,59.08,59.08,59.08,0,0.0
1690428155,59.07,59.07,59.07,59.07,200,11814.0
1690428156,59.07,59.07,59.07,59.07,0,0.0
1690428157,59.07,59.07,59.07,59.07,0,0.0
1690428158,59.07,59.07,59.07,59.07,100,5907.0
1690428159,59.07,59.07,59.07,59.07,0,0.0
1690428160,59.07,59.07,59.07,59.07,0,0.0
1690428161,59.07,59.07,59.07,59.07,0,0.0
1690428162,59.07,59.07,59.07,59.07,0,0.0
1690428163,59.07,59.08,59.07,59.08,300,17722.0
1690428164,59.07,59.07,59.07,59.07,200,11814.0
1690428165,59.07,59.07,59.07,59.07,0,0.0
1690428166,59.07,59.07,59.07,59.07,0,0.0
1690428167,59.07,59.07,59.07,59.07,0,0.0
1690428168,59.07,59.07,59.07,59.07,500,29535.0
1690428169,59.07,59.07,59.07,59.07,0,0.0
1690428170,59.07,59.07,59.07,59.07,0,0.0
1690428171,59.08,59.08,59.08,59.08,400,23632.0
1690428172,59.08,59.08,59.08,59.08,0,0.0
1690428173,59.08,59.08,59.08,59.08,0,0.0
1690428174,59.08,59.08,59.08,59.08,0,0.0
1690428175,59.08,59.08,59.08,59.08,0,0.0
1690428176,59.08,59.08,59.08,59.08,0,0.0
1690428177,59.07,59.07,59.07,59.07,9100,537537.0
1690428178,59.07,59.07,59.07,59.07,0,0.0
1690428179,59.07,59.07,59.07,59.07,0,0.0
1690428180,59.07,59.07,59.07,59.07,0,0.0
1690428181,59.07,59.07,59.07,59.07,0,0.0
1690428182,59.07,59.08,59.07,59.08,5500,324920.0
1690428183,59.08,59.08,59.08,59.08,0,0.0
1690428184,59.08,59.08,59.08,59.08,0,0.0
1690428185,59.07,59.07,59.06,59.06,700,41347.0
1690428186,59.06,59.06,59.06,59.06,0,0.0
1690428187,59.06,59.06,59.06,59.06,0,0.0
1690428188,59.06,59.06,59.06,59.06,0,0.0
1690428189,59.06,59.06,59.06,59.06,0,0.0
1690428190,59.06,59.06,59.06,59.06,0,0.0
1690428191,59.06,59.06,59.06,59.06,0,0.0
1690428192,59.06,59.06,59.06,59.06,0,0.0
1690428193,59.06,59.06,59.06,59.06,0,0.0
1690428194,59.06,59.06,59.06,59.06,0,0.0
1690428195,59.06,59.06,59.06,59.06,0,0.0
1690428196,59.06,59.06,59.06,59.06,0,0.0
1690428197,59.06,59.06,59.06,59.06,0,0.0
1690428198,59.06,59.06,59.06,59.06,0,0.0
1690428199,59.06,59.06,59.06,59.06,0,0.0
1690428200,59.06,59.06,59.06,59.06,0,0.0
1690428201,59.06,59.06,59.06,59.06,0,0.0
1690428202,59.06,59.06,59.06,59.06,0,0.0
1690428203,59.06,59.06,59.06,59.06,0,0.0
1690428204,59.07,59.07,59.07,59.07,300,17721.0
1690428205,59.07,59.07,59.07,59.07,0,0.0
1690428206,59.07,59.07,59.07,59.07,0,0.0
1690428207,59.07,59.07,59.07,59.07,0,0.0
1690428208,59.07,59.07,59.07,59.07,0,0.0
1690428209,59.06,59.06,59.06,59.06,100,5906.0
1690428210,59.06,59.06,59.06,59.06,0,0.0
1690428211,59.06,59.06,59.06,59.06,0,0.0
1690428212,59.07,59.07,59.07,59.07,300,17721.0
1690428213,59.07,59.07,59.07,59.07,0,0.0
1690428214,59.07,59.07,59.07,59.07,4800,283536.0
1690428215,59.07,59.07,59.07,59.07,200,11814.0
1690428216,59.07,59.07,59.07,59.07,0,0.0
1690428217,59.07,59.07,59.07,59.07,0,0.0
1690428218,59.07,59.07,59.07,59.07,0,0.0
1690428219,59.07,59.07,59.07,59.07,0,0.0
1690428220,59.07,59.07,59.07,59.07,200,11814.0
1690428221,59.07,59.07,59.07,59.07,0,0.0
1690428222,59.07,59.07,59.07,59.07,1800,106326.0
1690428223,59.07,59.08,59.07,59.08,4200,248132.0
1690428224,59.08,59.08,59.08,59.08,0,0.0
1690428225,59.08,59.08,59.08,59.08,0,0.0
1690428226,59.07,59.07,59.07,59.07,200,11814.0
1690428227,59.07,59.07,59.07,59.07,0,0.0
1690428228,59.07,59.07,59.07,59.07,500,29535.0
1690428229,59.06,59.06,59.06,59.06,900,53154.0
1690428230,59.06,59.06,59.06,59.06,300,17718.0
1690428231,59.06,59.06,59.06,59.06,4900,289394.0
1690428232,59.06,59.06,59.06,59.06,0,0.0
1690428233,59.06,59.06,59.06,59.06,0,0.0
1690428234,59.06,59.06,59.06,59.06,700,41342.0
1690428235,59.06,59.06,59.06,59.06,0,0.0
1690428236,59.07,59.07,59.07,59.07,100,5907.0
1690428237,59.07,59.07,59.07,59.07,0,0.0
1690428238,59.07,59.07,59.07,59.07,0,0.0
1690428239,59.07,59.07,59.07,59.07,0,0.0
1690428240,59.07,59.07,59.07,59.07,0,0.0
1690428241,59.07,59.07,59.07,59.07,400,23628.0
1690428242,59.06,59.06,59.06,59.06,100,5906.0
1690428243,59.06,59.06,59.06,59.06,0,0.0
1690428244,59.06,59.06,59.06,59.06,0,0.0
1690428245,59.06,59.06,59.06,59.06,0,0.0
1690428246,59.06,59.06,59.06,59.06,0,0.0
1690428247,59.07,59.07,59.07,59.07,100,5907.0
1690428248,59.07,59.07,59.07,59.07,0,0.0
1690428249,59.07,59.07,59.07,59.07,0,0.0
1690428250,59.07,59.07,59.07,59.07,0,0.0
1690428251,59.07,59.07,59.07,59.07,0,0.0
1690428252,59.06,59.06,59.06,59.06,3000,177180.0
1690428253,59.06,59.06,59.06,59.06,0,0.0
1690428254,59.06,59.06,59.06,59.06,0,0.0
1690428255,59.06,59.06,59.06,59.06,100,5906.0
1690428256,59.06,59.06,59.06,59.06,0,0.0
1690428257,59.06,59.06,59.06,59.06,0,0.0
1690428258,59.06,59.06,59.06,59.06,0,0.0
1690428259,59.06,59.06,59.06,59.06,0,0.0
1690428260,59.07,59.07,59.06,59.06,700,41346.0
1690428261,59.06,59.06,59.06,59.06,0,0.0
1690428262,59.06,59.06,59.06,59.06,0,0.0
1690428263,59.08,59.08,59.07,59.08,600,35446.0
1690428264,59.08,59.08,59.08,59.08,200,11816.0
1690428265,59.08,59.08,59.08,59.08,0,0.0
1690428266,59.08,59.08,59.08,59.08,0,0.0
1690428267,59.08,59.08,59.08,59.08,0,0.0
1690428268,59.06,59.06,59.06,59.06,700,41342.0
1690428269,59.07,59.07,59.07,59.07,300,17721.0
1690428270,59.07,59.07,59.07,59.07,0,0.0
1690428271,59.07,59.07,59.07,59.07,0,0.0
1690428272,59.07,59.07,59.07,59.07,0,0.0
1690428273,59.07,59.07,59.07,59.07,0,0.0
1690428274,59.06,59.07,59.06,59.07,200,11813.0
1690428275,59.07,59.07,59.07,59.07,0,0.0
1690428276,59.07,59.07,59.07,59.07,0,0.0
1690428277,59.07,59.07,59.07,59.07,0,0.0
1690428278,59.07,59.07,59.07,59.07,0,0.0
1690428279,59.07,59.07,59.07,59.07,0,0.0
1690428280,59.07,59.07,59.07,59.07,0,0.0
1690428281,59.07,59.07,59.07,59.07,0,0.0
1690428282,59.07,59.07,59.07,59.07,0,0.0
1690428283,59.07,59.07,59.07,59.07,0,0.0
1690428284,59.07,59.07,59.07,59.07,0,0.0
1690428285,59.07,59.07,59.07,59.07,0,0.0
1690428286,59.07,59.07,59.07,59.07,0,0.0
1690428287,59.07,59.07,59.07,59.07,0,0.0
1690428288,59.07,59.07,59.05,59.05,13400,791400.0
1690428289,59.05,59.05,59.05,59.05,0,0.0
1690428290,59.04,59.04,59.04,59.04,300,17712.0
1690428291,59.04,59.04,59.04,59.04,0,0.0
1690428292,59.04,59.04,59.04,59.04,0,0.0
1690428293,59.06,59.06,59.04,59.04,2600,153510.0
1690428294,59.04,59.04,59.04,59.04,0,0.0
1690428295,59.06,59.06,59.06,59.06,500,29530.0
1690428296,59.06,59.06,59.06,59.06,0,0.0
1690428297,59.06,59.06,59.06,59.06,0,0.0
1690428298,59.06,59.06,59.06,59.06,0,0.0
1690428299,59.04,59.04,59.04,59.04,100,5904.0
1690428300,59.04,59.04,59.04,59.04,0,0.0
1690428301,59.04,59.04,59.04,59.04,5100,301104.0
1690428302,59.04,59.04,59.04,59.04,0,0.0
1690428303,59.06,59.06,59.06,59.06,5000,295300.0
1690428304,59.06,59.06,59.04,59.04,600,35433.0
1690428305,59.04,59.04,59.04,59.04,0,0.0
1690428306,59.04,59.04,59.04,59.04,0,0.0
1690428307,59.04,59.04,59.04,59.04,0,0.0
1690428308,59.04,59.04,59.04,59.04,0,0.0
1690428309,59.04,59.04,59.04,59.04,0,0.0
1690428310,59.04,59.04,59.04,59.04,0,0.0
1690428311,59.04,59.04,59.04,59.04,0,0.0
1690428312,59.04,59.04,59.04,59.04,0,0.0
1690428313,59.04,59.04,59.04,59.04,0,0.0
1690428314,59.04,59.04,59.04,59.04,0,0.0
1690428315,59.04,59.04,59.04,59.04,600,35424.0
1690428316,59.04,59.04,59.04,59.04,0,0.0
1690428317,59.04,59.04,59.04,59.04,0,0.0
1690428318,59.04,59.04,59.04,59.04,0,0.0
1690428319,59.04,59.04,59.04,59.04,0,0.0
1690428320,59.04,59.04,59.04,59.04,400,23616.0
1690428321,59.04,59.04,59.04,59.04,0,0.0
1690428322,59.04,59.04,59.04,59.04,0,0.0
1690428323,59.04,59.04,59.04,59.04,0,0.0
1690428324,59.04,59.04,59.04,59.04,0,0.0
1690428325,59.04,59.04,59.04,59.04,0,0.0
1690428326,59.04,59.04,59.04,59.04,0,0.0
1690428327,59.04,59.04,59.04,59.04,0,0.0
1690428328,59.04,59.04,59.04,59.04,0,0.0
1690428329,59.02,59.02,59.02,59.02,1000,59020.0
1690428330,59.02,59.02,59.02,59.02,0,0.0
1690428331,59.04,59.04,59.04,59.04,1300,76752.0
1690428332,59.04,59.04,59.04,59.04,0,0.0
1690428333,59.03,59.03,59.03,59.03,100,5903.0
1690428334,59.03,59.03,59.03,59.03,0,0.0
1690428335,59.03,59.03,59.03,59.03,0,0.0
1690428336,59.03,59.03,59.03,59.03,0,0.0
1690428337,59.03,59.03,59.03,59.03,0,0.0
1690428338,59.03,59.03,59.03,59.03,0,0.0
1690428339,59.02,59.03,59.02,59.03,1700,100336.0
1690428340,59.03,59.03,59.03,59.03,0,0.0
1690428341,59.03,59.03,59.03,59.03,0,0.0
1690428342,59.02,59.02,59.02,59.02,600,35412.0
1690428343,59.02,59.02,59.02,59.02,0,0.0
1690428344,59.04,59.04,59.04,59.04,200,11808.0
1690428345,59.04,59.04,59.04,59.04,0,0.0
1690428346,59.04,59.04,59.04,59.04,0,0.0
1690428347,59.03,59.03,59.03,59.03,300,17709.0
1690428348,59.03,59.03,59.03,59.03,0,0.0
1690428349,59.02,59.02,59.02,59.02,200,11804.0
1690428350,59.03,59.05,59.02,59.02,11100,655329.0
1690428351,59.02,59.02,59.02,59.02,0,0.0
1690428352,59.02,59.02,59.02,59.02,0,0.0
1690428353,59.02,59.02,59.02,59.02,0,0.0
1690428354,59.02,59.02,59.02,59.02,0,0.0
1690428355,59.02,59.02,59.02,59.02,0,0.0
1690428356,59.04,59.04,59.04,59.04,6800,401472.0
1690428357,59.04,59.04,59.04,59.04,0,0.0
1690428358,59.04,59.04,59.04,59.04,0,0.0
1690428359,59.04,59.04,59.04,59.04,0,0.0
1690428360,59.03,59.03,59.02,59.02,600,35414.0
1690428361,59.02,59.02,59.02,59.02,0,0.0
1690428362,59.02,59.02,59.02,59.02,0,0.0
1690428363,59.02,59.02,59.02,59.02,0,0.0
1690428364,59.03,59.03,59.02,59.02,900,53121.0
1690428365,59.02,59.02,59.02,59.02,0,0.0
1690428366,59.03,59.03,59.02,59.02,600,35413.0
1690428367,59.02,59.02,59.02,59.02,0,0.0
1690428368,59.02,59.02,59.02,59.02,0,0.0
1690428369,59.02,59.02,59.02,59.02,100,5902.0
1690428370,59.02,59.02,59.02,59.02,0,0.0
1690428371,59.02,59.02,59.02,59.02,0,0.0
1690428372,59.02,59.02,59.02,59.02,0,0.0
1690428373,59.02,59.02,59.02,59.02,0,0.0
1690428374,59.02,59.02,59.02,59.02,0,0.0
1690428375,59.02,59.02,59.02,59.02,0,0.0
1690428376,59.02,59.02,59.02,59.02,0,0.0
1690428377,59.02,59.02,59.02,59.02,0,0.0
1690428378,59.02,59.02,59.02,59.02,0,0.0
1690428379,59.02,59.02,59.02,59.02,0,0.0
1690428380,59.04,59.04,59.03,59.03,1000,59033.0
1690428381,59.03,59.03,59.03,59.03,0,0.0
1690428382,59.03,59.03,59.03,59.03,0,0.0
1690428383,59.03,59.03,59.03,59.03,0,0.0
1690428384,59.03,59.03,59.03,59.03,0,0.0
1690428385,59.03,59.03,59.03,59.03,0,0.0
1690428386,59.03,59.03,59.03,59.03,0,0.0
1690428387,59.03,59.03,59.03,59.03,0,0.0
1690428388,59.03,59.03,59.03,59.03,0,0.0
1690428389,59.03,59.03,59.03,59.03,0,0.0
1690428390,59.04,59.04,59.04,59.04,700,41328.0
1690428391,59.04,59.04,59.04,59.04,0,0.0
1690428392,59.04,59.04,59.04,59.04,0,0.0
1690428393,59.04,59.04,59.04,59.04,0,0.0
1690428394,59.04,59.04,59.04,59.04,0,0.0
1690428395,59.04,59.05,59.04,59.05,400,23618.0
1690428396,59.04,59.04,59.04,59.04,200,11808.0
1690428397,59.04,59.04,59.04,59.04,0,0.0
1690428398,59.04,59.04,59.04,59.04,0,0.0
1690428399,59.04,59.04,59.04,59.04,200,11808.0
1690428400,59.04,59.04,59.04,59.04,0,0.0
1690428401,59.05,59.05,59.05,59.05,500,29525.0
1690428402,59.05,59.05,59.05,59.05,0,0.0
1690428403,59.05,59.05,59.05,59.05,100,5905.0
1690428404,59.05,59.05,59.05,59.05,400,23620.0
1690428405,59.05,59.05,59.05,59.05,0,0.0
1690428406,59.05,59.05,59.05,59.05,0,0.0
1690428407,59.05,59.05,59.05,59.05,200,11810.0
1690428408,59.02,59.02,59.02,59.02,200,11804.0
1690428409,59.02,59.02,59.02,59.02,0,0.0
1690428410,59.02,59.02,59.02,59.02,0,0.0
1690428411,59.02,59.02,59.02,59.02,0,0.0
1690428412,59.02,59.02,59.02,59.02,0,0.0
1690428413,59.02,59.02,59.02,59.02,0,0.0
1690428414,59.02,59.02,59.02,59.02,0,0.0
1690428415,59.05,59.05,59.05,59.05,100,5905.0
1690428416,59.05,59.05,59.05,59.05,0,0.0
1690428417,59.05,59.05,59.05,59.05,0,0.0
1690428418,59.05,59.05,59.05,59.05,0,0.0
1690428419,59.05,59.05,59.05,59.05,0,0.0
1690428420,59.05,59.05,59.05,59.05,0,0.0
1690428421,59.05,59.05,59.05,59.05,0,0.0
1690428422,59.04,59.04,59.04,59.04,400,23616.0
1690428423,59.04,59.04,59.04,59.04,0,0.0
1690428424,59.04,59.04,59.04,59.04,0,0.0
1690428425,59.02,59.02,59.02,59.02,200,11804.0
1690428426,59.02,59.02,59.02,59.02,0,0.0
1690428427,59.02,59.02,59.02,59.02,0,0.0
1690428428,59.02,59.02,59.02,59.02,0,0.0
1690428429,59.02,59.02,59.02,59.02,900,53118.0
1690428430,59.02,59.02,59.02,59.02,0,0.0
1690428431,59.02,59.02,59.02,59.02,0,0.0
1690428432,59.02,59.02,59.02,59.02,0,0.0
1690428433,59.02,59.02,59.02,59.02,200,11804.0
1690428434,59.02,59.02,59.02,59.02,0,0.0
1690428435,59.02,59.02,59.02,59.02,0,0.0
1690428436,59.02,59.02,59.02,59.02,0,0.0
1690428437,59.02,59.02,59.02,59.02,0,0.0
1690428438,59.02,59.02,59.02,59.02,0,0.0
1690428439,59.02,59.02,59.02,59.02,0,0.0
1690428440,59.02,59.02,59.02,59.02,0,0.0
1690428441,59.02,59.02,59.02,59.02,0,0.0
1690428442,59.02,59.02,59.02,59.02,0,0.0
1690428443,59.02,59.02,59.02,59.02,0,0.0
1690428444,59.02,59.02,59.02,59.02,0,0.0
1690428445,59.02,59.02,59.02,59.02,0,0.0
1690428446,59.02,59.02,59.02,59.02,0,0.0
1690428447,59.02,59.02,59.02,59.02,0,0.0
1690428448,59.02,59.02,59.02,59.02,0,0.0
1690428449,59.02,59.02,59.02,59.02,0,0.0
1690428450,59.02,59.02,59.02,59.02,0,0.0
1690428451,59.02,59.02,59.02,59.02,0,0.0
1690428452,59.02,59.02,59.02,59.02,200,11804.0
1690428453,59.02,59.02,59.02,59.02,0,0.0
1690428454,59.02,59.02,59.02,59.02,0,0.0
1690428455,59.04,59.04,59.02,59.02,400,23610.0
1690428456,59.02,59.02,59.02,59.02,0,0.0
1690428457,59.02,59.02,59.02,59.02,0,0.0
1690428458,59.04,59.04,59.04,59.04,100,5904.0
1690428459,59.04,59.04,59.04,59.04,0,0.0
1690428460,59.04,59.04,59.04,59.04,400,23616.0
1690428461,59.02,59.02,59.02,59.02,900,53118.0
1690428462,59.02,59.02,59.02,59.02,0,0.0
1690428463,59.02,59.02,59.02,59.02,2100,123942.0
1690428464,59.02,59.02,59.02,59.02,100,5902.0
1690428465,59.02,59.02,59.02,59.02,0,0.0
1690428466,59.04,59.04,59.04,59.04,700,41328.0
1690428467,59.04,59.04,59.04,59.04,0,0.0
1690428468,59.04,59.04,59.02,59.02,300,17710.0
1690428469,59.02,59.02,59.02,59.02,1000,59020.0
1690428470,59.02,59.02,59.02,59.02,0,0.0
1690428471,59.02,59.02,59.02,59.02,0,0.0
1690428472,59.02,59.02,59.02,59.02,0,0.0
1690428473,59.02,59.02,59.02,59.02,0,0.0
1690428474,59.03,59.03,59.03,59.03,200,11806.0
1690428475,59.03,59.03,59.03,59.03,0,0.0
1690428476,59.03,59.03,59.03,59.03,0,0.0
1690428477,59.03,59.03,59.03,59.03,0,0.0
1690428478,59.03,59.03,59.03,59.03,0,0.0
1690428479,59.03,59.03,59.03,59.03,0,0.0
1690428480,59.03,59.03,59.03,59.03,0,0.0
1690428481,59.03,59.03,59.03,59.03,0,0.0
1690428482,59.04,59.04,59.04,59.04,1200,70848.0
1690428483,59.04,59.04,59.04,59.04,0,0.0
1690428484,59.04,59.04,59.04,59.04,0,0.0
1690428485,59.05,59.05,59.04,59.04,400,23617.0
1690428486,59.04,59.04,59.04,59.04,0,0.0
1690428487,59.05,59.05,59.05,59.05,100,5905.0
1690428488,59.05,59.05,59.05,59.05,0,0.0
1690428489,59.05,59.05,59.05,59.05,0,0.0
1690428490,59.04,59.04,59.04,59.04,100,5904.0
1690428491,59.04,59.04,59.04,59.04,100,5904.0
1690428492,59.04,59.04,59.04,59.04,0,0.0
1690428493,59.04,59.04,59.04,59.04,0,0.0
1690428494,59.04,59.04,59.04,59.04,0,0.0
1690428495,59.04,59.04,59.04,59.04,0,0.0
1690428496,59.04,59.04,59.04,59.04,0,0.0
1690428497,59.04,59.04,59.04,59.04,0,0.0
1690428498,59.03,59.03,59.0,59.0,4600,271494.0
1690428499,59.01,59.01,59.01,59.01,100,5901.0
1690428500,59.0,59.0,59.0,59.0,200,11800.0
1690428501,59.04,59.04,59.04,59.04,100,5904.0
1690428502,59.04,59.04,59.04,59.04,0,0.0
1690428503,59.0,59.0,59.0,59.0,10900,643100.0
1690428504,59.0,59.0,59.0,59.0,600,35400.0
1690428505,59.0,59.0,59.0,59.0,0,0.0
1690428506,59.0,59.0,59.0,59.0,0,0.0
1690428507,59.0,59.0,59.0,59.0,0,0.0
1690428508,59.0,59.0,59.0,59.0,0,0.0
1690428509,59.0,59.0,59.0,59.0,1800,106200.0
1690428510,59.0,59.0,59.0,59.0,0,0.0
1690428511,59.0,59.0,59.0,59.0,300,17700.0
1690428512,59.0,59.0,59.0,59.0,0,0.0
1690428513,59.0,59.0,59.0,59.0,0,0.0
1690428514,59.0,59.0,59.0,59.0,0,0.0
1690428515,59.0,59.0,59.0,59.0,0,0.0
1690428516,59.0,59.0,59.0,59.0,0,0.0
1690428517,59.0,59.0,59.0,59.0,100,5900.0
1690428518,59.0,59.0,59.0,59.0,0,0.0
1690428519,59.0,59.0,59.0,59.0,0,0.0
1690428520,59.0,59.0,59.0,59.0,100,5900.0
1690428521,59.0,59.0,59.0,59.0,0,0.0
1690428522,59.0,59.0,59.0,59.0,0,0.0
1690428523,59.0,59.0,59.0,59.0,0,0.0
1690428524,59.0,59.0,59.0,59.0,0,0.0
1690428525,59.0,59.0,59.0,59.0,0,0.0
1690428526,59.0,59.04,59.0,59.04,800,47227.0
1690428527,58.99,58.99,58.99,58.99,400,23596.0
1690428528,58.99,58.99,58.99,58.99,600,35394.0
1690428529,58.99,58.99,58.99,58.99,0,0.0
1690428530,58.99,58.99,58.99,58.99,0,0.0
1690428531,58.99,58.99,58.99,58.99,0,0.0
1690428532,58.99,58.99,58.99,58.99,0,0.0
1690428533,58.99,58.99,58.94,58.94,2900,170948.0
1690428534,58.94,58.94,58.94,58.94,0,0.0
1690428535,58.94,58.94,58.94,58.94,0,0.0
1690428536,58.94,58.94,58.94,58.94,0,0.0
1690428537,58.94,58.94,58.94,58.94,0,0.0
1690428538,58.94,58.94,58.94,58.94,0,0.0
1690428539,58.94,58.94,58.94,58.94,0,0.0
1690428540,58.94,58.94,58.94,58.94,0,0.0
1690428541,58.95,58.95,58.93,58.93,16900,995932.0
1690428542,58.93,58.93,58.93,58.93,0,0.0
1690428543,58.93,58.93,58.93,58.93,0,0.0
1690428544,58.96,58.97,58.96,58.97,1900,112039.0
1690428545,58.97,58.99,58.97,58.99,1400,82574.0
1690428546,58.99,58.99,58.99,58.99,0,0.0
1690428547,58.99,58.99,58.99,58.99,100,5899.0
1690428548,58.99,58.99,58.99,58.99,0,0.0
1690428549,58.99,58.99,58.99,58.99,0,0.0
1690428550,58.99,58.99,58.99,58.99,0,0.0
1690428551,58.99,58.99,58.99,58.99,0,0.0
1690428552,58.99,58.99,58.99,58.99,100,5899.0
1690428553,58.99,58.99,58.99,58.99,0,0.0
1690428554,58.99,58.99,58.99,58.99,0,0.0
1690428555,58.99,58.99,58.99,58.99,0,0.0
1690428556,58.99,58.99,58.99,58.99,0,0.0
1690428557,59.0,59.0,59.0,59.0,100,5900.0
1690428558,59.0,59.0,59.0,59.0,0,0.0
1690428559,59.0,59.0,59.0,59.0,0,0.0
1690428560,59.0,59.0,59.0,59.0,200,11800.0
1690428561,59.0,59.0,59.0,59.0,0,0.0
1690428562,59.0,59.0,59.0,59.0,0,0.0
1690428563,59.0,59.0,59.0,59.0,0,0.0
1690428564,59.0,59.0,59.0,59.0,0,0.0
1690428565,59.0,59.0,59.0,59.0,0,0.0
1690428566,59.0,59.0,59.0,59.0,100,5900.0
1690428567,59.0,59.0,59.0,59.0,0,0.0
1690428568,59.0,59.0,59.0,59.0,100,5900.0
1690428569,59.0,59.0,59.0,59.0,0,0.0
1690428570,59.0,59.0,59.0,59.0,0,0.0
1690428571,59.0,59.0,59.0,59.0,100,5900.0
1690428572,59.0,59.0,59.0,59.0,0,0.0
1690428573,59.0,59.0,59.0,59.0,0,0.0
1690428574,59.0,59.0,59.0,59.0,100,5900.0
1690428575,59.0,59.0,59.0,59.0,0,0.0
1690428576,59.0,59.0,59.0,59.0,0,0.0
1690428577,59.0,59.0,59.0,59.0,0,0.0
1690428578,59.0,59.0,59.0,59.0,0,0.0
1690428579,59.0,59.0,59.0,59.0,300,17700.0
1690428580,59.0,59.0,59.0,59.0,0,0.0
1690428581,59.0,59.0,59.0,59.0,0,0.0
1690428582,59.0,59.0,59.0,59.0,0,0.0
1690428583,59.0,59.0,59.0,59.0,0,0.0
1690428584,59.0,59.0,59.0,59.0,200,11800.0
1690428585,59.02,59.04,59.02,59.04,4700,277470.0
1690428586,59.04,59.04,59.04,59.04,0,0.0
1690428587,59.04,59.04,59.04,59.04,0,0.0
1690428588,59.04,59.04,59.04,59.04,0,0.0
1690428589,59.04,59.05,59.04,59.05,700,41333.0
1690428590,59.05,59.05,59.05,59.05,0,0.0
1690428591,59.05,59.05,59.05,59.05,0,0.0
1690428592,59.05,59.05,59.05,59.05,0,0.0
1690428593,59.05,59.05,59.05,59.05,0,0.0
1690428594,59.05,59.05,59.05,59.05,0,0.0
1690428595,59.05,59.05,59.05,59.05,0,0.0
1690428596,59.05,59.05,59.05,59.05,0,0.0
1690428597,59.05,59.05,59.05,59.05,0,0.0
1690428598,59.05,59.05,59.05,59.05,0,0.0
1690428599,59.05,59.05,59.05,59.05,0,0.0
1690428600,59.05,59.05,59.05,59.05,0,0.0
1690434001,59.0,59.01,58.99,59.01,6300,371706.0
1690434002,59.02,59.02,59.0,59.0,1800,106215.0
1690434003,59.0,59.0,59.0,59.0,0,0.0
1690434004,59.0,59.0,59.0,59.0,200,11800.0
1690434005,58.96,59.0,58.96,58.96,6900,407038.0
1690434006,58.91,59.02,58.91,59.02,3600,212226.0
1690434007,59.02,59.02,59.02,59.02,0,0.0
1690434008,58.98,59.02,58.98,59.02,8000,471944.0
1690434009,59.02,59.03,58.95,58.95,5100,300976.0
1690434010,58.95,58.95,58.95,58.95,0,0.0
1690434011,58.99,59.0,58.99,58.99,2200,129782.0
1690434012,58.99,58.99,58.99,58.99,500,29495.0
1690434013,58.99,58.99,58.99,58.99,0,0.0
1690434014,58.94,58.94,58.93,58.93,1300,76619.0
1690434015,58.93,58.93,58.93,58.93,0,0.0
1690434016,58.93,58.93,58.93,58.93,300,17679.0
1690434017,58.93,58.99,58.93,58.99,400,23585.0
1690434018,58.99,58.99,58.99,58.99,0,0.0
1690434019,58.94,58.94,58.93,58.94,1400,82508.0
1690434020,58.94,58.94,58.94,58.94,100,5894.0
1690434021,58.94,58.94,58.94,58.94,0,0.0
1690434022,58.94,58.94,58.94,58.94,0,0.0
1690434023,58.94,58.94,58.94,58.94,0,0.0
1690434024,58.94,58.94,58.94,58.94,0,0.0
1690434025,58.94,58.94,58.94,58.94,0,0.0
1690434026,58.94,58.94,58.94,58.94,0,0.0
1690434027,58.94,58.94,58.94,58.94,0,0.0
1690434028,58.99,58.99,58.99,58.99,400,23596.0
1690434029,58.99,58.99,58.99,58.99,0,0.0
1690434030,58.99,58.99,58.99,58.99,0,0.0
1690434031,58.99,58.99,58.99,58.99,0,0.0
1690434032,58.99,58.99,58.99,58.99,0,0.0
1690434033,58.99,58.99,58.99,58.99,0,0.0
1690434034,58.99,58.99,58.99,58.99,0,0.0
1690434035,58.99,58.99,58.95,58.95,1100,64861.0
1690434036,58.95,58.95,58.95,58.95,0,0.0
1690434037,58.95,58.95,58.95,58.95,0,0.0
1690434038,58.95,58.95,58.95,58.95,0,0.0
1690434039,58.95,58.95,58.95,58.95,0,0.0
1690434040,58.95,58.95,58.95,58.95,0,0.0
1690434041,58.99,58.99,58.99,58.99,300,17697.0
1690434042,58.99,58.99,58.99,58.99,0,0.0
1690434043,58.99,58.99,58.99,58.99,0,0.0
1690434044,58.97,58.97,58.96,58.96,2100,123819.0
1690434045,58.96,58.96,58.96,58.96,0,0.0
1690434046,58.99,59.0,58.97,58.97,3000,176985.0
1690434047,58.97,58.97,58.97,58.97,0,0.0
1690434048,58.97,58.97,58.97,58.97,0,0.0
1690434049,58.97,58.97,58.97,58.97,0,0.0
1690434050,58.97,58.97,58.97,58.97,0,0.0
1690434051,58.99,58.99,58.99,58.99,100,5899.0
1690434052,58.99,58.99,58.99,58.99,0,0.0
1690434053,58.99,58.99,58.99,58.99,0,0.0
1690434054,58.99,58.99,58.99,58.99,0,0.0
1690434055,58.99,58.99,58.99,58.99,0,0.0
1690434056,58.99,58.99,58.99,58.99,0,0.0
1690434057,58.99,58.99,58.99,58.99,0,0.0
1690434058,58.99,58.99,58.99,58.99,0,0.0
1690434059,58.99,58.99,58.99,58.99,0,0.0
1690434060,58.99,58.99,58.99,58.99,100,5899.0
1690434061,58.99,58.99,58.99,58.99,0,0.0
1690434062,58.99,58.99,58.99,58.99,100,5899.0
1690434063,58.98,58.98,58.98,58.98,1200,70776.0
1690434064,58.98,58.98,58.98,58.98,0,0.0
1690434065,58.99,58.99,58.99,58.99,300,17697.0
1690434066,58.99,58.99,58.99,58.99,0,0.0
1690434067,58.99,58.99,58.99,58.99,0,0.0
1690434068,58.99,58.99,58.99,58.99,200,11798.0
1690434069,58.99,58.99,58.99,58.99,0,0.0
1690434070,58.99,58.99,58.99,58.99,0,0.0
1690434071,58.99,58.99,58.99,58.99,0,0.0
1690434072,58.99,58.99,58.99,58.99,0,0.0
1690434073,58.99,58.99,58.98,58.98,300,17695.0
1690434074,58.98,58.98,58.98,58.98,0,0.0
1690434075,58.98,58.98,58.98,58.98,0,0.0
1690434076,58.99,58.99,58.98,58.98,300,17695.0
1690434077,58.98,58.98,58.98,58.98,0,0.0
1690434078,58.98,58.98,58.98,58.98,0,0.0
1690434079,58.98,58.98,58.98,58.98,0,0.0
1690434080,58.98,58.98,58.98,58.98,0,0.0
1690434081,58.98,58.98,58.98,58.98,0,0.0
1690434082,58.98,58.98,58.98,58.98,0,0.0
1690434083,58.98,58.98,58.98,58.98,0,0.0
1690434084,58.98,58.98,58.98,58.98,500,29490.0
1690434085,58.98,58.98,58.98,58.98,0,0.0
1690434086,58.98,58.98,58.98,58.98,300,17694.0
1690434087,58.98,58.98,58.98,58.98,100,5898.0
1690434088,58.98,58.98,58.98,58.98,0,0.0
1690434089,58.98,58.98,58.97,58.98,1200,70771.0
1690434090,58.96,58.96,58.96,58.96,1600,94336.0
1690434091,58.96,58.96,58.96,58.96,0,0.0
1690434092,58.98,58.98,58.98,58.98,300,17694.0
1690434093,58.98,58.98,58.98,58.98,0,0.0
1690434094,58.98,58.98,58.98,58.98,0,0.0
1690434095,58.98,58.98,58.98,58.98,2100,123858.0
1690434096,58.98,58.98,58.98,58.98,0,0.0
1690434097,58.98,58.98,58.98,58.98,0,0.0
1690434098,58.98,58.98,58.98,58.98,200,11796.0
1690434099,58.98,58.98,58.98,58.98,0,0.0
1690434100,58.98,58.98,58.98,58.98,0,0.0
1690434101,58.98,58.98,58.98,58.98,0,0.0
1690434102,58.98,58.98,58.98,58.98,0,0.0
1690434103,58.98,58.98,58.98,58.98,0,0.0
1690434104,58.98,58.98,58.98,58.98,0,0.0
1690434105,58.98,58.98,58.98,58.98,0,0.0
1690434106,58.98,58.98,58.98,58.98,0,0.0
1690434107,58.98,58.98,58.98,58.98,0,0.0
1690434108,58.98,58.98,58.98,58.98,400,23592.0
1690434109,58.98,58.98,58.98,58.98,0,0.0
1690434110,58.98,58.98,58.98,58.98,0,0.0
1690434111,58.98,58.98,58.98,58.98,0,0.0
1690434112,58.98,58.98,58.98,58.98,0,0.0
1690434113,58.98,58.98,58.98,58.98,0,0.0
1690434114,58.98,58.98,58.98,58.98,0,0.0
1690434115,58.98,58.98,58.98,58.98,0,0.0
1690434116,58.98,58.98,58.98,58.98,0,0.0
1690434117,58.98,58.98,58.98,58.98,0,0.0
1690434118,58.98,58.98,58.98,58.98,0,0.0
1690434119,58.98,58.98,58.98,58.98,0,0.0
1690434120,58.98,58.98,58.98,58.98,0,0.0
1690434121,58.97,58.98,58.97,58.98,400,23589.0
1690434122,58.98,58.98,58.98,58.98,0,0.0
1690434123,58.98,58.98,58.98,58.98,0,0.0
1690434124,58.98,58.98,58.98,58.98,0,0.0
1690434125,58.98,58.98,58.98,58.98,0,0.0
1690434126,58.98,58.98,58.98,58.98,0,0.0
1690434127,58.97,58.97,58.97,58.97,400,23588.0
1690434128,58.97,58.97,58.97,58.97,0,0.0
1690434129,58.97,58.97,58.97,58.97,0,0.0
1690434130,58.97,58.97,58.97,58.97,0,0.0
1690434131,58.97,58.97,58.97,58.97,0,0.0
1690434132,58.97,58.97,58.97,58.97,0,0.0
1690434133,58.97,58.97,58.97,58.97,0,0.0
1690434134,58.97,58.97,58.97,58.97,0,0.0
1690434135,58.96,58.97,58.96,58.97,2100,123820.0
1690434136,58.97,58.97,58.97,58.97,0,0.0
1690434137,58.97,58.97,58.97,58.97,0,0.0
1690434138,58.97,58.97,58.97,58.97,0,0.0
1690434139,58.97,58.97,58.97,58.97,0,0.0
1690434140,58.97,58.97,58.97,58.97,0,0.0
1690434141,58.97,58.97,58.97,58.97,0,0.0
1690434142,58.97,58.97,58.97,58.97,0,0.0
1690434143,58.98,58.98,58.98,58.98,200,11796.0
1690434144,58.98,58.98,58.98,58.98,0,0.0
1690434145,58.98,58.98,58.98,58.98,0,0.0
1690434146,58.97,58.98,58.96,58.98,2900,171028.0
1690434147,58.98,58.98,58.98,58.98,0,0.0
1690434148,58.97,58.97,58.97,58.97,400,23588.0
1690434149,58.98,58.98,58.98,58.98,400,23592.0
1690434150,58.98,58.98,58.98,58.98,0,0.0
1690434151,58.97,58.98,58.97,58.98,500,29486.0
1690434152,58.97,58.97,58.97,58.97,600,35382.0
1690434153,58.97,58.97,58.97,58.97,0,0.0
1690434154,58.97,58.97,58.97,58.97,200,11794.0
1690434155,58.97,58.97,58.97,58.97,0,0.0
1690434156,58.97,58.97,58.97,58.97,0,0.0
1690434157,58.97,58.97,58.97,58.97,0,0.0
1690434158,58.97,58.97,58.97,58.97,0,0.0
1690434159,58.97,58.97,58.97,58.97,0,0.0
1690434160,58.97,58.97,58.97,58.97,0,0.0
1690434161,58.97,58.97,58.97,58.97,0,0.0
1690434162,58.97,58.97,58.96,58.96,2200,129714.0
1690434163,58.96,58.96,58.96,58.96,0,0.0
1690434164,58.96,58.96,58.96,58.96,0,0.0
1690434165,58.96,58.96,58.96,58.96,0,0.0
1690434166,58.96,58.96,58.96,58.96,0,0.0
1690434167,58.94,58.94,58.94,58.94,100,5894.0
1690434168,58.94,58.94,58.94,58.94,100,5894.0
1690434169,58.94,58.94,58.94,58.94,0,0.0
1690434170,58.94,58.95,58.94,58.95,200,11789.0
1690434171,58.95,58.95,58.95,58.95,0,0.0
1690434172,58.95,58.95,58.95,58.95,0,0.0
1690434173,58.94,58.94,58.94,58.94,700,41258.0
1690434174,58.94,58.94,58.94,58.94,0,0.0
1690434175,58.94,58.94,58.94,58.94,100,5894.0
1690434176,58.94,58.94,58.94,58.94,0,0.0
1690434177,58.94,58.94,58.94,58.94,0,0.0
1690434178,58.94,58.94,58.94,58.94,400,23576.0
1690434179,58.94,58.94,58.94,58.94,0,0.0
1690434180,58.94,58.94,58.94,58.94,0,0.0
1690434181,58.95,58.95,58.94,58.94,600,35367.0
1690434182,58.94,58.94,58.94,58.94,0,0.0
1690434183,58.94,58.94,58.94,58.94,0,0.0
1690434184,58.94,58.94,58.94,58.94,0,0.0
1690434185,58.94,58.94,58.94,58.94,0,0.0
1690434186,58.94,58.94,58.94,58.94,0,0.0
1690434187,58.92,58.92,58.92,58.92,100,5892.0
1690434188,58.92,58.92,58.92,58.92,0,0.0
1690434189,58.92,58.92,58.92,58.92,0,0.0
1690434190,58.92,58.92,58.92,58.92,0,0.0
1690434191,58.92,58.92,58.92,58.92,0,0.0
1690434192,58.93,58.95,58.93,58.95,700,41259.0
1690434193,58.95,58.95,58.95,58.95,0,0.0
1690434194,58.95,58.95,58.95,58.95,0,0.0
1690434195,58.95,58.95,58.95,58.95,0,0.0
1690434196,58.95,58.95,58.95,58.95,0,0.0
1690434197,58.95,58.95,58.95,58.95,0,0.0
1690434198,58.95,58.95,58.95,58.95,0,0.0
1690434199,58.95,58.95,58.95,58.95,0,0.0
1690434200,58.93,58.93,58.93,58.93,200,11786.0
1690434201,58.93,58.93,58.93,58.93,0,0.0
1690434202,58.93,58.93,58.93,58.93,0,0.0
1690434203,58.93,58.93,58.93,58.93,0,0.0
1690434204,58.93,58.93,58.93,58.93,0,0.0
1690434205,58.93,58.93,58.93,58.93,0,0.0
1690434206,58.93,58.93,58.93,58.93,0,0.0
1690434207,58.93,58.93,58.93,58.93,0,0.0
1690434208,58.93,58.93,58.93,58.93,0,0.0
1690434209,58.93,58.93,58.93,58.93,0,0.0
1690434210,58.93,58.93,58.93,58.93,0,0.0
1690434211,58.93,58.93,58.93,58.93,400,23572.0
1690434212,58.93,58.93,58.93,58.93,0,0.0
1690434213,58.93,58.93,58.93,58.93,0,0.0
1690434214,58.93,58.93,58.93,58.93,0,0.0
1690434215,58.93,58.93,58.93,58.93,0,0.0
1690434216,58.93,58.93,58.93,58.93,0,0.0
1690434217,58.93,58.93,58.93,58.93,0,0.0
1690434218,58.93,58.93,58.93,58.93,0,0.0
1690434219,58.91,58.91,58.91,58.91,100,5891.0
1690434220,58.91,58.91,58.91,58.91,0,0.0
1690434221,58.91,58.91,58.91,58.91,0,0.0
1690434222,58.91,58.91,58.91,58.91,0,0.0
1690434223,58.91,58.91,58.91,58.91,0,0.0
1690434224,58.92,58.92,58.92,58.92,400,23568.0
1690434225,58.92,58.92,58.92,58.92,0,0.0
1690434226,58.92,58.92,58.92,58.92,0,0.0
1690434227,58.92,58.92,58.92,58.92,0,0.0
1690434228,58.92,58.92,58.92,58.92,0,0.0
1690434229,58.92,58.92,58.92,58.92,0,0.0
1690434230,58.92,58.92,58.92,58.92,0,0.0
1690434231,58.92,58.92,58.92,58.92,0,0.0
1690434232,58.92,58.92,58.92,58.92,0,0.0
1690434233,58.92,58.92,58.92,58.92,0,0.0
1690434234,58.92,58.92,58.92,58.92,0,0.0
1690434235,58.91,58.91,58.91,58.91,100,5891.0
1690434236,58.9,58.9,58.9,58.9,2400,141360.0
1690434237,58.9,58.9,58.9,58.9,0,0.0
1690434238,58.9,58.9,58.9,58.9,0,0.0
1690434239,58.9,58.9,58.9,58.9,0,0.0
1690434240,58.94,58.94,58.94,58.94,100,5894.0
1690434241,58.94,58.94,58.94,58.94,0,0.0
1690434242,58.94,58.94,58.94,58.94,0,0.0
1690434243,58.94,58.94,58.94,58.94,0,0.0
1690434244,58.94,58.94,58.94,58.94,0,0.0
1690434245,58.93,58.93,58.93,58.93,200,11786.0
1690434246,58.93,58.93,58.93,58.93,0,0.0
1690434247,58.93,58.93,58.93,58.93,0,0.0
1690434248,58.93,58.93,58.93,58.93,0,0.0
1690434249,58.91,58.91,58.91,58.91,100,5891.0
1690434250,58.91,58.91,58.91,58.91,0,0.0
1690434251,58.91,58.91,58.91,58.91,0,0.0
1690434252,58.91,58.91,58.91,58.91,0,0.0
1690434253,58.91,58.91,58.91,58.91,0,0.0
1690434254,58.91,58.91,58.91,58.91,0,0.0
1690434255,58.91,58.91,58.91,58.91,0,0.0
1690434256,58.91,58.91,58.91,58.91,200,11782.0
1690434257,58.91,58.91,58.91,58.91,0,0.0
1690434258,58.91,58.91,58.91,58.91,0,0.0
1690434259,58.93,58.93,58.93,58.93,100,5893.0
1690434260,58.93,58.93,58.93,58.93,0,0.0
1690434261,58.93,58.93,58.93,58.93,0,0.0
1690434262,58.93,58.93,58.93,58.93,0,0.0
1690434263,58.93,58.93,58.93,58.93,0,0.0
1690434264,58.93,58.93,58.93,58.93,0,0.0
1690434265,58.93,58.93,58.93,58.93,0,0.0
1690434266,58.93,58.93,58.93,58.93,0,0.0
1690434267,58.93,58.93,58.93,58.93,0,0.0
1690434268,58.93,58.94,58.93,58.94,1800,106081.0
1690434269,58.94,58.94,58.94,58.94,0,0.0
1690434270,58.94,58.94,58.94,58.94,0,0.0
1690434271,58.94,58.94,58.94,58.94,0,0.0
1690434272,58.94,58.94,58.94,58.94,0,0.0
1690434273,58.94,58.94,58.94,58.94,0,0.0
1690434274,58.94,58.94,58.94,58.94,0,0.0
1690434275,58.94,58.94,58.94,58.94,0,0.0
1690434276,58.95,58.95,58.95,58.95,300,17685.0
1690434277,58.95,58.95,58.95,58.95,0,0.0
1690434278,58.96,58.96,58.96,58.96,100,5896.0
1690434279,58.96,58.96,58.96,58.96,0,0.0
1690434280,58.96,58.96,58.96,58.96,0,0.0
1690434281,58.96,58.96,58.96,58.96,0,0.0
1690434282,58.96,58.96,58.96,58.96,0,0.0
1690434283,58.96,58.96,58.96,58.96,0,0.0
1690434284,58.96,58.96,58.96,58.96,0,0.0
1690434285,58.96,58.96,58.96,58.96,0,0.0
1690434286,58.95,58.96,58.95,58.96,400,23581.0
1690434287,58.96,58.96,58.96,58.96,600,35376.0
1690434288,58.96,58.96,58.96,58.96,0,0.0
1690434289,58.96,58.96,58.96,58.96,0,0.0
1690434290,58.96,58.96,58.96,58.96,0,0.0
1690434291,58.96,58.96,58.96,58.96,400,23584.0
1690434292,58.96,58.96,58.96,58.96,0,0.0
1690434293,58.96,58.96,58.96,58.96,0,0.0
1690434294,58.95,58.95,58.95,58.95,100,5895.0
1690434295,58.95,58.95,58.95,58.95,0,0.0
1690434296,58.95,58.95,58.95,58.95,0,0.0
1690434297,58.96,58.96,58.96,58.96,2000,117920.0
1690434298,58.96,58.96,58.96,58.96,0,0.0
1690434299,58.96,58.96,58.96,58.96,0,0.0
1690434300,58.96,58.96,58.96,58.96,100,5896.0
1690434301,58.96,58.96,58.96,58.96,0,0.0
1690434302,58.96,58.96,58.96,58.96,100,5896.0
1690434303,58.96,58.96,58.96,58.96,0,0.0
1690434304,58.96,58.96,58.96,58.96,0,0.0
1690434305,58.95,58.95,58.92,58.92,1400,82512.0
1690434306,58.92,58.92,58.92,58.92,0,0.0
1690434307,58.95,58.95,58.95,58.95,300,17685.0
1690434308,58.95,58.96,58.91,58.96,1500,88399.0
1690434309,58.96,58.96,58.96,58.96,0,0.0
1690434310,58.96,58.96,58.96,58.96,0,0.0
1690434311,58.96,58.96,58.96,58.96,200,11792.0
1690434312,58.96,58.96,58.96,58.96,0,0.0
1690434313,58.96,58.96,58.95,58.95,1900,112020.0
1690434314,58.95,58.95,58.95,58.95,0,0.0
1690434315,58.95,58.95,58.95,58.95,0,0.0
1690434316,58.95,58.95,58.91,58.91,700,41249.0
1690434317,58.91,58.91,58.91,58.91,0,0.0
1690434318,58.91,58.91,58.91,58.91,0,0.0
1690434319,58.91,58.91,58.91,58.91,0,0.0
1690434320,58.91,58.91,58.91,58.91,0,0.0
1690434321,58.91,58.91,58.91,58.91,0,0.0
1690434322,58.91,58.91,58.91,58.91,0,0.0
1690434323,58.91,58.91,58.91,58.91,0,0.0
1690434324,58.91,58.91,58.91,58.91,0,0.0
1690434325,58.91,58.91,58.91,58.91,0,0.0
1690434326,58.91,58.91,58.91,58.91,0,0.0
1690434327,58.91,58.91,58.91,58.91,0,0.0
1690434328,58.91,58.91,58.91,58.91,0,0.0
1690434329,58.94,58.94,58.94,58.94,100,5894.0
1690434330,58.94,58.94,58.94,58.94,0,0.0
1690434331,58.94,58.94,58.94,58.94,0,0.0
1690434332,58.94,58.94,58.94,58.94,0,0.0
1690434333,58.94,58.94,58.94,58.94,0,0.0
1690434334,58.94,58.94,58.94,58.94,0,0.0
1690434335,58.95,58.95,58.95,58.95,100,5895.0
1690434336,58.95,58.95,58.95,58.95,0,0.0
1690434337,58.95,58.95,58.95,58.95,0,0.0
1690434338,58.95,58.96,58.95,58.96,600,35372.0
1690434339,58.96,58.96,58.96,58.96,0,0.0
1690434340,58.96,58.96,58.96,58.96,0,0.0
1690434341,58.96,58.96,58.96,58.96,0,0.0
1690434342,58.96,58.96,58.96,58.96,0,0.0
1690434343,58.94,58.94,58.94,58.94,100,5894.0
1690434344,58.94,58.94,58.94,58.94,0,0.0
1690434345,58.94,58.94,58.94,58.94,0,0.0
1690434346,58.96,58.96,58.94,58.96,1800,106124.0
1690434347,58.96,58.96,58.96,58.96,0,0.0
1690434348,58.96,58.96,58.96,58.96,0,0.0
1690434349,58.96,58.96,58.96,58.96,0,0.0
1690434350,58.96,58.96,58.96,58.96,0,0.0
1690434351,58.96,58.96,58.96,58.96,0,0.0
1690434352,58.96,58.96,58.96,58.96,0,0.0
1690434353,58.96,58.96,58.96,58.96,100,5896.0
1690434354,58.96,58.96,58.96,58.96,0,0.0
1690434355,58.96,58.96,58.96,58.96,0,0.0
1690434356,58.96,58.97,58.96,58.97,700,41277.0
1690434357,58.97,58.97,58.97,58.97,0,0.0
1690434358,58.97,58.97,58.97,58.97,0,0.0
1690434359,58.97,58.97,58.97,58.97,0,0.0
1690434360,58.97,58.97,58.97,58.97,0,0.0
1690434361,58.97,58.97,58.97,58.97,0,0.0
1690434362,58.97,58.97,58.97,58.97,0,0.0
1690434363,58.97,58.97,58.97,58.97,0,0.0
1690434364,58.97,58.97,58.97,58.97,0,0.0
1690434365,58.94,58.94,58.94,58.94,100,5894.0
1690434366,58.94,58.94,58.94,58.94,0,0.0
1690434367,58.94,58.94,58.94,58.94,0,0.0
1690434368,58.95,58.95,58.95,58.95,200,11790.0
1690434369,58.95,58.95,58.95,58.95,100,5895.0
1690434370,58.95,58.95,58.95,58.95,0,0.0
1690434371,58.95,58.95,58.95,58.95,0,0.0
1690434372,58.94,58.94,58.94,58.94,100,5894.0
1690434373,58.94,58.94,58.94,58.94,0,0.0
1690434374,58.94,58.94,58.94,58.94,0,0.0
1690434375,58.94,58.94,58.94,58.94,0,0.0
1690434376,58.94,58.94,58.94,58.94,0,0.0
1690434377,58.94,58.94,58.94,58.94,0,0.0
1690434378,58.95,58.95,58.95,58.95,100,5895.0
1690434379,58.95,58.95,58.95,58.95,0,0.0
1690434380,58.95,58.95,58.95,58.95,0,0.0
1690434381,58.96,58.96,58.96,58.96,300,17688.0
1690434382,58.96,58.96,58.96,58.96,0,0.0
1690434383,58.96,58.96,58.96,58.96,0,0.0
1690434384,58.96,58.96,58.96,58.96,0,0.0
1690434385,58.96,58.96,58.96,58.96,0,0.0
1690434386,58.96,58.96,58.96,58.96,100,5896.0
1690434387,58.96,58.96,58.96,58.96,0,0.0
1690434388,58.96,58.96,58.96,58.96,0,0.0
1690434389,58.95,58.97,58.95,58.97,8100,477545.0
1690434390,58.97,58.97,58.97,58.97,0,0.0
1690434391,58.97,58.97,58.97,58.97,200,11794.0
1690434392,58.97,58.97,58.95,58.95,1900,112033.0
1690434393,58.95,58.95,58.95,58.95,0,0.0
1690434394,58.94,58.94,58.94,58.94,200,11788.0
1690434395,58.94,58.94,58.94,58.94,0,0.0
1690434396,58.94,58.94,58.94,58.94,0,0.0
1690434397,58.96,58.96,58.93,58.93,2200,129662.0
1690434398,58.96,58.96,58.96,58.96,100,5896.0
1690434399,58.96,58.96,58.96,58.96,0,0.0
1690434400,58.96,58.96,58.96,58.96,0,0.0
1690434401,58.96,58.96,58.96,58.96,0,0.0
1690434402,58.93,58.93,58.91,58.91,1100,64814.0
1690434403,58.91,58.91,58.91,58.91,0,0.0
1690434404,58.91,58.91,58.91,58.91,0,0.0
1690434405,58.93,58.94,58.93,58.94,400,23575.0
1690434406,58.94,58.94,58.94,58.94,0,0.0
1690434407,58.94,58.94,58.94,58.94,0,0.0
1690434408,58.94,58.94,58.94,58.94,0,0.0
1690434409,58.94,58.94,58.94,58.94,0,0.0
1690434410,58.94,58.94,58.94,58.94,0,0.0
1690434411,58.94,58.94,58.91,58.91,2000,117841.0
1690434412,58.91,58.91,58.91,58.91,0,0.0
1690434413,58.91,58.91,58.91,58.91,0,0.0
1690434414,58.91,58.91,58.91,58.91,0,0.0
1690434415,58.91,58.91,58.91,58.91,0,0.0
1690434416,58.91,58.91,58.91,58.91,0,0.0
1690434417,58.91,58.91,58.91,58.91,0,0.0
1690434418,58.91,58.91,58.91,58.91,0,0.0
1690434419,58.92,58.92,58.91,58.91,2400,141391.0
1690434420,58.91,58.91,58.91,58.91,0,0.0
1690434421,58.91,58.91,58.91,58.91,0,0.0
1690434422,58.91,58.91,58.91,58.91,0,0.0
1690434423,58.91,58.91,58.91,58.91,0,0.0
1690434424,58.91,58.91,58.91,58.91,0,0.0
1690434425,58.91,58.91,58.91,58.91,0,0.0
1690434426,58.91,58.91,58.91,58.91,0,0.0
1690434427,58.95,58.95,58.95,58.95,300,17685.0
1690434428,58.95,58.95,58.95,58.95,0,0.0
1690434429,58.95,58.95,58.95,58.95,0,0.0
1690434430,58.95,58.95,58.95,58.95,0,0.0
1690434431,58.95,58.95,58.95,58.95,0,0.0
1690434432,58.95,58.95,58.95,58.95,0,0.0
1690434433,58.95,58.95,58.95,58.95,0,0.0
1690434434,58.95,58.95,58.95,58.95,0,0.0
1690434435,58.95,58.95,58.95,58.95,0,0.0
1690434436,58.95,58.95,58.95,58.95,0,0.0
1690434437,58.95,58.95,58.91,58.91,2000,117880.0
1690434438,58.91,58.91,58.91,58.91,0,0.0
1690434439,58.91,58.91,58.91,58.91,0,0.0
1690434440,58.93,58.93,58.93,58.93,500,29465.0
1690434441,58.93,58.93,58.93,58.93,0,0.0
1690434442,58.93,58.93,58.93,58.93,0,0.0
1690434443,58.93,58.93,58.93,58.93,0,0.0
1690434444,58.93,58.93,58.93,58.93,0,0.0
1690434445,58.93,58.93,58.93,58.93,0,0.0
1690434446,58.93,58.93,58.93,58.93,0,0.0
1690434447,58.93,58.93,58.93,58.93,0,0.0
1690434448,58.93,58.93,58.93,58.93,0,0.0
1690434449,58.94,58.94,58.94,58.94,200,11788.0
1690434450,58.94,58.94,58.94,58.94,0,0.0
1690434451,58.92,58.92,58.92,58.92,200,11784.0
1690434452,58.92,58.92,58.92,58.92,0,0.0
1690434453,58.92,58.92,58.92,58.92,0,0.0
1690434454,58.92,58.92,58.92,58.92,0,0.0
1690434455,58.92,58.92,58.92,58.92,0,0.0
1690434456,58.92,58.92,58.92,58.92,0,0.0
1690434457,58.92,58.92,58.92,58.92,0,0.0
1690434458,58.92,58.92,58.92,58.92,0,0.0
1690434459,58.92,58.92,58.92,58.92,0,0.0
1690434460,58.92,58.92,58.92,58.92,0,0.0
1690434461,58.92,58.92,58.92,58.92,500,29460.0
1690434462,58.92,58.92,58.92,58.92,200,11784.0
1690434463,58.92,58.92,58.92,58.92,0,0.0
1690434464,58.92,58.92,58.92,58.92,0,0.0
1690434465,58.93,58.93,58.92,58.92,200,11785.0
1690434466,58.92,58.92,58.92,58.92,0,0.0
1690434467,58.92,58.92,58.92,58.92,0,0.0
1690434468,58.92,58.92,58.92,58.92,0,0.0
1690434469,58.92,58.92,58.92,58.92,0,0.0
1690434470,58.92,58.92,58.91,58.92,5000,294586.0
1690434471,58.92,58.92,58.92,58.92,0,0.0
1690434472,58.92,58.92,58.92,58.92,0,0.0
1690434473,58.92,58.93,58.92,58.92,900,53032.0
1690434474,58.92,58.92,58.92,58.92,0,0.0
1690434475,58.92,58.93,58.9,58.9,1700,100146.0
1690434476,58.92,58.92,58.92,58.92,1000,58920.0
1690434477,58.92,58.92,58.92,58.92,0,0.0
1690434478,58.92,58.92,58.92,58.92,0,0.0
1690434479,58.92,58.92,58.92,58.92,0,0.0
1690434480,58.92,58.92,58.92,58.92,0,0.0
1690434481,58.92,58.92,58.92,58.92,0,0.0
1690434482,58.92,58.92,58.92,58.92,0,0.0
1690434483,58.91,58.91,58.9,58.91,1200,70686.0
1690434484,58.91,58.91,58.91,58.91,0,0.0
1690434485,58.91,58.91,58.91,58.91,0,0.0
1690434486,58.91,58.91,58.91,58.91,0,0.0
1690434487,58.91,58.91,58.91,58.91,1000,58910.0
1690434488,58.91,58.91,58.91,58.91,0,0.0
1690434489,58.9,58.9,58.9,58.9,900,53010.0
1690434490,58.9,58.9,58.9,58.9,0,0.0
1690434491,58.91,58.91,58.91,58.91,300,17673.0
1690434492,58.91,58.91,58.91,58.91,0,0.0
1690434493,58.91,58.91,58.91,58.91,0,0.0
1690434494,58.88,58.88,58.88,58.88,1400,82432.0
1690434495,58.88,58.88,58.88,58.88,0,0.0
1690434496,58.88,58.88,58.88,58.88,0,0.0
1690434497,58.86,58.86,58.86,58.86,1200,70632.0
1690434498,58.86,58.86,58.86,58.86,0,0.0
1690434499,58.86,58.86,58.86,58.86,0,0.0
1690434500,58.85,58.85,58.85,58.85,1600,94160.0
1690434501,58.85,58.85,58.85,58.85,0,0.0
1690434502,58.85,58.85,58.85,58.85,0,0.0
1690434503,58.85,58.85,58.85,58.85,0,0.0
1690434504,58.85,58.85,58.85,58.85,0,0.0
1690434505,58.85,58.85,58.85,58.85,100,5885.0
1690434506,58.85,58.85,58.85,58.85,0,0.0
1690434507,58.85,58.85,58.85,58.85,0,0.0
1690434508,58.86,58.86,58.86,58.86,900,52974.0
1690434509,58.86,58.86,58.86,58.86,0,0.0
1690434510,58.86,58.86,58.86,58.86,0,0.0
1690434511,58.86,58.86,58.86,58.86,0,0.0
1690434512,58.86,58.86,58.86,58.86,0,0.0
1690434513,58.85,58.85,58.85,58.85,300,17655.0
1690434514,58.85,58.85,58.85,58.85,0,0.0
1690434515,58.85,58.85,58.85,58.85,0,0.0
1690434516,58.86,58.86,58.85,58.85,500,29428.0
1690434517,58.85,58.85,58.85,58.85,0,0.0
1690434518,58.85,58.85,58.85,58.85,0,0.0
1690434519,58.86,58.86,58.85,58.85,2000,117703.0
1690434520,58.85,58.85,58.85,58.85,0,0.0
1690434521,58.85,58.85,58.85,58.85,1800,105930.0
1690434522,58.85,58.85,58.85,58.85,0,0.0
1690434523,58.85,58.85,58.85,58.85,0,0.0
1690434524,58.85,58.85,58.84,58.84,2700,158890.0
1690434525,58.84,58.84,58.84,58.84,0,0.0
1690434526,58.84,58.84,58.84,58.84,0,0.0
1690434527,58.84,58.84,58.84,58.84,500,29420.0
1690434528,58.84,58.84,58.84,58.84,0,0.0
1690434529,58.84,58.84,58.84,58.84,0,0.0
1690434530,58.84,58.85,58.84,58.85,700,41193.0
1690434531,58.85,58.85,58.84,58.84,1300,76495.0
1690434532,58.84,58.84,58.84,58.84,0,0.0
1690434533,58.84,58.84,58.84,58.84,0,0.0
1690434534,58.84,58.84,58.84,58.84,0,0.0
1690434535,58.84,58.84,58.84,58.84,0,0.0
1690434536,58.84,58.84,58.84,58.84,0,0.0
1690434537,58.84,58.84,58.84,58.84,0,0.0
1690434538,58.85,58.85,58.84,58.84,500,29424.0
1690434539,58.84,58.84,58.84,58.84,0,0.0
1690434540,58.84,58.84,58.84,58.84,0,0.0
1690434541,58.84,58.84,58.84,58.84,0,0.0
1690434542,58.84,58.84,58.84,58.84,0,0.0
1690434543,58.84,58.84,58.84,58.84,400,23536.0
1690434544,58.84,58.84,58.84,58.84,0,0.0
1690434545,58.84,58.84,58.84,58.84,0,0.0
1690434546,58.84,58.84,58.84,58.84,0,0.0
1690434547,58.84,58.84,58.84,58.84,0,0.0
1690434548,58.84,58.84,58.84,58.84,300,17652.0
1690434549,58.84,58.84,58.84,58.84,0,0.0
1690434550,58.84,58.84,58.84,58.84,0,0.0
1690434551,58.83,58.83,58.83,58.83,100,5883.0
1690434552,58.83,58.83,58.83,58.83,0,0.0
1690434553,58.83,58.83,58.83,58.83,0,0.0
1690434554,58.83,58.83,58.83,58.83,5000,294150.0
1690434555,58.83,58.83,58.83,58.83,0,0.0
1690434556,58.83,58.83,58.83,58.83,1400,82362.0
1690434557,58.82,58.82,58.82,58.82,400,23528.0
1690434558,58.82,58.82,58.82,58.82,0,0.0
1690434559,58.83,58.83,58.81,58.81,1300,76455.0
1690434560,58.81,58.81,58.81,58.81,1600,94096.0
1690434561,58.82,58.82,58.81,58.81,800,47049.0
1690434562,58.81,58.81,58.81,58.81,0,0.0
1690434563,58.81,58.81,58.81,58.81,0,0.0
1690434564,58.81,58.81,58.81,58.81,0,0.0
1690434565,58.81,58.81,58.81,58.81,200,11762.0
1690434566,58.8,58.8,58.8,58.8,700,41160.0
1690434567,58.8,58.8,58.8,58.8,0,0.0
1690434568,58.81,58.81,58.81,58.81,1200,70572.0
1690434569,58.81,58.81,58.81,58.81,0,0.0
1690434570,58.8,58.8,58.8,58.8,600,35280.0
1690434571,58.8,58.8,58.8,58.8,0,0.0
1690434572,58.8,58.8,58.8,58.8,0,0.0
1690434573,58.8,58.8,58.8,58.8,0,0.0
1690434574,58.8,58.8,58.8,58.8,0,0.0
1690434575,58.8,58.81,58.8,58.81,1700,99969.0
1690434576,58.81,58.81,58.81,58.81,0,0.0
1690434577,58.81,58.81,58.81,58.81,4700,276407.0
1690434578,58.8,58.81,58.8,58.81,1800,105844.0
1690434579,58.81,58.81,58.81,58.81,0,0.0
1690434580,58.81,58.81,58.81,58.81,0,0.0
1690434581,58.8,58.81,58.8,58.81,1500,88207.0
1690434582,58.81,58.81,58.81,58.81,0,0.0
1690434583,58.8,58.8,58.8,58.8,400,23520.0
1690434584,58.8,58.8,58.8,58.8,0,0.0
1690434585,58.8,58.8,58.8,58.8,0,0.0
1690434586,58.8,58.8,58.79,58.79,6600,388076.0
1690434587,58.79,58.79,58.79,58.79,0,0.0
1690434588,58.79,58.79,58.79,58.79,0,0.0
1690434589,58.79,58.79,58.79,58.79,0,0.0
1690434590,58.79,58.79,58.79,58.79,0,0.0
1690434591,58.79,58.79,58.79,58.79,0,0.0
1690434592,58.8,58.81,58.8,58.8,500,29402.0
1690434593,58.8,58.8,58.8,58.8,0,0.0
1690434594,58.8,58.8,58.8,58.8,900,52920.0
1690434595,58.8,58.8,58.8,58.8,0,0.0
1690434596,58.8,58.8,58.8,58.8,0,0.0
1690434597,58.8,58.8,58.8,58.8,0,0.0
1690434598,58.8,58.8,58.8,58.8,0,0.0
1690434599,58.81,58.82,58.81,58.82,1500,88228.0
1690434600,58.82,58.82,58.82,58.82,0,0.0
1690434601,58.82,58.82,58.82,58.82,0,0.0
1690434602,58.81,58.81,58.81,58.81,600,35286.0
1690434603,58.81,58.81,58.81,58.81,0,0.0
1690434604,58.81,58.81,58.81,58.81,0,0.0
1690434605,58.81,58.81,58.81,58.81,200,11762.0
1690434606,58.81,58.81,58.81,58.81,0,0.0
1690434607,58.81,58.81,58.81,58.81,0,0.0
1690434608,58.82,58.82,58.82,58.82,200,11764.0
1690434609,58.82,58.82,58.82,58.82,0,0.0
1690434610,58.82,58.82,58.82,58.82,0,0.0
1690434611,58.82,58.82,58.82,58.82,0,0.0
1690434612,58.82,58.82,58.82,58.82,0,0.0
1690434613,58.82,58.82,58.82,58.82,300,17646.0
1690434614,58.82,58.82,58.82,58.82,0,0.0
1690434615,58.82,58.82,58.82,58.82,0,0.0
1690434616,58.82,58.82,58.82,58.82,0,0.0
1690434617,58.82,58.82,58.82,58.82,0,0.0
1690434618,58.82,58.82,58.82,58.82,0,0.0
1690434619,58.82,58.82,58.82,58.82,0,0.0
1690434620,58.82,58.82,58.82,58.82,0,0.0
1690434621,58.82,58.82,58.82,58.82,0,0.0
1690434622,58.82,58.82,58.82,58.82,0,0.0
1690434623,58.82,58.82,58.82,58.82,0,0.0
1690434624,58.8,58.8,58.8,58.8,200,11760.0
1690434625,58.8,58.8,58.8,58.8,0,0.0
1690434626,58.8,58.8,58.8,58.8,100,5880.0
1690434627,58.8,58.8,58.8,58.8,0,0.0
1690434628,58.8,58.8,58.8,58.8,0,0.0
1690434629,58.8,58.8,58.8,58.8,100,5880.0
1690434630,58.8,58.8,58.8,58.8,0,0.0
1690434631,58.8,58.8,58.8,58.8,200,11760.0
1690434632,58.8,58.81,58.8,58.81,400,23521.0
1690434633,58.81,58.81,58.81,58.81,0,0.0
1690434634,58.81,58.81,58.81,58.81,0,0.0
1690434635,58.81,58.81,58.81,58.81,0,0.0
1690434636,58.81,58.81,58.81,58.81,0,0.0
1690434637,58.81,58.81,58.81,58.81,0,0.0
1690434638,58.81,58.81,58.81,58.81,0,0.0
1690434639,58.81,58.81,58.81,58.81,0,0.0
1690434640,58.81,58.81,58.81,58.81,0,0.0
1690434641,58.81,58.81,58.81,58.81,0,0.0
1690434642,58.81,58.81,58.81,58.81,0,0.0
1690434643,58.81,58.81,58.81,58.81,0,0.0
1690434644,58.81,58.81,58.81,58.81,0,0.0
1690434645,58.81,58.81,58.81,58.81,0,0.0
1690434646,58.81,58.81,58.81,58.81,0,0.0
1690434647,58.81,58.81,58.81,58.81,0,0.0
1690434648,58.81,58.81,58.8,58.8,2100,123489.0
1690434649,58.79,58.79,58.79,58.79,1100,64669.0
1690434650,58.79,58.79,58.78,58.78,1200,70541.0
1690434651,58.78,58.78,58.78,58.78,0,0.0
1690434652,58.78,58.78,58.78,58.78,0,0.0
1690434653,58.78,58.78,58.78,58.78,0,0.0
1690434654,58.78,58.78,58.78,58.78,0,0.0
1690434655,58.78,58.78,58.78,58.78,0,0.0
1690434656,58.8,58.8,58.8,58.8,200,11760.0
1690434657,58.8,58.8,58.8,58.8,0,0.0
1690434658,58.8,58.8,58.8,58.8,0,0.0
1690434659,58.8,58.8,58.8,58.8,0,0.0
1690434660,58.8,58.8,58.8,58.8,0,0.0
1690434661,58.79,58.8,58.79,58.8,300,17638.0
1690434662,58.79,58.79,58.79,58.79,300,17637.0
1690434663,58.79,58.79,58.79,58.79,0,0.0
1690434664,58.79,58.79,58.79,58.79,0,0.0
1690434665,58.79,58.79,58.79,58.79,0,0.0
1690434666,58.79,58.79,58.79,58.79,0,0.0
1690434667,58.79,58.79,58.79,58.79,0,0.0
1690434668,58.79,58.79,58.79,58.79,0,0.0
1690434669,58.79,58.79,58.79,58.79,0,0.0
1690434670,58.79,58.79,58.79,58.79,0,0.0
1690434671,58.79,58.79,58.79,58.79,0,0.0
1690434672,58.79,58.79,58.79,58.79,0,0.0
1690434673,58.79,58.79,58.79,58.79,0,0.0
1690434674,58.79,58.79,58.79,58.79,0,0.0
1690434675,58.8,58.8,58.75,58.75,28900,1698133.0
1690434676,58.75,58.75,58.75,58.75,300,17625.0
1690434677,58.75,58.75,58.75,58.75,0,0.0
1690434678,58.75,58.75,58.75,58.75,0,0.0
1690434679,58.75,58.75,58.75,58.75,0,0.0
1690434680,58.75,58.75,58.75,58.75,0,0.0
1690434681,58.75,58.75,58.75,58.75,0,0.0
1690434682,58.75,58.75,58.75,58.75,0,0.0
1690434683,58.75,58.75,58.75,58.75,0,0.0
1690434684,58.75,58.75,58.75,58.75,0,0.0
1690434685,58.75,58.75,58.75,58.75,0,0.0
1690434686,58.75,58.75,58.75,58.75,0,0.0
1690434687,58.75,58.75,58.75,58.75,0,0.0
1690434688,58.75,58.75,58.75,58.75,0,0.0
1690434689,58.75,58.75,58.75,58.75,0,0.0
1690434690,58.75,58.75,58.75,58.75,0,0.0
1690434691,58.78,58.78,58.78,58.78,200,11756.0
1690434692,58.78,58.78,58.78,58.78,0,0.0
1690434693,58.78,58.78,58.78,58.78,600,35268.0
1690434694,58.78,58.78,58.78,58.78,0,0.0
1690434695,58.78,58.78,58.78,58.78,0,0.0
1690434696,58.78,58.78,58.78,58.78,0,0.0
1690434697,58.79,58.79,58.79,58.79,400,23516.0
1690434698,58.79,58.79,58.79,58.79,0,0.0
1690434699,58.78,58.78,58.78,58.78,100,5878.0
1690434700,58.78,58.78,58.78,58.78,0,0.0
1690434701,58.78,58.78,58.78,58.78,0,0.0
1690434702,58.78,58.78,58.78,58.78,3700,217486.0
1690434703,58.78,58.78,58.78,58.78,0,0.0
1690434704,58.78,58.78,58.78,58.78,0,0.0
1690434705,58.78,58.78,58.78,58.78,600,35268.0
1690434706,58.78,58.78,58.78,58.78,0,0.0
1690434707,58.79,58.79,58.79,58.79,400,23516.0
1690434708,58.79,58.79,58.79,58.79,0,0.0
1690434709,58.79,58.79,58.79,58.79,0,0.0
1690434710,58.78,58.78,58.78,58.78,900,52902.0
1690434711,58.79,58.79,58.79,58.79,1700,99943.0
1690434712,58.79,58.79,58.79,58.79,0,0.0
1690434713,58.79,58.79,58.79,58.79,0,0.0
1690434714,58.79,58.79,58.79,58.79,0,0.0
1690434715,58.79,58.79,58.79,58.79,100,5879.0
1690434716,58.8,58.8,58.79,58.79,800,47038.0
1690434717,58.79,58.79,58.79,58.79,0,0.0
1690434718,58.79,58.79,58.79,58.79,0,0.0
1690434719,58.8,58.8,58.8,58.8,500,29400.0
1690434720,58.8,58.8,58.8,58.8,0,0.0
1690434721,58.78,58.78,58.78,58.78,300,17634.0
1690434722,58.78,58.78,58.78,58.78,0,0.0
1690434723,58.78,58.78,58.78,58.78,0,0.0
1690434724,58.78,58.78,58.78,58.78,0,0.0
1690434725,58.78,58.78,58.78,58.78,0,0.0
1690434726,58.79,58.79,58.79,58.79,100,5879.0
1690434727,58.79,58.79,58.79,58.79,0,0.0
1690434728,58.79,58.79,58.79,58.79,0,0.0
1690434729,58.79,58.79,58.79,58.79,200,11758.0
1690434730,58.79,58.79,58.79,58.79,0,0.0
1690434731,58.79,58.79,58.79,58.79,100,5879.0
1690434732,58.79,58.79,58.79,58.79,0,0.0
1690434733,58.79,58.79,58.79,58.79,0,0.0
1690434734,58.79,58.79,58.79,58.79,0,0.0
1690434735,58.78,58.78,58.78,58.78,1700,99926.0
1690434736,58.78,58.78,58.78,58.78,0,0.0
1690434737,58.78,58.78,58.78,58.78,100,5878.0
1690434738,58.78,58.78,58.78,58.78,300,17634.0
1690434739,58.78,58.78,58.78,58.78,0,0.0
1690434740,58.77,58.77,58.77,58.77,100,5877.0
1690434741,58.77,58.77,58.77,58.77,0,0.0
1690434742,58.77,58.77,58.77,58.77,1000,58770.0
1690434743,58.77,58.77,58.77,58.77,100,5877.0
1690434744,58.77,58.77,58.77,58.77,0,0.0
1690434745,58.77,58.77,58.77,58.77,0,0.0
1690434746,58.77,58.77,58.77,58.77,1200,70524.0
1690434747,58.77,58.77,58.77,58.77,0,0.0
1690434748,58.77,58.77,58.77,58.77,100,5877.0
1690434749,58.77,58.77,58.77,58.77,0,0.0
1690434750,58.77,58.77,58.77,58.77,0,0.0
1690434751,58.77,58.77,58.77,58.77,400,23508.0
1690434752,58.77,58.77,58.77,58.77,0,0.0
1690434753,58.77,58.77,58.77,58.77,0,0.0
1690434754,58.78,58.78,58.78,58.78,100,5878.0
1690434755,58.78,58.78,58.78,58.78,0,0.0
1690434756,58.78,58.78,58.78,58.78,0,0.0
1690434757,58.78,58.78,58.78,58.78,0,0.0
1690434758,58.78,58.78,58.78,58.78,0,0.0
1690434759,58.78,58.79,58.78,58.79,4100,241002.0
1690434760,58.79,58.79,58.79,58.79,0,0.0
1690434761,58.79,58.79,58.77,58.77,200,11756.0
1690434762,58.77,58.77,58.77,58.77,0,0.0
1690434763,58.77,58.77,58.77,58.77,0,0.0
1690434764,58.77,58.77,58.77,58.77,0,0.0
1690434765,58.77,58.77,58.77,58.77,0,0.0
1690434766,58.77,58.77,58.77,58.77,200,11754.0
1690434767,58.79,58.79,58.77,58.77,1100,64661.0
1690434768,58.77,58.77,58.77,58.77,0,0.0
1690434769,58.77,58.77,58.77,58.77,0,0.0
1690434770,58.78,58.78,58.78,58.78,700,41146.0
1690434771,58.78,58.78,58.78,58.78,0,0.0
1690434772,58.78,58.78,58.71,58.71,22400,1315638.0
1690434773,58.71,58.71,58.71,58.71,200,11742.0
1690434774,58.71,58.71,58.71,58.71,0,0.0
1690434775,58.71,58.71,58.71,58.71,0,0.0
1690434776,58.71,58.71,58.71,58.71,0,0.0
1690434777,58.77,58.77,58.71,58.71,900,52877.0
1690434778,58.71,58.71,58.71,58.71,0,0.0
1690434779,58.71,58.71,58.71,58.71,0,0.0
1690434780,58.71,58.71,58.71,58.71,0,0.0
1690434781,58.71,58.71,58.71,58.71,0,0.0
1690434782,58.71,58.71,58.71,58.71,0,0.0
1690434783,58.77,58.77,58.77,58.77,1000,58770.0
1690434784,58.77,58.77,58.77,58.77,0,0.0
1690434785,58.77,58.77,58.77,58.77,0,0.0
1690434786,58.77,58.77,58.77,58.77,0,0.0
1690434787,58.77,58.77,58.77,58.77,0,0.0
1690434788,58.73,58.73,58.73,58.73,400,23492.0
1690434789,58.73,58.73,58.73,58.73,0,0.0
1690434790,58.73,58.73,58.73,58.73,0,0.0
1690434791,58.73,58.73,58.73,58.73,0,0.0
1690434792,58.73,58.73,58.73,58.73,0,0.0
1690434793,58.73,58.73,58.73,58.73,400,23492.0
1690434794,58.73,58.73,58.73,58.73,0,0.0
1690434795,58.73,58.73,58.73,58.73,0,0.0
1690434796,58.73,58.73,58.73,58.73,400,23492.0
1690434797,58.73,58.73,58.73,58.73,0,0.0
1690434798,58.73,58.73,58.73,58.73,0,0.0
1690434799,58.75,58.76,58.75,58.76,4100,240880.0
1690434800,58.76,58.76,58.74,58.76,2600,152774.0
1690434801,58.76,58.76,58.76,58.76,0,0.0
1690434802,58.74,58.74,58.74,58.74,200,11748.0
1690434803,58.74,58.74,58.74,58.74,0,0.0
1690434804,58.74,58.74,58.74,58.74,0,0.0
1690434805,58.74,58.74,58.74,58.74,0,0.0
1690434806,58.74,58.74,58.74,58.74,0,0.0
1690434807,58.74,58.74,58.74,58.74,0,0.0
1690434808,58.75,58.75,58.75,58.75,100,5875.0
1690434809,58.77,58.77,58.77,58.77,300,17631.0
1690434810,58.77,58.77,58.77,58.77,0,0.0
1690434811,58.77,58.77,58.77,58.77,0,0.0
1690434812,58.77,58.77,58.77,58.77,0,0.0
1690434813,58.76,58.76,58.76,58.76,100,5876.0
1690434814,58.76,58.76,58.76,58.76,0,0.0
1690434815,58.75,58.75,58.75,58.75,100,5875.0
1690434816,58.75,58.75,58.75,58.75,0,0.0
1690434817,58.75,58.75,58.75,58.75,0,0.0
1690434818,58.75,58.75,58.75,58.75,0,0.0
1690434819,58.76,58.76,58.76,58.76,100,5876.0
1690434820,58.76,58.76,58.76,58.76,0,0.0
1690434821,58.75,58.75,58.75,58.75,1000,58750.0
1690434822,58.75,58.75,58.75,58.75,0,0.0
1690434823,58.75,58.75,58.75,58.75,0,0.0
1690434824,58.75,58.75,58.75,58.75,100,5875.0
1690434825,58.75,58.75,58.75,58.75,0,0.0
1690434826,58.75,58.75,58.75,58.75,200,11750.0
1690434827,58.77,58.77,58.77,58.77,100,5877.0
1690434828,58.77,58.77,58.77,58.77,0,0.0
1690434829,58.77,58.77,58.77,58.77,100,5877.0
1690434830,58.77,58.77,58.77,58.77,0,0.0
1690434831,58.77,58.77,58.77,58.77,0,0.0
1690434832,58.77,58.77,58.77,58.77,100,5877.0
1690434833,58.77,58.77,58.77,58.77,0,0.0
1690434834,58.77,58.77,58.77,58.77,0,0.0
1690434835,58.77,58.77,58.77,58.77,0,0.0
1690434836,58.77,58.77,58.77,58.77,0,0.0
1690434837,58.76,58.76,58.76,58.76,800,47008.0
1690434838,58.76,58.76,58.76,58.76,200,11752.0
1690434839,58.76,58.76,58.76,58.76,4100,240916.0
1690434840,58.76,58.76,58.76,58.76,2000,117520.0
1690434841,58.76,58.76,58.76,58.76,0,0.0
1690434842,58.76,58.76,58.76,58.76,0,0.0
1690434843,58.76,58.76,58.76,58.76,0,0.0
1690434844,58.76,58.76,58.76,58.76,0,0.0
1690434845,58.75,58.75,58.75,58.75,400,23500.0
1690434846,58.75,58.75,58.75,58.75,0,0.0
1690434847,58.75,58.75,58.75,58.75,0,0.0
1690434848,58.76,58.76,58.76,58.76,1000,58760.0
1690434849,58.76,58.76,58.76,58.76,0,0.0
1690434850,58.76,58.76,58.76,58.76,300,17628.0
1690434851,58.75,58.75,58.75,58.75,500,29375.0
1690434852,58.75,58.75,58.75,58.75,0,0.0
1690434853,58.75,58.75,58.75,58.75,400,23500.0
1690434854,58.75,58.75,58.75,58.75,0,0.0
1690434855,58.75,58.75,58.75,58.75,0,0.0
1690434856,58.76,58.76,58.75,58.75,300,17626.0
1690434857,58.75,58.75,58.75,58.75,0,0.0
1690434858,58.75,58.75,58.75,58.75,0,0.0
1690434859,58.75,58.75,58.75,58.75,0,0.0
1690434860,58.75,58.75,58.75,58.75,0,0.0
1690434861,58.75,58.75,58.75,58.75,0,0.0
1690434862,58.75,58.75,58.75,58.75,0,0.0
1690434863,58.75,58.75,58.75,58.75,0,0.0
1690434864,58.75,58.75,58.75,58.75,0,0.0
1690434865,58.75,58.75,58.75,58.75,0,0.0
1690434866,58.75,58.75,58.75,58.75,0,0.0
1690434867,58.75,58.75,58.75,58.75,0,0.0
1690434868,58.75,58.75,58.75,58.75,0,0.0
1690434869,58.77,58.77,58.77,58.77,100,5877.0
1690434870,58.77,58.77,58.77,58.77,0,0.0
1690434871,58.77,58.77,58.77,58.77,0,0.0
1690434872,58.77,58.77,58.77,58.77,0,0.0
1690434873,58.77,58.77,58.77,58.77,0,0.0
1690434874,58.77,58.77,58.77,58.77,0,0.0
1690434875,58.78,58.78,58.78,58.78,200,11756.0
1690434876,58.78,58.78,58.78,58.78,0,0.0
1690434877,58.77,58.78,58.77,58.78,900,52901.0
1690434878,58.78,58.78,58.78,58.78,500,29390.0
1690434879,58.78,58.78,58.78,58.78,0,0.0
1690434880,58.78,58.78,58.78,58.78,0,0.0
1690434881,58.79,58.79,58.79,58.79,700,41153.0
1690434882,58.79,58.79,58.79,58.79,0,0.0
1690434883,58.79,58.79,58.79,58.79,0,0.0
1690434884,58.79,58.79,58.79,58.79,0,0.0
1690434885,58.79,58.79,58.79,58.79,1000,58790.0
1690434886,58.78,58.78,58.78,58.78,200,11756.0
1690434887,58.78,58.78,58.78,58.78,0,0.0
1690434888,58.79,58.79,58.79,58.79,100,5879.0
1690434889,58.79,58.79,58.79,58.79,0,0.0
1690434890,58.79,58.79,58.79,58.79,0,0.0
1690434891,58.79,58.79,58.79,58.79,400,23516.0
1690434892,58.79,58.79,58.79,58.79,0,0.0
1690434893,58.79,58.79,58.79,58.79,0,0.0
1690434894,58.79,58.79,58.79,58.79,300,17637.0
1690434895,58.79,58.79,58.79,58.79,0,0.0
1690434896,58.79,58.79,58.79,58.79,100,5879.0
1690434897,58.79,58.79,58.79,58.79,100,5879.0
1690434898,58.79,58.79,58.79,58.79,0,0.0
1690434899,58.79,58.79,58.79,58.79,0,0.0
1690434900,58.79,58.79,58.79,58.79,0,0.0
1690434901,58.78,58.78,58.78,58.78,300,17634.0
1690434902,58.79,58.79,58.79,58.79,1000,58790.0
1690434903,58.79,58.79,58.79,58.79,0,0.0
1690434904,58.79,58.79,58.79,58.79,0,0.0
1690434905,58.79,58.79,58.79,58.79,0,0.0
1690434906,58.79,58.79,58.79,58.79,0,0.0
1690434907,58.79,58.79,58.79,58.79,0,0.0
1690434908,58.79,58.79,58.79,58.79,200,11758.0
1690434909,58.79,58.79,58.79,58.79,100,5879.0
1690434910,58.78,58.78,58.78,58.78,1000,58780.0
1690434911,58.78,58.78,58.78,58.78,0,0.0
1690434912,58.78,58.78,58.78,58.78,0,0.0
1690434913,58.78,58.78,58.78,58.78,0,0.0
1690434914,58.78,58.78,58.78,58.78,0,0.0
1690434915,58.79,58.79,58.79,58.79,200,11758.0
1690434916,58.79,58.79,58.79,58.79,0,0.0
1690434917,58.79,58.79,58.79,58.79,0,0.0
1690434918,58.79,58.79,58.79,58.79,0,0.0
1690434919,58.79,58.79,58.79,58.79,0,0.0
1690434920,58.79,58.79,58.79,58.79,0,0.0
1690434921,58.79,58.79,58.79,58.79,0,0.0
1690434922,58.79,58.79,58.79,58.79,0,0.0
1690434923,58.79,58.79,58.79,58.79,200,11758.0
1690434924,58.79,58.79,58.79,58.79,0,0.0
1690434925,58.79,58.79,58.79,58.79,0,0.0
1690434926,58.79,58.79,58.79,58.79,0,0.0
1690434927,58.79,58.79,58.79,58.79,0,0.0
1690434928,58.79,58.79,58.79,58.79,0,0.0
1690434929,58.79,58.79,58.79,58.79,0,0.0
1690434930,58.79,58.79,58.79,58.79,0,0.0
1690434931,58.79,58.79,58.79,58.79,300,17637.0
1690434932,58.8,58.8,58.8,58.8,300,17640.0
1690434933,58.8,58.8,58.8,58.8,0,0.0
1690434934,58.8,58.8,58.8,58.8,0,0.0
1690434935,58.8,58.8,58.8,58.8,0,0.0
1690434936,58.8,58.8,58.8,58.8,0,0.0
1690434937,58.8,58.8,58.8,58.8,500,29400.0
1690434938,58.8,58.8,58.8,58.8,0,0.0
1690434939,58.8,58.8,58.8,58.8,0,0.0
1690434940,58.79,58.79,58.79,58.79,500,29395.0
1690434941,58.79,58.79,58.79,58.79,0,0.0
1690434942,58.79,58.79,58.79,58.79,0,0.0
1690434943,58.79,58.79,58.79,58.79,400,23516.0
1690434944,58.79,58.79,58.79,58.79,0,0.0
1690434945,58.79,58.79,58.79,58.79,0,0.0
1690434946,58.79,58.79,58.79,58.79,0,0.0
1690434947,58.8,58.8,58.8,58.8,100,5880.0
1690434948,58.8,58.8,58.8,58.8,0,0.0
1690434949,58.8,58.8,58.8,58.8,0,0.0
1690434950,58.79,58.8,58.79,58.8,300,17639.0
1690434951,58.8,58.8,58.8,58.8,0,0.0
1690434952,58.8,58.8,58.8,58.8,0,0.0
1690434953,58.79,58.79,58.79,58.79,100,5879.0
1690434954,58.79,58.79,58.79,58.79,0,0.0
1690434955,58.79,58.79,58.79,58.79,0,0.0
1690434956,58.8,58.8,58.8,58.8,500,29400.0
1690434957,58.8,58.8,58.8,58.8,0,0.0
1690434958,58.8,58.8,58.8,58.8,0,0.0
1690434959,58.79,58.79,58.79,58.79,100,5879.0
1690434960,58.79,58.79,58.79,58.79,0,0.0
1690434961,58.79,58.8,58.79,58.8,700,41157.0
1690434962,58.8,58.8,58.8,58.8,0,0.0
1690434963,58.8,58.8,58.8,58.8,0,0.0
1690434964,58.8,58.8,58.8,58.8,0,0.0
1690434965,58.8,58.8,58.8,58.8,0,0.0
1690434966,58.8,58.8,58.8,58.8,0,0.0
1690434967,58.8,58.8,58.79,58.79,1100,64670.0
1690434968,58.79,58.79,58.79,58.79,0,0.0
1690434969,58.79,58.79,58.79,58.79,0,0.0
1690434970,58.79,58.79,58.79,58.79,0,0.0
1690434971,58.8,58.8,58.8,58.8,100,5880.0
1690434972,58.8,58.8,58.8,58.8,0,0.0
1690434973,58.8,58.8,58.8,58.8,0,0.0
1690434974,58.8,58.8,58.8,58.8,0,0.0
1690434975,58.8,58.8,58.8,58.8,200,11760.0
1690434976,58.8,58.8,58.8,58.8,0,0.0
1690434977,58.8,58.8,58.79,58.79,1000,58794.0
1690434978,58.79,58.79,58.79,58.79,0,0.0
1690434979,58.79,58.79,58.79,58.79,0,0.0
1690434980,58.79,58.79,58.79,58.79,0,0.0
1690434981,58.79,58.79,58.79,58.79,0,0.0
1690434982,58.79,58.79,58.79,58.79,0,0.0
1690434983,58.8,58.8,58.8,58.8,300,17640.0
1690434984,58.8,58.8,58.8,58.8,0,0.0
1690434985,58.8,58.8,58.8,58.8,0,0.0
1690434986,58.8,58.8,58.8,58.8,0,0.0
1690434987,58.8,58.8,58.8,58.8,0,0.0
1690434988,58.8,58.8,58.8,58.8,0,0.0
1690434989,58.79,58.79,58.79,58.79,100,5879.0
1690434990,58.79,58.79,58.79,58.79,0,0.0
1690434991,58.79,58.79,58.79,58.79,400,23516.0
1690434992,58.79,58.79,58.79,58.79,0,0.0
1690434993,58.79,58.8,58.79,58.8,500,29396.0
1690434994,58.8,58.8,58.79,58.79,500,29396.0
1690434995,58.79,58.79,58.79,58.79,0,0.0
1690434996,58.79,58.79,58.79,58.79,0,0.0
1690434997,58.79,58.79,58.79,58.79,0,0.0
1690434998,58.79,58.79,58.79,58.79,0,0.0
1690434999,58.79,58.79,58.79,58.79,200,11758.0
1690435000,58.79,58.79,58.79,58.79,0,0.0
1690435001,58.79,58.79,58.79,58.79,500,29395.0
1690435002,58.79,58.79,58.79,58.79,0,0.0
1690435003,58.79,58.79,58.79,58.79,0,0.0
1690435004,58.79,58.79,58.79,58.79,0,0.0
1690435005,58.79,58.79,58.79,58.79,0,0.0
1690435006,58.79,58.79,58.79,58.79,0,0.0
1690435007,58.78,58.79,58.78,58.79,500,29393.0
1690435008,58.79,58.79,58.79,58.79,0,0.0
1690435009,58.79,58.79,58.79,58.79,0,0.0
1690435010,58.79,58.79,58.79,58.79,0,0.0
1690435011,58.79,58.79,58.79,58.79,0,0.0
1690435012,58.79,58.79,58.79,58.79,0,0.0
1690435013,58.79,58.79,58.79,58.79,0,0.0
1690435014,58.79,58.79,58.79,58.79,0,0.0
1690435015,58.78,58.78,58.78,58.78,100,5878.0
1690435016,58.78,58.78,58.78,58.78,0,0.0
1690435017,58.78,58.78,58.78,58.78,0,0.0
1690435018,58.78,58.78,58.78,58.78,1000,58780.0
1690435019,58.78,58.78,58.78,58.78,0,0.0
1690435020,58.78,58.78,58.78,58.78,0,0.0
1690435021,58.78,58.78,58.78,58.78,300,17634.0
1690435022,58.78,58.78,58.78,58.78,0,0.0
1690435023,58.78,58.78,58.78,58.78,0,0.0
1690435024,58.78,58.78,58.78,58.78,0,0.0
1690435025,58.78,58.78,58.78,58.78,0,0.0
1690435026,58.78,58.78,58.78,58.78,0,0.0
1690435027,58.78,58.78,58.78,58.78,0,0.0
1690435028,58.78,58.78,58.78,58.78,0,0.0
1690435029,58.77,58.77,58.77,58.77,200,11754.0
1690435030,58.77,58.77,58.77,58.77,0,0.0
1690435031,58.77,58.77,58.77,58.77,0,0.0
1690435032,58.77,58.77,58.77,58.77,0,0.0
1690435033,58.77,58.77,58.77,58.77,0,0.0
1690435034,58.77,58.77,58.77,58.77,600,35262.0
1690435035,58.77,58.77,58.77,58.77,0,0.0
1690435036,58.77,58.77,58.77,58.77,0,0.0
1690435037,58.77,58.77,58.77,58.77,0,0.0
1690435038,58.77,58.77,58.77,58.77,0,0.0
1690435039,58.77,58.77,58.77,58.77,0,0.0
1690435040,58.78,58.78,58.74,58.74,5200,305566.0
1690435041,58.74,58.74,58.74,58.74,0,0.0
1690435042,58.74,58.74,58.74,58.74,0,0.0
1690435043,58.74,58.74,58.74,58.74,0,0.0
1690435044,58.74,58.74,58.74,58.74,0,0.0
1690435045,58.74,58.74,58.74,58.74,0,0.0
1690435046,58.74,58.74,58.74,58.74,0,0.0
1690435047,58.78,58.78,58.78,58.78,700,41146.0
1690435048,58.78,58.78,58.78,58.78,0,0.0
1690435049,58.78,58.78,58.78,58.78,0,0.0
1690435050,58.78,58.78,58.78,58.78,0,0.0
1690435051,58.78,58.78,58.78,58.78,0,0.0
1690435052,58.78,58.78,58.78,58.78,0,0.0
1690435053,58.77,58.77,58.77,58.77,100,5877.0
1690435054,58.77,58.77,58.77,58.77,0,0.0
1690435055,58.77,58.77,58.77,58.77,100,5877.0
1690435056,58.77,58.77,58.77,58.77,1900,111663.0000000298
1690435057,58.77,58.77,58.77,58.77,0,0.0
1690435058,58.77,58.77,58.77,58.77,0,0.0
1690435059,58.77,58.77,58.77,58.77,0,0.0
1690435060,58.77,58.77,58.77,58.77,0,0.0
1690435061,58.78,58.78,58.77,58.77,400,23511.0
1690435062,58.77,58.77,58.77,58.77,0,0.0
1690435063,58.77,58.77,58.77,58.77,0,0.0
1690435064,58.77,58.77,58.77,58.77,300,17631.0
1690435065,58.77,58.77,58.77,58.77,0,0.0
1690435066,58.77,58.77,58.77,58.77,300,17631.0
1690435067,58.77,58.77,58.77,58.77,0,0.0
1690435068,58.77,58.77,58.77,58.77,0,0.0
1690435069,58.77,58.77,58.77,58.77,0,0.0
1690435070,58.77,58.77,58.77,58.77,0,0.0
1690435071,58.77,58.77,58.77,58.77,0,0.0
1690435072,58.77,58.77,58.77,58.77,0,0.0
1690435073,58.78,58.78,58.78,58.78,100,5878.0
1690435074,58.78,58.78,58.78,58.78,0,0.0
1690435075,58.77,58.77,58.77,58.77,100,5877.0
1690435076,58.77,58.77,58.77,58.77,0,0.0
1690435077,58.77,58.77,58.77,58.77,0,0.0
1690435078,58.78,58.78,58.78,58.78,300,17634.0
1690435079,58.78,58.78,58.78,58.78,0,0.0
1690435080,58.78,58.78,58.78,58.78,0,0.0
1690435081,58.78,58.78,58.78,58.78,0,0.0
1690435082,58.78,58.78,58.78,58.78,0,0.0
1690435083,58.78,58.78,58.78,58.78,0,0.0
1690435084,58.78,58.78,58.78,58.78,0,0.0
1690435085,58.79,58.8,58.79,58.8,500,29396.0
1690435086,58.8,58.8,58.8,58.8,0,0.0
1690435087,58.8,58.8,58.8,58.8,0,0.0
1690435088,58.8,58.8,58.8,58.8,0,0.0
1690435089,58.8,58.8,58.8,58.8,0,0.0
1690435090,58.8,58.8,58.8,58.8,0,0.0
1690435091,58.79,58.79,58.79,58.79,300,17637.0
1690435092,58.79,58.79,58.79,58.79,0,0.0
1690435093,58.79,58.79,58.79,58.79,0,0.0
1690435094,58.79,58.79,58.79,58.79,0,0.0
1690435095,58.79,58.79,58.79,58.79,0,0.0
1690435096,58.79,58.79,58.79,58.79,300,17637.0
1690435097,58.79,58.79,58.79,58.79,0,0.0
1690435098,58.79,58.79,58.79,58.79,0,0.0
1690435099,58.79,58.79,58.79,58.79,0,0.0
1690435100,58.79,58.79,58.79,58.79,0,0.0
1690435101,58.79,58.79,58.79,58.79,0,0.0
1690435102,58.8,58.8,58.8,58.8,300,17640.0
1690435103,58.8,58.8,58.8,58.8,0,0.0
1690435104,58.8,58.8,58.8,58.8,0,0.0
1690435105,58.8,58.8,58.8,58.8,0,0.0
1690435106,58.8,58.8,58.8,58.8,0,0.0
1690435107,58.8,58.8,58.8,58.8,0,0.0
1690435108,58.8,58.8,58.8,58.8,0,0.0
1690435109,58.8,58.8,58.8,58.8,0,0.0
1690435110,58.8,58.8,58.8,58.8,0,0.0
1690435111,58.8,58.8,58.8,58.8,0,0.0
1690435112,58.8,58.8,58.8,58.8,0,0.0
1690435113,58.8,58.8,58.8,58.8,0,0.0
1690435114,58.8,58.8,58.8,58.8,0,0.0
1690435115,58.8,58.8,58.8,58.8,0,0.0
1690435116,58.8,58.8,58.8,58.8,200,11760.0
1690435117,58.8,58.8,58.8,58.8,0,0.0
1690435118,58.79,58.79,58.79,58.79,300,17637.0
1690435119,58.79,58.79,58.79,58.79,0,0.0
1690435120,58.79,58.79,58.79,58.79,0,0.0
1690435121,58.8,58.8,58.8,58.8,5600,329280.0
1690435122,58.8,58.8,58.8,58.8,0,0.0
1690435123,58.8,58.8,58.8,58.8,0,0.0
1690435124,58.8,58.8,58.8,58.8,0,0.0
1690435125,58.8,58.8,58.8,58.8,0,0.0
1690435126,58.8,58.8,58.79,58.79,700,41157.0
1690435127,58.79,58.79,58.79,58.79,0,0.0
1690435128,58.79,58.79,58.79,58.79,0,0.0
1690435129,58.8,58.8,58.8,58.8,100,5880.0
1690435130,58.8,58.8,58.8,58.8,0,0.0
1690435131,58.8,58.8,58.8,58.8,200,11760.0
1690435132,58.8,58.8,58.8,58.8,0,0.0
1690435133,58.8,58.8,58.8,58.8,0,0.0
1690435134,58.8,58.8,58.8,58.8,0,0.0
1690435135,58.8,58.8,58.8,58.8,0,0.0
1690435136,58.8,58.8,58.8,58.8,0,0.0
1690435137,58.8,58.8,58.8,58.8,0,0.0
1690435138,58.8,58.8,58.8,58.8,0,0.0
1690435139,58.8,58.8,58.8,58.8,0,0.0
1690435140,58.8,58.8,58.8,58.8,100,5880.0
1690435141,58.8,58.8,58.8,58.8,0,0.0
1690435142,58.8,58.8,58.8,58.8,700,41160.0
1690435143,58.8,58.8,58.8,58.8,0,0.0
1690435144,58.8,58.8,58.8,58.8,0,0.0
1690435145,58.8,58.8,58.8,58.8,300,17640.0
1690435146,58.8,58.8,58.8,58.8,0,0.0
1690435147,58.8,58.8,58.8,58.8,100,5880.0
1690435148,58.8,58.8,58.8,58.8,0,0.0
1690435149,58.8,58.8,58.8,58.8,0,0.0
1690435150,58.8,58.8,58.8,58.8,0,0.0
1690435151,58.8,58.8,58.8,58.8,0,0.0
1690435152,58.8,58.8,58.8,58.8,0,0.0
1690435153,58.8,58.8,58.8,58.8,0,0.0
1690435154,58.8,58.8,58.8,58.8,0,0.0
1690435155,58.8,58.8,58.8,58.8,0,0.0
1690435156,58.8,58.8,58.8,58.8,0,0.0
1690435157,58.8,58.8,58.8,58.8,0,0.0
1690435158,58.8,58.8,58.8,58.8,0,0.0
1690435159,58.8,58.8,58.8,58.8,0,0.0
1690435160,58.8,58.8,58.8,58.8,0,0.0
1690435161,58.8,58.81,58.8,58.81,5800,341065.5
1690435162,58.81,58.81,58.81,58.81,0,0.0
1690435163,58.81,58.81,58.81,58.81,0,0.0
1690435164,58.81,58.81,58.81,58.81,100,5881.0
1690435165,58.81,58.81,58.81,58.81,0,0.0
1690435166,58.81,58.81,58.81,58.81,0,0.0
1690435167,58.79,58.8,58.79,58.8,2700,158758.0
1690435168,58.8,58.8,58.8,58.8,0,0.0
1690435169,58.8,58.8,58.8,58.8,0,0.0
1690435170,58.8,58.8,58.8,58.8,0,0.0
1690435171,58.79,58.79,58.79,58.79,200,11758.0
1690435172,58.79,58.79,58.79,58.79,800,47032.0
1690435173,58.79,58.79,58.79,58.79,0,0.0
1690435174,58.79,58.79,58.79,58.79,0,0.0
1690435175,58.79,58.79,58.79,58.79,200,11758.0
1690435176,58.79,58.79,58.79,58.79,0,0.0
1690435177,58.79,58.79,58.79,58.79,100,5879.0
1690435178,58.79,58.79,58.79,58.79,0,0.0
1690435179,58.79,58.79,58.79,58.79,0,0.0
1690435180,58.79,58.79,58.79,58.79,0,0.0
1690435181,58.79,58.79,58.79,58.79,0,0.0
1690435182,58.8,58.8,58.8,58.8,300,17640.0
1690435183,58.79,58.79,58.79,58.79,700,41153.0
1690435184,58.79,58.79,58.79,58.79,0,0.0
1690435185,58.79,58.79,58.79,58.79,0,0.0
1690435186,58.79,58.79,58.79,58.79,0,0.0
1690435187,58.79,58.79,58.79,58.79,800,47032.0
1690435188,58.79,58.79,58.79,58.79,1900,111701.0
1690435189,58.79,58.79,58.79,58.79,0,0.0
1690435190,58.79,58.79,58.79,58.79,0,0.0
1690435191,58.79,58.79,58.79,58.79,0,0.0
1690435192,58.79,58.79,58.79,58.79,0,0.0
1690435193,58.79,58.79,58.79,58.79,100,5879.0
1690435194,58.79,58.79,58.79,58.79,0,0.0
1690435195,58.79,58.79,58.79,58.79,0,0.0
1690435196,58.79,58.79,58.79,58.79,0,0.0
1690435197,58.79,58.79,58.79,58.79,0,0.0
1690435198,58.79,58.79,58.79,58.79,100,5879.0
1690435199,58.79,58.79,58.79,58.79,100,5879.0
1690435200,58.79,58.79,58.79,58.79,0,0.0
1690435201,58.8,58.8,58.79,58.79,5400,317508.0
1690435202,58.79,58.79,58.79,58.79,0,0.0
1690435203,58.79,58.79,58.79,58.79,0,0.0
1690435204,58.75,58.76,58.75,58.76,400,23501.0
1690435205,58.76,58.76,58.76,58.76,2200,129272.0
1690435206,58.76,58.76,58.76,58.76,0,0.0
1690435207,58.75,58.75,58.75,58.75,100,5875.0
1690435208,58.75,58.75,58.75,58.75,0,0.0
1690435209,58.75,58.75,58.75,58.75,0,0.0
1690435210,58.75,58.75,58.75,58.75,0,0.0
1690435211,58.75,58.75,58.75,58.75,0,0.0
1690435212,58.75,58.75,58.75,58.75,0,0.0
1690435213,58.75,58.75,58.75,58.75,0,0.0
1690435214,58.75,58.75,58.75,58.75,0,0.0
1690435215,58.75,58.75,58.75,58.75,0,0.0
1690435216,58.75,58.75,58.75,58.75,0,0.0
1690435217,58.75,58.75,58.75,58.75,0,0.0
1690435218,58.75,58.75,58.75,58.75,0,0.0
1690435219,58.75,58.75,58.75,58.75,0,0.0
1690435220,58.75,58.75,58.75,58.75,400,23500.0
1690435221,58.75,58.75,58.75,58.75,0,0.0
1690435222,58.75,58.75,58.75,58.75,0,0.0
1690435223,58.73,58.73,58.72,58.72,1600,93954.0
1690435224,58.72,58.72,58.72,58.72,500,29360.0
1690435225,58.72,58.72,58.72,58.72,0,0.0
1690435226,58.73,58.73,58.73,58.73,100,5873.0
1690435227,58.73,58.73,58.73,58.73,0,0.0
1690435228,58.73,58.73,58.73,58.73,0,0.0
1690435229,58.73,58.73,58.73,58.73,0,0.0
1690435230,58.73,58.73,58.73,58.73,0,0.0
1690435231,58.72,58.73,58.72,58.73,300,17617.0
1690435232,58.73,58.73,58.73,58.73,0,0.0
1690435233,58.73,58.73,58.73,58.73,0,0.0
1690435234,58.72,58.72,58.72,58.72,100,5872.0
1690435235,58.72,58.72,58.72,58.72,0,0.0
1690435236,58.72,58.72,58.72,58.72,0,0.0
1690435237,58.72,58.72,58.72,58.72,0,0.0
1690435238,58.72,58.72,58.72,58.72,0,0.0
1690435239,58.72,58.72,58.72,58.72,0,0.0
1690435240,58.72,58.72,58.72,58.72,0,0.0
1690435241,58.72,58.72,58.72,58.72,0,0.0
1690435242,58.72,58.72,58.72,58.72,0,0.0
1690435243,58.72,58.72,58.72,58.72,0,0.0
1690435244,58.73,58.73,58.73,58.73,100,5873.0
1690435245,58.73,58.73,58.73,58.73,0,0.0
1690435246,58.73,58.73,58.73,58.73,0,0.0
1690435247,58.73,58.73,58.73,58.73,0,0.0
1690435248,58.73,58.73,58.73,58.73,0,0.0
1690435249,58.73,58.73,58.73,58.73,0,0.0
1690435250,58.74,58.74,58.74,58.74,100,5874.0
1690435251,58.74,58.74,58.74,58.74,0,0.0
1690435252,58.74,58.74,58.74,58.74,0,0.0
1690435253,58.74,58.74,58.74,58.74,0,0.0
1690435254,58.74,58.74,58.74,58.74,0,0.0
1690435255,58.74,58.74,58.74,58.74,0,0.0
1690435256,58.74,58.74,58.74,58.74,100,5874.0
1690435257,58.74,58.74,58.74,58.74,0,0.0
1690435258,58.74,58.74,58.74,58.74,100,5874.0
1690435259,58.74,58.74,58.74,58.74,500,29370.0
1690435260,58.74,58.74,58.74,58.74,0,0.0
1690435261,58.74,58.74,58.74,58.74,200,11748.0
1690435262,58.74,58.74,58.74,58.74,0,0.0
1690435263,58.74,58.74,58.74,58.74,0,0.0
1690435264,58.74,58.74,58.74,58.74,0,0.0
1690435265,58.74,58.74,58.74,58.74,0,0.0
1690435266,58.75,58.75,58.75,58.75,300,17625.0
1690435267,58.75,58.75,58.75,58.75,200,11750.0
1690435268,58.75,58.75,58.75,58.75,2200,129250.0
1690435269,58.75,58.75,58.75,58.75,0,0.0
1690435270,58.75,58.75,58.75,58.75,0,0.0
1690435271,58.75,58.75,58.75,58.75,0,0.0
1690435272,58.75,58.75,58.75,58.75,0,0.0
1690435273,58.75,58.75,58.75,58.75,0,0.0
1690435274,58.76,58.76,58.76,58.76,100,5876.0
1690435275,58.75,58.75,58.75,58.75,200,11750.0
1690435276,58.75,58.75,58.75,58.75,0,0.0
1690435277,58.75,58.75,58.75,58.75,300,17625.0
1690435278,58.75,58.75,58.75,58.75,0,0.0
1690435279,58.75,58.75,58.75,58.75,0,0.0
1690435280,58.75,58.75,58.75,58.75,0,0.0
1690435281,58.75,58.75,58.75,58.75,0,0.0
1690435282,58.75,58.75,58.75,58.75,0,0.0
1690435283,58.75,58.75,58.75,58.75,0,0.0
1690435284,58.75,58.75,58.75,58.75,0,0.0
1690435285,58.75,58.76,58.75,58.76,1000,58755.0
1690435286,58.75,58.75,58.74,58.74,4900,287866.0
1690435287,58.74,58.74,58.74,58.74,0,0.0
1690435288,58.74,58.74,58.74,58.74,0,0.0
1690435289,58.74,58.74,58.74,58.74,0,0.0
1690435290,58.74,58.74,58.74,58.74,0,0.0
1690435291,58.75,58.75,58.75,58.75,200,11750.0
1690435292,58.75,58.75,58.75,58.75,0,0.0
1690435293,58.76,58.76,58.76,58.76,200,11752.0
1690435294,58.76,58.76,58.76,58.76,0,0.0
1690435295,58.76,58.76,58.76,58.76,0,0.0
1690435296,58.76,58.76,58.75,58.75,400,23501.0
1690435297,58.75,58.75,58.75,58.75,0,0.0
1690435298,58.75,58.75,58.75,58.75,0,0.0
1690435299,58.75,58.75,58.75,58.75,0,0.0
1690435300,58.75,58.75,58.75,58.75,0,0.0
1690435301,58.75,58.75,58.75,58.75,100,5875.0
1690435302,58.76,58.76,58.76,58.76,15000,881400.0
1690435303,58.76,58.76,58.76,58.76,0,0.0
1690435304,58.75,58.75,58.75,58.75,700,41125.0
1690435305,58.75,58.75,58.75,58.75,100,5875.0
1690435306,58.75,58.75,58.75,58.75,300,17625.0
1690435307,58.75,58.75,58.75,58.75,800,47000.0
1690435308,58.75,58.75,58.75,58.75,0,0.0
1690435309,58.76,58.76,58.76,58.76,100,5876.0
1690435310,58.76,58.76,58.76,58.76,0,0.0
1690435311,58.76,58.76,58.76,58.76,0,0.0
1690435312,58.75,58.75,58.75,58.75,100,5875.0
1690435313,58.75,58.75,58.75,58.75,1200,70500.0
1690435314,58.75,58.75,58.75,58.75,0,0.0
1690435315,58.75,58.75,58.75,58.75,100,5875.0
1690435316,58.75,58.75,58.75,58.75,0,0.0
1690435317,58.75,58.75,58.75,58.75,0,0.0
1690435318,58.75,58.75,58.75,58.75,0,0.0
1690435319,58.75,58.75,58.75,58.75,0,0.0
1690435320,58.75,58.75,58.75,58.75,0,0.0
1690435321,58.75,58.76,58.75,58.76,2200,129266.0
1690435322,58.76,58.76,58.76,58.76,100,5876.0
1690435323,58.76,58.76,58.76,58.76,0,0.0
1690435324,58.76,58.76,58.76,58.76,0,0.0
1690435325,58.76,58.76,58.76,58.76,0,0.0
1690435326,58.76,58.76,58.76,58.76,0,0.0
1690435327,58.76,58.76,58.76,58.76,0,0.0
1690435328,58.76,58.76,58.76,58.76,100,5876.0
1690435329,58.76,58.76,58.76,58.76,0,0.0
1690435330,58.76,58.76,58.76,58.76,0,0.0
1690435331,58.76,58.76,58.76,58.76,0,0.0
1690435332,58.76,58.76,58.76,58.76,0,0.0
1690435333,58.76,58.76,58.76,58.76,0,0.0
1690435334,58.75,58.75,58.75,58.75,400,23500.0
1690435335,58.75,58.75,58.75,58.75,0,0.0
1690435336,58.75,58.75,58.75,58.75,300,17625.0
1690435337,58.75,58.75,58.75,58.75,0,0.0
1690435338,58.75,58.75,58.75,58.75,0,0.0
1690435339,58.75,58.75,58.75,58.75,0,0.0
1690435340,58.75,58.75,58.75,58.75,0,0.0
1690435341,58.75,58.75,58.75,58.75,0,0.0
1690435342,58.75,58.75,58.75,58.75,0,0.0
1690435343,58.75,58.75,58.75,58.75,0,0.0
1690435344,58.75,58.75,58.75,58.75,0,0.0
1690435345,58.74,58.74,58.74,58.74,300,17622.0
1690435346,58.74,58.74,58.74,58.74,0,0.0
1690435347,58.74,58.74,58.74,58.74,0,0.0
1690435348,58.73,58.74,58.72,58.73,3000,176196.0
1690435349,58.73,58.73,58.73,58.73,0,0.0
1690435350,58.73,58.73,58.73,58.73,100,5873.0
1690435351,58.73,58.73,58.73,58.73,0,0.0
1690435352,58.73,58.73,58.73,58.73,0,0.0
1690435353,58.73,58.73,58.73,58.73,0,0.0
1690435354,58.73,58.73,58.73,58.73,0,0.0
1690435355,58.72,58.72,58.72,58.72,300,17616.0
1690435356,58.72,58.72,58.72,58.72,700,41104.0
1690435357,58.72,58.72,58.72,58.72,0,0.0
1690435358,58.73,58.73,58.73,58.73,1000,58730.0
1690435359,58.73,58.73,58.73,58.73,0,0.0
1690435360,58.72,58.72,58.72,58.72,100,5872.0
1690435361,58.72,58.72,58.72,58.72,700,41104.0
1690435362,58.72,58.72,58.72,58.72,0,0.0
1690435363,58.74,58.74,58.74,58.74,1700,99858.0
1690435364,58.73,58.75,58.73,58.75,2400,140972.0
1690435365,58.75,58.75,58.75,58.75,0,0.0
1690435366,58.74,58.74,58.74,58.74,500,29370.0
1690435367,58.74,58.74,58.74,58.74,300,17622.0
1690435368,58.74,58.74,58.74,58.74,0,0.0
1690435369,58.74,58.74,58.74,58.74,0,0.0
1690435370,58.74,58.74,58.74,58.74,0,0.0
1690435371,58.74,58.74,58.74,58.74,0,0.0
1690435372,58.74,58.74,58.74,58.74,0,0.0
1690435373,58.74,58.74,58.74,58.74,0,0.0
1690435374,58.74,58.74,58.74,58.74,4100,240834.0
1690435375,58.74,58.74,58.74,58.74,0,0.0
1690435376,58.74,58.74,58.74,58.74,0,0.0
1690435377,58.74,58.74,58.74,58.74,0,0.0
1690435378,58.74,58.74,58.74,58.74,100,5874.0
1690435379,58.74,58.74,58.74,58.74,0,0.0
1690435380,58.74,58.74,58.74,58.74,1100,64614.0
1690435381,58.74,58.74,58.74,58.74,0,0.0
1690435382,58.73,58.74,58.72,58.72,900,52852.0
1690435383,58.72,58.72,58.72,58.72,0,0.0
1690435384,58.72,58.72,58.72,58.72,0,0.0
1690435385,58.73,58.74,58.73,58.74,800,46986.0
1690435386,58.74,58.74,58.74,58.74,0,0.0
1690435387,58.74,58.74,58.74,58.74,0,0.0
1690435388,58.74,58.74,58.74,58.74,0,0.0
1690435389,58.74,58.74,58.74,58.74,0,0.0
1690435390,58.74,58.74,58.74,58.74,0,0.0
1690435391,58.74,58.74,58.74,58.74,0,0.0
1690435392,58.74,58.74,58.74,58.74,0,0.0
1690435393,58.73,58.73,58.73,58.73,2900,170317.0
1690435394,58.73,58.73,58.73,58.73,0,0.0
1690435395,58.73,58.73,58.73,58.73,0,0.0
1690435396,58.73,58.73,58.73,58.73,0,0.0
1690435397,58.73,58.73,58.73,58.73,0,0.0
1690435398,58.73,58.73,58.73,58.73,0,0.0
1690435399,58.73,58.73,58.73,58.73,0,0.0
1690435400,58.73,58.73,58.73,58.73,0,0.0
1690435401,58.73,58.73,58.73,58.73,0,0.0
1690435402,58.73,58.74,58.73,58.74,5600,328907.0
1690435403,58.74,58.74,58.74,58.74,0,0.0
1690435404,58.74,58.74,58.74,58.74,0,0.0
1690435405,58.74,58.74,58.74,58.74,0,0.0
1690435406,58.74,58.74,58.74,58.74,0,0.0
1690435407,58.74,58.74,58.74,58.74,0,0.0
1690435408,58.74,58.74,58.74,58.74,0,0.0
1690435409,58.73,58.73,58.73,58.73,200,11746.0
1690435410,58.73,58.73,58.73,58.73,0,0.0
1690435411,58.73,58.73,58.73,58.73,0,0.0
1690435412,58.73,58.73,58.73,58.73,200,11746.0
1690435413,58.73,58.73,58.73,58.73,0,0.0
1690435414,58.73,58.73,58.73,58.73,300,17619.0
1690435415,58.73,58.73,58.73,58.73,200,11746.0
1690435416,58.73,58.73,58.73,58.73,0,0.0
1690435417,58.72,58.72,58.72,58.72,1100,64592.0
1690435418,58.72,58.72,58.72,58.72,400,23488.0
1690435419,58.72,58.72,58.72,58.72,0,0.0
1690435420,58.72,58.72,58.72,58.72,0,0.0
1690435421,58.72,58.72,58.72,58.72,0,0.0
1690435422,58.72,58.72,58.72,58.72,0,0.0
1690435423,58.72,58.72,58.72,58.72,1300,76336.0
1690435424,58.72,58.72,58.72,58.72,0,0.0
1690435425,58.72,58.72,58.72,58.72,0,0.0
1690435426,58.71,58.71,58.71,58.71,200,11742.0
1690435427,58.71,58.71,58.71,58.71,0,0.0
1690435428,58.71,58.71,58.71,58.71,500,29355.0
1690435429,58.71,58.71,58.71,58.71,0,0.0
1690435430,58.71,58.71,58.71,58.71,0,0.0
1690435431,58.71,58.71,58.71,58.71,0,0.0
1690435432,58.71,58.71,58.71,58.71,0,0.0
1690435433,58.71,58.71,58.71,58.71,0,0.0
1690435434,58.71,58.71,58.71,58.71,0,0.0
1690435435,58.71,58.71,58.71,58.71,0,0.0
1690435436,58.71,58.71,58.71,58.71,0,0.0
1690435437,58.71,58.71,58.71,58.71,0,0.0
1690435438,58.71,58.71,58.71,58.71,0,0.0
1690435439,58.71,58.71,58.71,58.71,0,0.0
1690435440,58.71,58.71,58.71,58.71,0,0.0
1690435441,58.71,58.71,58.71,58.71,300,17613.0
1690435442,58.72,58.73,58.72,58.73,2300,135057.0
1690435443,58.73,58.73,58.73,58.73,0,0.0
1690435444,58.73,58.73,58.73,58.73,0,0.0
1690435445,58.73,58.73,58.73,58.73,500,29365.0
1690435446,58.73,58.73,58.73,58.73,0,0.0
1690435447,58.74,58.74,58.74,58.74,300,17622.0
1690435448,58.74,58.74,58.74,58.74,800,46992.0
1690435449,58.74,58.74,58.74,58.74,0,0.0
1690435450,58.74,58.74,58.74,58.74,0,0.0
1690435451,58.74,58.74,58.74,58.74,0,0.0
1690435452,58.74,58.74,58.74,58.74,100,5874.0
1690435453,58.74,58.74,58.73,58.73,400,23495.0
1690435454,58.73,58.73,58.73,58.73,0,0.0
1690435455,58.73,58.73,58.73,58.73,0,0.0
1690435456,58.74,58.74,58.74,58.74,600,35244.0
1690435457,58.74,58.74,58.74,58.74,0,0.0
1690435458,58.74,58.74,58.74,58.74,0,0.0
1690435459,58.73,58.73,58.73,58.73,100,5873.0
1690435460,58.73,58.73,58.73,58.73,0,0.0
1690435461,58.73,58.73,58.73,58.73,0,0.0
1690435462,58.73,58.73,58.73,58.73,0,0.0
1690435463,58.74,58.74,58.74,58.74,100,5874.0
1690435464,58.74,58.74,58.74,58.74,100,5874.0
1690435465,58.74,58.74,58.74,58.74,0,0.0
1690435466,58.74,58.74,58.74,58.74,0,0.0
1690435467,58.74,58.74,58.74,58.74,0,0.0
1690435468,58.74,58.74,58.74,58.74,0,0.0
1690435469,58.74,58.74,58.73,58.73,700,41117.0
1690435470,58.73,58.73,58.73,58.73,0,0.0
1690435471,58.73,58.73,58.73,58.73,1500,88095.0
1690435472,58.73,58.73,58.73,58.73,0,0.0
1690435473,58.73,58.73,58.73,58.73,0,0.0
1690435474,58.73,58.73,58.73,58.73,0,0.0
1690435475,58.73,58.73,58.73,58.73,0,0.0
1690435476,58.73,58.73,58.73,58.73,0,0.0
1690435477,58.73,58.73,58.73,58.73,0,0.0
1690435478,58.73,58.73,58.73,58.73,0,0.0
1690435479,58.73,58.73,58.73,58.73,0,0.0
1690435480,58.74,58.74,58.74,58.74,300,17622.0
1690435481,58.74,58.74,58.74,58.74,0,0.0
1690435482,58.74,58.75,58.74,58.75,5800,340718.0
1690435483,58.75,58.75,58.75,58.75,0,0.0
1690435484,58.75,58.75,58.75,58.75,0,0.0
1690435485,58.74,58.74,58.74,58.74,200,11748.0
1690435486,58.74,58.74,58.74,58.74,0,0.0
1690435487,58.74,58.74,58.74,58.74,0,0.0
1690435488,58.74,58.74,58.74,58.74,0,0.0
1690435489,58.74,58.74,58.74,58.74,0,0.0
1690435490,58.74,58.74,58.74,58.74,0,0.0
1690435491,58.75,58.75,58.75,58.75,3100,182125.0
1690435492,58.75,58.75,58.75,58.75,0,0.0
1690435493,58.75,58.75,58.75,58.75,0,0.0
1690435494,58.75,58.75,58.75,58.75,0,0.0
1690435495,58.75,58.75,58.75,58.75,0,0.0
1690435496,58.75,58.75,58.75,58.75,100,5875.0
1690435497,58.75,58.75,58.75,58.75,0,0.0
1690435498,58.75,58.75,58.75,58.75,0,0.0
1690435499,58.75,58.75,58.75,58.75,0,0.0
1690435500,58.75,58.75,58.75,58.75,0,0.0
1690435501,58.74,58.75,58.74,58.75,600,35247.0
1690435502,58.75,58.75,58.75,58.75,0,0.0
1690435503,58.75,58.75,58.75,58.75,0,0.0
1690435504,58.75,58.75,58.75,58.75,0,0.0
1690435505,58.75,58.75,58.75,58.75,0,0.0
1690435506,58.75,58.75,58.75,58.75,0,0.0
1690435507,58.75,58.75,58.75,58.75,0,0.0
1690435508,58.75,58.75,58.75,58.75,0,0.0
1690435509,58.75,58.75,58.75,58.75,0,0.0
1690435510,58.75,58.75,58.75,58.75,100,5875.0
1690435511,58.75,58.75,58.75,58.75,0,0.0
1690435512,58.75,58.75,58.75,58.75,0,0.0
1690435513,58.75,58.75,58.75,58.75,0,0.0
1690435514,58.75,58.75,58.75,58.75,0,0.0
1690435515,58.75,58.75,58.75,58.75,0,0.0
1690435516,58.75,58.75,58.75,58.75,0,0.0
1690435517,58.75,58.75,58.75,58.75,0,0.0
1690435518,58.75,58.75,58.75,58.75,0,0.0
1690435519,58.75,58.75,58.75,58.75,0,0.0
1690435520,58.75,58.75,58.75,58.75,0,0.0
1690435521,58.75,58.75,58.75,58.75,0,0.0
1690435522,58.75,58.76,58.75,58.76,5900,346631.0
1690435523,58.76,58.76,58.76,58.76,800,47008.0
1690435524,58.76,58.76,58.76,58.76,0,0.0
1690435525,58.76,58.76,58.76,58.76,0,0.0
1690435526,58.76,58.76,58.76,58.76,600,35256.0
1690435527,58.76,58.76,58.76,58.76,0,0.0
1690435528,58.76,58.76,58.76,58.76,100,5876.0
1690435529,58.76,58.76,58.76,58.76,0,0.0
1690435530,58.76,58.76,58.76,58.76,0,0.0
1690435531,58.75,58.75,58.75,58.75,300,17625.0
1690435532,58.75,58.75,58.75,58.75,0,0.0
1690435533,58.75,58.75,58.75,58.75,1000,58750.0
1690435534,58.75,58.75,58.75,58.75,700,41125.0
1690435535,58.75,58.75,58.75,58.75,0,0.0
1690435536,58.75,58.76,58.75,58.76,300,17626.0
1690435537,58.76,58.76,58.76,58.76,0,0.0
1690435538,58.76,58.76,58.76,58.76,0,0.0
1690435539,58.76,58.76,58.76,58.76,2000,117520.0
1690435540,58.76,58.76,58.76,58.76,0,0.0
1690435541,58.76,58.76,58.76,58.76,100,5876.0
1690435542,58.76,58.76,58.76,58.76,0,0.0
1690435543,58.76,58.76,58.76,58.76,0,0.0
1690435544,58.76,58.76,58.76,58.76,0,0.0
1690435545,58.76,58.76,58.76,58.76,0,0.0
1690435546,58.76,58.76,58.76,58.76,0,0.0
1690435547,58.76,58.76,58.76,58.76,0,0.0
1690435548,58.76,58.76,58.76,58.76,0,0.0
1690435549,58.76,58.76,58.76,58.76,0,0.0
1690435550,58.75,58.75,58.75,58.75,1000,58750.0
1690435551,58.75,58.75,58.75,58.75,0,0.0
1690435552,58.75,58.75,58.75,58.75,0,0.0
1690435553,58.75,58.75,58.75,58.75,0,0.0
1690435554,58.75,58.75,58.75,58.75,0,0.0
1690435555,58.76,58.76,58.76,58.76,100,5876.0
1690435556,58.76,58.76,58.76,58.76,500,29380.0
1690435557,58.76,58.76,58.76,58.76,0,0.0
1690435558,58.75,58.75,58.75,58.75,3000,176250.0
1690435559,58.75,58.75,58.75,58.75,0,0.0
1690435560,58.76,58.76,58.76,58.76,100,5876.0
1690435561,58.75,58.75,58.74,58.74,3300,193864.0
1690435562,58.74,58.74,58.74,58.74,0,0.0
1690435563,58.74,58.76,58.74,58.74,5600,329034.0
1690435564,58.74,58.74,58.74,58.74,0,0.0
1690435565,58.74,58.74,58.74,58.74,0,0.0
1690435566,58.74,58.74,58.74,58.74,0,0.0
1690435567,58.74,58.74,58.74,58.74,0,0.0
1690435568,58.74,58.74,58.74,58.74,0,0.0
1690435569,58.75,58.75,58.75,58.75,200,11750.0
1690435570,58.75,58.75,58.75,58.75,0,0.0
1690435571,58.74,58.75,58.74,58.75,200,11749.0
1690435572,58.75,58.75,58.75,58.75,0,0.0
1690435573,58.75,58.75,58.75,58.75,0,0.0
1690435574,58.75,58.75,58.75,58.75,0,0.0
1690435575,58.75,58.75,58.75,58.75,0,0.0
1690435576,58.73,58.73,58.73,58.73,100,5873.0
1690435577,58.73,58.73,58.73,58.73,100,5873.0
1690435578,58.73,58.73,58.73,58.73,0,0.0
1690435579,58.73,58.73,58.73,58.73,100,5873.0
1690435580,58.73,58.73,58.73,58.73,0,0.0
1690435581,58.73,58.73,58.73,58.73,0,0.0
1690435582,58.73,58.73,58.73,58.73,100,5873.0
1690435583,58.73,58.73,58.73,58.73,0,0.0
1690435584,58.73,58.73,58.7,58.73,52300,3070382.0
1690435585,58.73,58.73,58.73,58.73,700,41111.0
1690435586,58.73,58.73,58.73,58.73,0,0.0
1690435587,58.73,58.73,58.73,58.73,0,0.0
1690435588,58.73,58.73,58.73,58.73,300,17619.0
1690435589,58.73,58.73,58.73,58.73,0,0.0
1690435590,58.73,58.74,58.7,58.74,5000,293583.0
1690435591,58.74,58.74,58.74,58.74,0,0.0
1690435592,58.74,58.74,58.74,58.74,0,0.0
1690435593,58.74,58.74,58.74,58.74,0,0.0
1690435594,58.74,58.74,58.74,58.74,0,0.0
1690435595,58.7,58.7,58.7,58.7,2200,129140.0
1690435596,58.7,58.7,58.7,58.7,0,0.0
1690435597,58.7,58.7,58.7,58.7,0,0.0
1690435598,58.68,58.68,58.68,58.68,1600,93888.0
1690435599,58.68,58.68,58.68,58.68,0,0.0
1690435600,58.68,58.68,58.68,58.68,0,0.0
1690435601,58.68,58.7,58.68,58.7,1300,76308.0
1690435602,58.7,58.7,58.7,58.7,0,0.0
1690435603,58.7,58.7,58.7,58.7,0,0.0
1690435604,58.72,58.72,58.69,58.69,700,41093.0
1690435605,58.69,58.69,58.69,58.69,0,0.0
1690435606,58.69,58.69,58.69,58.69,200,11738.0
1690435607,58.7,58.7,58.69,58.69,3200,187831.0
1690435608,58.69,58.69,58.69,58.69,0,0.0
1690435609,58.69,58.69,58.69,58.69,0,0.0
1690435610,58.69,58.69,58.69,58.69,0,0.0
1690435611,58.69,58.69,58.69,58.69,0,0.0
1690435612,58.69,58.69,58.69,58.69,0,0.0
1690435613,58.69,58.69,58.69,58.69,0,0.0
1690435614,58.69,58.69,58.69,58.69,0,0.0
1690435615,58.69,58.69,58.69,58.69,0,0.0
1690435616,58.69,58.69,58.69,58.69,0,0.0
1690435617,58.69,58.69,58.69,58.69,100,5869.0
1690435618,58.69,58.69,58.69,58.69,200,11738.0
1690435619,58.69,58.69,58.69,58.69,0,0.0
1690435620,58.69,58.69,58.67,58.67,400,23474.0
1690435621,58.67,58.67,58.67,58.67,0,0.0
1690435622,58.67,58.67,58.67,58.67,100,5867.0
1690435623,58.7,58.7,58.7,58.7,300,17610.0
1690435624,58.7,58.7,58.7,58.7,0,0.0
1690435625,58.67,58.67,58.65,58.65,1100,64518.0
1690435626,58.65,58.65,58.65,58.65,0,0.0
1690435627,58.65,58.65,58.65,58.65,0,0.0
1690435628,58.69,58.69,58.69,58.69,1100,64559.0
1690435629,58.69,58.69,58.69,58.69,1000,58690.0
1690435630,58.69,58.69,58.69,58.69,0,0.0
1690435631,58.69,58.69,58.69,58.69,700,41083.0
1690435632,58.69,58.69,58.69,58.69,0,0.0
1690435633,58.69,58.69,58.69,58.69,0,0.0
1690435634,58.69,58.69,58.69,58.69,1800,105642.0
1690435635,58.69,58.69,58.69,58.69,0,0.0
1690435636,58.7,58.7,58.7,58.7,100,5870.0
1690435637,58.69,58.69,58.69,58.69,1500,88035.0
1690435638,58.69,58.69,58.69,58.69,0,0.0
1690435639,58.67,58.67,58.67,58.67,100,5867.0
1690435640,58.67,58.67,58.67,58.67,0,0.0
1690435641,58.63,58.63,58.63,58.63,100,5863.0
1690435642,58.63,58.63,58.63,58.63,0,0.0
1690435643,58.63,58.63,58.63,58.63,0,0.0
1690435644,58.63,58.63,58.63,58.63,0,0.0
1690435645,58.63,58.63,58.63,58.63,0,0.0
1690435646,58.63,58.63,58.63,58.63,0,0.0
1690435647,58.63,58.63,58.63,58.63,0,0.0
1690435648,58.64,58.64,58.64,58.64,100,5864.0
1690435649,58.64,58.64,58.62,58.62,2400,140706.0
1690435650,58.63,58.63,58.63,58.63,100,5863.0
1690435651,58.63,58.63,58.63,58.63,0,0.0
1690435652,58.63,58.63,58.63,58.63,200,11726.0
1690435653,58.63,58.65,58.63,58.65,1700,99684.0
1690435654,58.65,58.65,58.65,58.65,0,0.0
1690435655,58.65,58.65,58.65,58.65,0,0.0
1690435656,58.65,58.65,58.65,58.65,0,0.0
1690435657,58.65,58.65,58.65,58.65,0,0.0
1690435658,58.65,58.65,58.65,58.65,0,0.0
1690435659,58.65,58.65,58.65,58.65,0,0.0
1690435660,58.65,58.65,58.65,58.65,100,5865.0
1690435661,58.65,58.65,58.65,58.65,1200,70380.0
1690435662,58.65,58.65,58.65,58.65,0,0.0
1690435663,58.65,58.65,58.65,58.65,300,17595.0
1690435664,58.65,58.65,58.65,58.65,0,0.0
1690435665,58.65,58.65,58.65,58.65,0,0.0
1690435666,58.65,58.65,58.65,58.65,500,29325.0
1690435667,58.65,58.65,58.65,58.65,0,0.0
1690435668,58.65,58.65,58.65,58.65,0,0.0
1690435669,58.65,58.65,58.65,58.65,0,0.0
1690435670,58.65,58.65,58.65,58.65,0,0.0
1690435671,58.65,58.65,58.65,58.65,0,0.0
1690435672,58.65,58.65,58.65,58.65,0,0.0
1690435673,58.65,58.65,58.64,58.64,600,35187.0
1690435674,58.64,58.64,58.63,58.63,500,29318.0
1690435675,58.63,58.63,58.63,58.63,0,0.0
1690435676,58.63,58.63,58.63,58.63,0,0.0
1690435677,58.63,58.63,58.63,58.63,0,0.0
1690435678,58.63,58.63,58.63,58.63,0,0.0
1690435679,58.63,58.63,58.63,58.63,0,0.0
1690435680,58.64,58.64,58.64,58.64,600,35184.0
1690435681,58.64,58.64,58.64,58.64,0,0.0
1690435682,58.64,58.64,58.64,58.64,0,0.0
1690435683,58.64,58.64,58.64,58.64,0,0.0
1690435684,58.66,58.66,58.66,58.66,100,5866.0
1690435685,58.66,58.66,58.66,58.66,100,5866.0
1690435686,58.66,58.66,58.66,58.66,0,0.0
1690435687,58.66,58.66,58.66,58.66,0,0.0
1690435688,58.67,58.67,58.66,58.66,700,41067.0
1690435689,58.66,58.66,58.66,58.66,0,0.0
1690435690,58.66,58.66,58.66,58.66,0,0.0
1690435691,58.66,58.66,58.66,58.66,0,0.0
1690435692,58.66,58.66,58.66,58.66,0,0.0
1690435693,58.66,58.66,58.66,58.66,0,0.0
1690435694,58.66,58.66,58.66,58.66,0,0.0
1690435695,58.66,58.66,58.66,58.66,0,0.0
1690435696,58.64,58.64,58.64,58.64,200,11728.0
1690435697,58.64,58.64,58.64,58.64,0,0.0
1690435698,58.64,58.64,58.64,58.64,0,0.0
1690435699,58.64,58.64,58.64,58.64,0,0.0
1690435700,58.64,58.64,58.64,58.64,800,46912.0
1690435701,58.64,58.64,58.64,58.64,0,0.0
1690435702,58.64,58.64,58.64,58.64,0,0.0
1690435703,58.64,58.64,58.64,58.64,0,0.0
1690435704,58.64,58.64,58.64,58.64,0,0.0
1690435705,58.64,58.64,58.64,58.64,0,0.0
1690435706,58.64,58.64,58.64,58.64,0,0.0
1690435707,58.65,58.65,58.64,58.64,1000,58644.0
1690435708,58.64,58.64,58.64,58.64,0,0.0
1690435709,58.64,58.64,58.64,58.64,0,0.0
1690435710,58.64,58.64,58.64,58.64,0,0.0
1690435711,58.64,58.64,58.64,58.64,200,11728.0
1690435712,58.64,58.64,58.64,58.64,0,0.0
1690435713,58.64,58.64,58.64,58.64,0,0.0
1690435714,58.64,58.64,58.64,58.64,0,0.0
1690435715,58.64,58.64,58.64,58.64,0,0.0
1690435716,58.64,58.64,58.64,58.64,0,0.0
1690435717,58.67,58.68,58.67,58.68,1800,105607.0
1690435718,58.68,58.68,58.68,58.68,0,0.0
1690435719,58.68,58.68,58.68,58.68,0,0.0
1690435720,58.68,58.68,58.68,58.68,0,0.0
1690435721,58.68,58.68,58.68,58.68,0,0.0
1690435722,58.64,58.64,58.64,58.64,3200,187648.0
1690435723,58.65,58.67,58.65,58.67,1700,99719.0
1690435724,58.67,58.67,58.67,58.67,0,0.0
1690435725,58.67,58.67,58.67,58.67,0,0.0
1690435726,58.67,58.67,58.67,58.67,0,0.0
1690435727,58.67,58.67,58.67,58.67,0,0.0
1690435728,58.67,58.67,58.67,58.67,0,0.0
1690435729,58.67,58.67,58.67,58.67,0,0.0
1690435730,58.67,58.67,58.67,58.67,1700,99739.0
1690435731,58.67,58.67,58.67,58.67,600,35202.0
1690435732,58.67,58.67,58.67,58.67,0,0.0
1690435733,58.67,58.67,58.67,58.67,0,0.0
1690435734,58.67,58.67,58.67,58.67,0,0.0
1690435735,58.67,58.67,58.67,58.67,0,0.0
1690435736,58.66,58.66,58.65,58.65,1200,70381.0
1690435737,58.67,58.67,58.67,58.67,600,35202.0
1690435738,58.67,58.67,58.67,58.67,0,0.0
1690435739,58.67,58.67,58.67,58.67,200,11734.0
1690435740,58.67,58.67,58.67,58.67,0,0.0
1690435741,58.67,58.67,58.67,58.67,0,0.0
1690435742,58.65,58.65,58.65,58.65,1000,58650.0
1690435743,58.65,58.65,58.65,58.65,0,0.0
1690435744,58.65,58.65,58.65,58.65,0,0.0
1690435745,58.66,58.66,58.66,58.66,200,11732.0
1690435746,58.66,58.66,58.66,58.66,0,0.0
1690435747,58.67,58.67,58.67,58.67,200,11734.0
1690435748,58.67,58.67,58.67,58.67,0,0.0
1690435749,58.67,58.67,58.67,58.67,0,0.0
1690435750,58.67,58.67,58.67,58.67,0,0.0
1690435751,58.67,58.67,58.67,58.67,0,0.0
1690435752,58.66,58.66,58.66,58.66,1300,76258.0
1690435753,58.66,58.66,58.66,58.66,0,0.0
1690435754,58.66,58.66,58.66,58.66,0,0.0
1690435755,58.66,58.66,58.66,58.66,0,0.0
1690435756,58.66,58.66,58.66,58.66,0,0.0
1690435757,58.66,58.66,58.66,58.66,0,0.0
1690435758,58.66,58.66,58.66,58.66,0,0.0
1690435759,58.66,58.66,58.66,58.66,0,0.0
1690435760,58.66,58.66,58.66,58.66,0,0.0
1690435761,58.64,58.64,58.63,58.63,600,35182.0
1690435762,58.63,58.63,58.63,58.63,0,0.0
1690435763,58.63,58.63,58.63,58.63,0,0.0
1690435764,58.63,58.63,58.63,58.63,0,0.0
1690435765,58.63,58.63,58.63,58.63,0,0.0
1690435766,58.63,58.63,58.63,58.63,600,35178.0
1690435767,58.63,58.63,58.63,58.63,0,0.0
1690435768,58.63,58.63,58.63,58.63,0,0.0
1690435769,58.63,58.63,58.63,58.63,0,0.0
1690435770,58.63,58.63,58.63,58.63,0,0.0
1690435771,58.64,58.64,58.64,58.64,200,11728.0
1690435772,58.64,58.67,58.64,58.67,25200,1478451.0
1690435773,58.67,58.67,58.67,58.67,0,0.0
1690435774,58.67,58.67,58.67,58.67,0,0.0
1690435775,58.67,58.67,58.67,58.67,0,0.0
1690435776,58.64,58.64,58.63,58.63,1400,82095.0
1690435777,58.63,58.63,58.63,58.63,0,0.0
1690435778,58.63,58.63,58.63,58.63,0,0.0
1690435779,58.63,58.63,58.63,58.63,0,0.0
1690435780,58.63,58.63,58.63,58.63,0,0.0
1690435781,58.63,58.63,58.63,58.63,0,0.0
1690435782,58.63,58.63,58.63,58.63,0,0.0
1690435783,58.63,58.63,58.63,58.63,0,0.0
1690435784,58.63,58.63,58.63,58.63,0,0.0
1690435785,58.63,58.63,58.63,58.63,0,0.0
1690435786,58.63,58.63,58.63,58.63,0,0.0
1690435787,58.63,58.63,58.63,58.63,0,0.0
1690435788,58.63,58.63,58.63,58.63,0,0.0
1690435789,58.63,58.63,58.63,58.63,0,0.0
1690435790,58.63,58.63,58.63,58.63,800,46904.0
1690435791,58.63,58.63,58.63,58.63,0,0.0
1690435792,58.63,58.63,58.63,58.63,0,0.0
1690435793,58.63,58.63,58.63,58.63,0,0.0
1690435794,58.63,58.63,58.63,58.63,0,0.0
1690435795,58.63,58.63,58.63,58.63,0,0.0
1690435796,58.63,58.63,58.63,58.63,0,0.0
1690435797,58.63,58.63,58.63,58.63,0,0.0
1690435798,58.63,58.63,58.63,58.63,0,0.0
1690435799,58.63,58.63,58.63,58.63,0,0.0
1690435800,58.63,58.63,58.63,58.63,0,0.0
1690435801,58.63,58.64,58.63,58.64,400,23454.0
1690435802,58.64,58.64,58.64,58.64,0,0.0
1690435803,58.64,58.64,58.64,58.64,0,0.0
1690435804,58.65,58.65,58.64,58.65,2600,152478.0
1690435805,58.65,58.65,58.65,58.65,0,0.0
1690435806,58.65,58.65,58.63,58.63,2300,134877.0
1690435807,58.63,58.63,58.63,58.63,0,0.0
1690435808,58.63,58.63,58.63,58.63,0,0.0
1690435809,58.63,58.63,58.63,58.63,0,0.0
1690435810,58.63,58.63,58.63,58.63,0,0.0
1690435811,58.63,58.63,58.63,58.63,0,0.0
1690435812,58.63,58.63,58.63,58.63,0,0.0
1690435813,58.63,58.63,58.63,58.63,0,0.0
1690435814,58.63,58.63,58.63,58.63,0,0.0
1690435815,58.63,58.63,58.63,58.63,0,0.0
1690435816,58.63,58.63,58.63,58.63,0,0.0
1690435817,58.65,58.65,58.65,58.65,200,11730.0
1690435818,58.65,58.65,58.65,58.65,0,0.0
1690435819,58.65,58.65,58.65,58.65,100,5865.0
1690435820,58.65,58.65,58.65,58.65,0,0.0
1690435821,58.65,58.65,58.65,58.65,0,0.0
1690435822,58.65,58.65,58.65,58.65,0,0.0
1690435823,58.65,58.65,58.65,58.65,0,0.0
1690435824,58.65,58.65,58.65,58.65,0,0.0
1690435825,58.65,58.65,58.65,58.65,0,0.0
1690435826,58.65,58.65,58.65,58.65,0,0.0
1690435827,58.65,58.65,58.65,58.65,0,0.0
1690435828,58.65,58.65,58.65,58.65,0,0.0
1690435829,58.65,58.65,58.65,58.65,0,0.0
1690435830,58.64,58.64,58.64,58.64,600,35184.0
1690435831,58.65,58.65,58.64,58.64,800,46913.0
1690435832,58.64,58.64,58.64,58.64,0,0.0
1690435833,58.64,58.64,58.64,58.64,0,0.0
1690435834,58.64,58.64,58.64,58.64,0,0.0
1690435835,58.64,58.64,58.64,58.64,0,0.0
1690435836,58.64,58.64,58.64,58.64,700,41048.0
1690435837,58.64,58.64,58.64,58.64,0,0.0
1690435838,58.64,58.64,58.64,58.64,0,0.0
1690435839,58.64,58.64,58.64,58.64,0,0.0
1690435840,58.64,58.64,58.64,58.64,0,0.0
1690435841,58.64,58.64,58.64,58.64,600,35184.0
1690435842,58.64,58.64,58.64,58.64,0,0.0
1690435843,58.64,58.64,58.64,58.64,0,0.0
1690435844,58.65,58.66,58.65,58.66,4800,281556.0
1690435845,58.66,58.66,58.66,58.66,0,0.0
1690435846,58.65,58.65,58.65,58.65,300,17595.0
1690435847,58.66,58.66,58.65,58.65,1300,76255.0
1690435848,58.65,58.65,58.65,58.65,0,0.0
1690435849,58.65,58.65,58.65,58.65,0,0.0
1690435850,58.65,58.65,58.65,58.65,0,0.0
1690435851,58.65,58.65,58.65,58.65,0,0.0
1690435852,58.65,58.65,58.65,58.65,0,0.0
1690435853,58.65,58.65,58.65,58.65,0,0.0
1690435854,58.65,58.65,58.65,58.65,0,0.0
1690435855,58.66,58.66,58.66,58.66,300,17598.0
1690435856,58.66,58.66,58.66,58.66,0,0.0
1690435857,58.66,58.66,58.66,58.66,0,0.0
1690435858,58.66,58.66,58.66,58.66,0,0.0
1690435859,58.66,58.66,58.66,58.66,0,0.0
1690435860,58.66,58.66,58.66,58.66,0,0.0
1690435861,58.66,58.66,58.66,58.66,0,0.0
1690435862,58.66,58.66,58.66,58.66,0,0.0
1690435863,58.66,58.66,58.66,58.66,0,0.0
1690435864,58.66,58.66,58.66,58.66,0,0.0
1690435865,58.66,58.66,58.66,58.66,0,0.0
1690435866,58.66,58.66,58.66,58.66,100,5866.0
1690435867,58.66,58.66,58.66,58.66,0,0.0
1690435868,58.66,58.66,58.66,58.66,100,5866.0
1690435869,58.66,58.66,58.66,58.66,0,0.0
1690435870,58.66,58.66,58.66,58.66,0,0.0
1690435871,58.66,58.66,58.66,58.66,200,11732.0
1690435872,58.66,58.66,58.66,58.66,0,0.0
1690435873,58.66,58.66,58.66,58.66,0,0.0
1690435874,58.66,58.66,58.66,58.66,0,0.0
1690435875,58.66,58.66,58.66,58.66,0,0.0
1690435876,58.65,58.65,58.65,58.65,400,23460.0
1690435877,58.65,58.65,58.65,58.65,0,0.0
1690435878,58.65,58.65,58.65,58.65,0,0.0
1690435879,58.66,58.66,58.65,58.65,200,11731.0
1690435880,58.65,58.65,58.65,58.65,0,0.0
1690435881,58.65,58.65,58.65,58.65,0,0.0
1690435882,58.65,58.65,58.65,58.65,100,5865.0
1690435883,58.65,58.65,58.65,58.65,0,0.0
1690435884,58.66,58.67,58.66,58.67,5300,310912.0
1690435885,58.65,58.65,58.65,58.65,100,5865.0
1690435886,58.65,58.65,58.65,58.65,0,0.0
1690435887,58.66,58.66,58.66,58.66,400,23464.0
1690435888,58.66,58.66,58.66,58.66,0,0.0
1690435889,58.66,58.66,58.66,58.66,0,0.0
1690435890,58.66,58.66,58.66,58.66,200,11732.0
1690435891,58.66,58.66,58.66,58.66,0,0.0
1690435892,58.66,58.66,58.66,58.66,0,0.0
1690435893,58.66,58.66,58.65,58.65,400,23462.0
1690435894,58.65,58.65,58.65,58.65,0,0.0
1690435895,58.65,58.65,58.65,58.65,200,11730.0
1690435896,58.65,58.65,58.65,58.65,0,0.0
1690435897,58.65,58.65,58.65,58.65,0,0.0
1690435898,58.67,58.67,58.67,58.67,100,5867.0
1690435899,58.67,58.67,58.67,58.67,0,0.0
1690435900,58.67,58.67,58.67,58.67,0,0.0
1690435901,58.67,58.67,58.67,58.67,0,0.0
1690435902,58.67,58.67,58.67,58.67,0,0.0
1690435903,58.66,58.66,58.66,58.66,200,11732.0
1690435904,58.66,58.66,58.66,58.66,200,11732.0
1690435905,58.66,58.66,58.66,58.66,0,0.0
1690435906,58.66,58.66,58.66,58.66,300,17598.0
1690435907,58.66,58.66,58.66,58.66,0,0.0
1690435908,58.66,58.66,58.66,58.66,0,0.0
1690435909,58.66,58.66,58.66,58.66,200,11732.0
1690435910,58.66,58.66,58.66,58.66,0,0.0
1690435911,58.66,58.66,58.66,58.66,0,0.0
1690435912,58.66,58.66,58.66,58.66,0,0.0
1690435913,58.66,58.66,58.66,58.66,0,0.0
1690435914,58.66,58.66,58.66,58.66,0,0.0
1690435915,58.66,58.66,58.66,58.66,0,0.0
1690435916,58.66,58.66,58.66,58.66,0,0.0
1690435917,58.65,58.65,58.65,58.65,1100,64515.0
1690435918,58.65,58.65,58.65,58.65,0,0.0
1690435919,58.65,58.65,58.65,58.65,200,11730.0
1690435920,58.65,58.65,58.65,58.65,100,5865.0
1690435921,58.65,58.65,58.65,58.65,0,0.0
1690435922,58.64,58.65,58.64,58.65,1700,99701.0
1690435923,58.65,58.65,58.65,58.65,0,0.0
1690435924,58.65,58.65,58.65,58.65,0,0.0
1690435925,58.64,58.65,58.63,58.63,3400,199404.0
1690435926,58.63,58.63,58.63,58.63,400,23452.0
1690435927,58.64,58.64,58.64,58.64,400,23456.0
1690435928,58.64,58.64,58.64,58.64,100,5864.0
1690435929,58.64,58.64,58.64,58.64,0,0.0
1690435930,58.64,58.64,58.64,58.64,0,0.0
1690435931,58.63,58.63,58.63,58.63,1300,76219.0
1690435932,58.63,58.63,58.63,58.63,0,0.0
1690435933,58.63,58.63,58.63,58.63,800,46904.0
1690435934,58.64,58.64,58.64,58.64,200,11728.0
1690435935,58.63,58.63,58.63,58.63,200,11726.0
1690435936,58.64,58.64,58.62,58.62,3400,199351.0
1690435937,58.62,58.62,58.62,58.62,0,0.0
1690435938,58.62,58.62,58.62,58.62,0,0.0
1690435939,58.62,58.62,58.62,58.62,0,0.0
1690435940,58.62,58.62,58.62,58.62,0,0.0
1690435941,58.62,58.62,58.62,58.62,6600,386892.0
1690435942,58.62,58.62,58.6,58.6,9100,533319.0
1690435943,58.6,58.6,58.6,58.6,0,0.0
1690435944,58.6,58.6,58.6,58.6,1400,82040.0
1690435945,58.6,58.6,58.6,58.6,0,0.0
1690435946,58.58,58.58,58.58,58.58,100,5858.0
1690435947,58.6,58.6,58.6,58.6,100,5860.0
1690435948,58.6,58.6,58.6,58.6,0,0.0
1690435949,58.58,58.58,58.55,58.55,3500,204988.0
1690435950,58.55,58.55,58.55,58.55,0,0.0
1690435951,58.55,58.55,58.55,58.55,0,0.0
1690435952,58.57,58.58,58.57,58.58,1000,58578.0
1690435953,58.58,58.58,58.58,58.58,0,0.0
1690435954,58.58,58.58,58.58,58.58,5300,310474.0
1690435955,58.56,58.56,58.55,58.55,1000,58551.0
1690435956,58.55,58.55,58.55,58.55,0,0.0
1690435957,58.55,58.55,58.55,58.55,0,0.0
1690435958,58.55,58.55,58.55,58.55,0,0.0
1690435959,58.55,58.55,58.55,58.55,0,0.0
1690435960,58.56,58.56,58.56,58.56,1900,111264.0
1690435961,58.56,58.56,58.56,58.56,0,0.0
1690435962,58.55,58.55,58.55,58.55,1200,70260.0
1690435963,58.55,58.55,58.55,58.55,0,0.0
1690435964,58.55,58.55,58.55,58.55,0,0.0
1690435965,58.55,58.55,58.55,58.55,0,0.0
1690435966,58.56,58.56,58.55,58.55,3100,181506.0
1690435967,58.55,58.55,58.55,58.55,0,0.0
1690435968,58.55,58.55,58.55,58.55,3700,216635.0
1690435969,58.55,58.55,58.55,58.55,100,5855.0
1690435970,58.55,58.55,58.55,58.55,0,0.0
1690435971,58.54,58.54,58.52,58.52,4100,239970.0
1690435972,58.52,58.52,58.52,58.52,0,0.0
1690435973,58.53,58.53,58.51,58.51,900,52666.0
1690435974,58.55,58.55,58.55,58.55,100,5855.0
1690435975,58.55,58.55,58.55,58.55,0,0.0
1690435976,58.53,58.55,58.51,58.55,3300,193120.0
1690435977,58.54,58.54,58.54,58.54,100,5854.0
1690435978,58.54,58.54,58.54,58.54,0,0.0
1690435979,58.54,58.54,58.53,58.53,1800,105370.0
1690435980,58.53,58.53,58.53,58.53,0,0.0
1690435981,58.54,58.54,58.54,58.54,1600,93664.0
1690435982,58.54,58.54,58.54,58.54,0,0.0
1690435983,58.54,58.54,58.54,58.54,0,0.0
1690435984,58.54,58.54,58.54,58.54,100,5854.0
1690435985,58.53,58.53,58.53,58.53,100,5853.0
1690435986,58.53,58.53,58.53,58.53,0,0.0
1690435987,58.54,58.55,58.54,58.54,600,35125.0
1690435988,58.55,58.55,58.55,58.55,100,5855.0
1690435989,58.55,58.55,58.55,58.55,0,0.0
1690435990,58.54,58.54,58.54,58.54,100,5854.0
1690435991,58.54,58.54,58.54,58.54,0,0.0
1690435992,58.54,58.54,58.54,58.54,100,5854.0
1690435993,58.54,58.54,58.54,58.54,0,0.0
1690435994,58.54,58.54,58.54,58.54,0,0.0
1690435995,58.53,58.54,58.53,58.54,1900,111218.0
1690435996,58.54,58.54,58.54,58.54,0,0.0
1690435997,58.54,58.54,58.54,58.54,0,0.0
1690435998,58.53,58.53,58.53,58.53,400,23412.0
1690435999,58.53,58.53,58.53,58.53,0,0.0
1690436000,58.53,58.53,58.53,58.53,0,0.0
1690436001,58.53,58.53,58.53,58.53,0,0.0
1690436002,58.53,58.53,58.53,58.53,0,0.0
1690436003,58.53,58.53,58.53,58.53,0,0.0
1690436004,58.53,58.53,58.53,58.53,0,0.0
1690436005,58.53,58.53,58.53,58.53,0,0.0
1690436006,58.55,58.56,58.55,58.56,3700,216647.0
1690436007,58.56,58.56,58.56,58.56,0,0.0
1690436008,58.55,58.55,58.55,58.55,1000,58550.0
1690436009,58.56,58.57,58.56,58.57,6100,357222.0
1690436010,58.57,58.57,58.57,58.57,0,0.0
1690436011,58.56,58.56,58.56,58.56,600,35136.0
1690436012,58.56,58.56,58.56,58.56,0,0.0
1690436013,58.56,58.56,58.56,58.56,0,0.0
1690436014,58.56,58.57,58.56,58.57,1500,87852.0
1690436015,58.56,58.56,58.56,58.56,200,11712.0
1690436016,58.56,58.56,58.56,58.56,200,11712.0
1690436017,58.56,58.56,58.55,58.56,2000,117113.0
1690436018,58.56,58.56,58.56,58.56,0,0.0
1690436019,58.56,58.56,58.56,58.56,400,23424.0
1690436020,58.56,58.56,58.56,58.56,0,0.0
1690436021,58.56,58.56,58.56,58.56,0,0.0
1690436022,58.56,58.57,58.56,58.57,1700,99567.0
1690436023,58.56,58.57,58.56,58.57,800,46850.0
1690436024,58.56,58.56,58.56,58.56,100,5856.0
1690436025,58.56,58.56,58.56,58.56,1200,70272.0
1690436026,58.56,58.56,58.56,58.56,0,0.0
1690436027,58.56,58.56,58.56,58.56,0,0.0
1690436028,58.56,58.56,58.56,58.56,0,0.0
1690436029,58.56,58.56,58.56,58.56,0,0.0
1690436030,58.56,58.56,58.56,58.56,0,0.0
1690436031,58.56,58.56,58.56,58.56,0,0.0
1690436032,58.56,58.56,58.56,58.56,0,0.0
1690436033,58.56,58.56,58.56,58.56,300,17568.0
1690436034,58.56,58.56,58.56,58.56,0,0.0
1690436035,58.56,58.56,58.56,58.56,0,0.0
1690436036,58.57,58.57,58.57,58.57,300,17571.0
1690436037,58.57,58.57,58.57,58.57,0,0.0
1690436038,58.57,58.57,58.57,58.57,0,0.0
1690436039,58.57,58.57,58.57,58.57,0,0.0
1690436040,58.57,58.57,58.57,58.57,0,0.0
1690436041,58.57,58.57,58.56,58.56,1000,58563.0
1690436042,58.57,58.57,58.57,58.57,300,17571.0
1690436043,58.57,58.57,58.57,58.57,0,0.0
1690436044,58.57,58.57,58.56,58.56,500,29282.0
1690436045,58.56,58.56,58.56,58.56,0,0.0
1690436046,58.56,58.56,58.56,58.56,0,0.0
1690436047,58.57,58.57,58.57,58.57,500,29285.0
1690436048,58.57,58.57,58.57,58.57,0,0.0
1690436049,58.57,58.57,58.57,58.57,1500,87855.0
1690436050,58.57,58.57,58.57,58.57,0,0.0
1690436051,58.57,58.57,58.57,58.57,0,0.0
1690436052,58.57,58.57,58.57,58.57,0,0.0
1690436053,58.57,58.57,58.57,58.57,0,0.0
1690436054,58.57,58.57,58.57,58.57,600,35142.0
1690436055,58.57,58.57,58.57,58.57,100,5857.0
1690436056,58.57,58.57,58.57,58.57,0,0.0
1690436057,58.58,58.58,58.58,58.58,700,41006.0
1690436058,58.58,58.58,58.58,58.58,0,0.0
1690436059,58.58,58.58,58.58,58.58,0,0.0
1690436060,58.57,58.57,58.57,58.57,2300,134711.0
1690436061,58.57,58.57,58.57,58.57,0,0.0
1690436062,58.57,58.57,58.57,58.57,0,0.0
1690436063,58.57,58.57,58.57,58.57,100,5857.0
1690436064,58.57,58.57,58.57,58.57,0,0.0
1690436065,58.57,58.57,58.57,58.57,0,0.0
1690436066,58.56,58.56,58.56,58.56,1500,87840.0
1690436067,58.56,58.56,58.56,58.56,0,0.0
1690436068,58.57,58.57,58.57,58.57,100,5857.0
1690436069,58.57,58.57,58.57,58.57,0,0.0
1690436070,58.57,58.57,58.57,58.57,100,5857.0
1690436071,58.57,58.57,58.56,58.56,1900,111274.0
1690436072,58.56,58.56,58.56,58.56,0,0.0
1690436073,58.57,58.57,58.57,58.57,200,11714.0
1690436074,58.57,58.57,58.57,58.57,300,17571.0
1690436075,58.57,58.57,58.57,58.57,0,0.0
1690436076,58.57,58.57,58.57,58.57,0,0.0
1690436077,58.57,58.57,58.57,58.57,0,0.0
1690436078,58.57,58.57,58.57,58.57,0,0.0
1690436079,58.57,58.57,58.57,58.57,800,46856.0
1690436080,58.57,58.57,58.57,58.57,0,0.0
1690436081,58.57,58.57,58.57,58.57,400,23428.0
1690436082,58.57,58.57,58.57,58.57,100,5857.0
1690436083,58.57,58.57,58.57,58.57,0,0.0
1690436084,58.56,58.56,58.56,58.56,300,17568.0
1690436085,58.57,58.58,58.56,58.58,4200,245994.0
1690436086,58.56,58.56,58.56,58.56,200,11712.0
1690436087,58.57,58.57,58.55,58.56,2900,169823.0
1690436088,58.56,58.56,58.56,58.56,0,0.0
1690436089,58.56,58.56,58.56,58.56,0,0.0
1690436090,58.56,58.56,58.56,58.56,0,0.0
1690436091,58.56,58.56,58.56,58.56,0,0.0
1690436092,58.56,58.56,58.56,58.56,0,0.0
1690436093,58.56,58.56,58.56,58.56,100,5856.0
1690436094,58.56,58.56,58.56,58.56,0,0.0
1690436095,58.55,58.55,58.55,58.55,3100,181505.0
1690436096,58.55,58.56,58.55,58.56,1200,70261.0
1690436097,58.56,58.56,58.56,58.56,0,0.0
1690436098,58.55,58.55,58.55,58.55,2100,122955.0
1690436099,58.55,58.55,58.55,58.55,0,0.0
1690436100,58.55,58.55,58.55,58.55,0,0.0
1690436101,58.55,58.55,58.54,58.54,1300,76114.0
1690436102,58.54,58.54,58.54,58.54,0,0.0
1690436103,58.54,58.54,58.54,58.54,0,0.0
1690436104,58.55,58.55,58.55,58.55,100,5855.0
1690436105,58.55,58.55,58.55,58.55,0,0.0
1690436106,58.54,58.55,58.54,58.55,2100,122935.0
1690436107,58.55,58.55,58.55,58.55,0,0.0
1690436108,58.55,58.55,58.55,58.55,0,0.0
1690436109,58.55,58.55,58.55,58.55,100,5855.0
1690436110,58.55,58.55,58.55,58.55,0,0.0
1690436111,58.54,58.55,58.54,58.54,3100,181475.0
1690436112,58.54,58.54,58.54,58.54,300,17562.0
1690436113,58.54,58.54,58.54,58.54,0,0.0
1690436114,58.54,58.54,58.54,58.54,3500,204890.0
1690436115,58.54,58.54,58.54,58.54,100,5854.0
1690436116,58.54,58.54,58.54,58.54,0,0.0
1690436117,58.53,58.54,58.53,58.54,800,46826.0
1690436118,58.54,58.54,58.54,58.54,0,0.0
1690436119,58.54,58.54,58.54,58.54,300,17562.0
1690436120,58.54,58.54,58.54,58.54,0,0.0
1690436121,58.54,58.54,58.54,58.54,0,0.0
1690436122,58.53,58.53,58.52,58.53,5600,327750.0
1690436123,58.53,58.53,58.53,58.53,1200,70236.0
1690436124,58.54,58.54,58.54,58.54,300,17562.0
1690436125,58.54,58.54,58.54,58.54,100,5854.0
1690436126,58.54,58.54,58.54,58.54,0,0.0
1690436127,58.54,58.54,58.54,58.54,0,0.0
1690436128,58.54,58.54,58.54,58.54,1000,58540.0
1690436129,58.54,58.54,58.54,58.54,0,0.0
1690436130,58.54,58.54,58.54,58.54,800,46832.0
1690436131,58.54,58.54,58.54,58.54,0,0.0
1690436132,58.54,58.54,58.54,58.54,0,0.0
1690436133,58.54,58.54,58.54,58.54,0,0.0
1690436134,58.54,58.54,58.54,58.54,0,0.0
1690436135,58.54,58.54,58.54,58.54,0,0.0
1690436136,58.53,58.53,58.53,58.53,600,35118.0
1690436137,58.53,58.53,58.53,58.53,0,0.0
1690436138,58.53,58.53,58.53,58.53,0,0.0
1690436139,58.53,58.53,58.53,58.53,0,0.0
1690436140,58.53,58.53,58.53,58.53,100,5853.0
1690436141,58.54,58.54,58.53,58.53,500,29266.0
1690436142,58.53,58.53,58.53,58.53,0,0.0
1690436143,58.53,58.53,58.53,58.53,0,0.0
1690436144,58.53,58.53,58.53,58.53,0,0.0
1690436145,58.53,58.53,58.53,58.53,0,0.0
1690436146,58.53,58.53,58.53,58.53,2100,122913.0
1690436147,58.53,58.53,58.53,58.53,4900,286797.0
1690436148,58.53,58.53,58.53,58.53,0,0.0
1690436149,58.53,58.53,58.53,58.53,5000,292650.0
1690436150,58.53,58.53,58.53,58.53,0,0.0
1690436151,58.54,58.54,58.54,58.54,800,46832.0
1690436152,58.53,58.53,58.53,58.53,500,29265.0
1690436153,58.53,58.53,58.53,58.53,0,0.0
1690436154,58.53,58.54,58.53,58.53,2200,128770.0
1690436155,58.53,58.53,58.53,58.53,0,0.0
1690436156,58.53,58.53,58.53,58.53,0,0.0
1690436157,58.53,58.54,58.53,58.54,1100,64384.0
1690436158,58.54,58.54,58.54,58.54,0,0.0
1690436159,58.54,58.54,58.54,58.54,100,5854.0
1690436160,58.54,58.54,58.53,58.53,2000,117074.0
1690436161,58.53,58.53,58.53,58.53,0,0.0
1690436162,58.53,58.53,58.53,58.53,0,0.0
1690436163,58.54,58.54,58.53,58.53,4100,239976.0
1690436164,58.53,58.53,58.53,58.53,0,0.0
1690436165,58.53,58.53,58.53,58.53,1200,70236.0
1690436166,58.54,58.54,58.54,58.54,200,11708.0
1690436167,58.54,58.54,58.54,58.54,0,0.0
1690436168,58.53,58.53,58.53,58.53,200,11706.0
1690436169,58.53,58.53,58.53,58.53,2500,146325.0
1690436170,58.54,58.54,58.54,58.54,100,5854.0
1690436171,58.54,58.54,58.54,58.54,0,0.0
1690436172,58.54,58.54,58.54,58.54,0,0.0
1690436173,58.53,58.54,58.53,58.54,500,29266.0
1690436174,58.54,58.54,58.54,58.54,0,0.0
1690436175,58.54,58.54,58.54,58.54,0,0.0
1690436176,58.53,58.53,58.52,58.52,18500,1082664.0
1690436177,58.51,58.52,58.51,58.52,3400,198965.0
1690436178,58.52,58.52,58.52,58.52,0,0.0
1690436179,58.53,58.53,58.53,58.53,1300,76089.0
1690436180,58.53,58.53,58.53,58.53,0,0.0
1690436181,58.53,58.53,58.53,58.53,5200,304356.0
1690436182,58.51,58.51,58.51,58.51,600,35106.0
1690436183,58.51,58.51,58.51,58.51,0,0.0
1690436184,58.51,58.51,58.51,58.51,0,0.0
1690436185,58.51,58.51,58.51,58.51,0,0.0
1690436186,58.51,58.51,58.51,58.51,900,52659.0
1690436187,58.52,58.52,58.52,58.52,2400,140448.0
1690436188,58.52,58.52,58.52,58.52,0,0.0
1690436189,58.51,58.52,58.51,58.52,300,17554.0
1690436190,58.51,58.52,58.51,58.52,1600,93618.0
1690436191,58.52,58.52,58.52,58.52,0,0.0
1690436192,58.51,58.52,58.51,58.51,2200,128727.0
1690436193,58.51,58.51,58.51,58.51,0,0.0
1690436194,58.51,58.51,58.51,58.51,0,0.0
1690436195,58.51,58.51,58.51,58.51,5800,339358.0
1690436196,58.51,58.51,58.51,58.51,300,17553.0
1690436197,58.51,58.51,58.51,58.51,3300,193083.0
1690436198,58.51,58.51,58.5,58.51,1800,105305.0
1690436199,58.51,58.51,58.51,58.51,0,0.0
1690436200,58.51,58.51,58.51,58.51,300,17553.0
1690436201,58.5,58.5,58.5,58.5,1100,64350.0
1690436202,58.5,58.5,58.5,58.5,0,0.0
1690436203,58.5,58.51,58.5,58.51,4000,234002.0
1690436204,58.5,58.5,58.5,58.5,2600,152100.0
1690436205,58.5,58.5,58.5,58.5,4000,234000.0
1690436206,58.5,58.51,58.5,58.5,10600,620158.0
1690436207,58.5,58.5,58.5,58.5,0,0.0
1690436208,58.5,58.5,58.5,58.5,0,0.0
1690436209,58.5,58.5,58.5,58.5,0,0.0
1690436210,58.5,58.5,58.5,58.5,0,0.0
1690436211,58.5,58.5,58.5,58.5,5500,321750.0
1690436212,58.51,58.51,58.51,58.51,300,17553.0
1690436213,58.51,58.51,58.51,58.51,0,0.0
1690436214,58.51,58.51,58.51,58.51,0,0.0
1690436215,58.51,58.51,58.51,58.51,0,0.0
1690436216,58.49,58.49,58.47,58.47,7500,438614.0
1690436217,58.5,58.5,58.5,58.5,300,17550.0
1690436218,58.5,58.5,58.5,58.5,0,0.0
1690436219,58.47,58.47,58.46,58.46,1700,99385.0
1690436220,58.46,58.46,58.46,58.46,0,0.0
1690436221,58.46,58.46,58.46,58.46,0,0.0
1690436222,58.48,58.5,58.48,58.5,4700,274927.0
1690436223,58.5,58.5,58.5,58.5,0,0.0
1690436224,58.49,58.49,58.49,58.49,400,23396.0
1690436225,58.49,58.49,58.49,58.49,200,11698.0
1690436226,58.49,58.49,58.49,58.49,0,0.0
1690436227,58.47,58.47,58.46,58.46,3000,175393.0
1690436228,58.46,58.46,58.46,58.46,0,0.0
1690436229,58.46,58.46,58.46,58.46,0,0.0
1690436230,58.46,58.46,58.46,58.46,0,0.0
1690436231,58.46,58.46,58.46,58.46,0,0.0
1690436232,58.46,58.46,58.46,58.46,0,0.0
1690436233,58.46,58.46,58.46,58.46,0,0.0
1690436234,58.46,58.46,58.46,58.46,0,0.0
1690436235,58.46,58.46,58.46,58.46,0,0.0
1690436236,58.48,58.48,58.48,58.48,200,11696.0
1690436237,58.48,58.48,58.48,58.48,0,0.0
1690436238,58.45,58.47,58.45,58.47,1200,70156.0
1690436239,58.47,58.47,58.47,58.47,0,0.0
1690436240,58.47,58.47,58.47,58.47,0,0.0
1690436241,58.44,58.44,58.42,58.42,4800,280455.0
1690436242,58.42,58.42,58.42,58.42,0,0.0
1690436243,58.42,58.42,58.42,58.42,0,0.0
1690436244,58.42,58.42,58.42,58.42,500,29210.0
1690436245,58.42,58.42,58.42,58.42,0,0.0
1690436246,58.44,58.46,58.42,58.42,9600,561037.0
1690436247,58.43,58.43,58.43,58.43,600,35058.0
1690436248,58.43,58.43,58.43,58.43,0,0.0
1690436249,58.44,58.44,58.43,58.44,4500,262950.0
1690436250,58.44,58.44,58.44,58.44,0,0.0
1690436251,58.44,58.44,58.44,58.44,1400,81816.0
1690436252,58.44,58.44,58.43,58.43,4100,239599.0
1690436253,58.43,58.43,58.43,58.43,0,0.0
1690436254,58.43,58.43,58.43,58.43,0,0.0
1690436255,58.43,58.43,58.43,58.43,1100,64273.0
1690436256,58.43,58.43,58.43,58.43,0,0.0
1690436257,58.44,58.44,58.44,58.44,600,35064.0
1690436258,58.44,58.44,58.44,58.44,2800,163632.0
1690436259,58.44,58.44,58.44,58.44,0,0.0
1690436260,58.44,58.44,58.44,58.44,0,0.0
1690436261,58.44,58.44,58.44,58.44,0,0.0
1690436262,58.44,58.44,58.44,58.44,200,11688.0
1690436263,58.44,58.44,58.44,58.44,100,5844.0
1690436264,58.44,58.44,58.44,58.44,0,0.0
1690436265,58.44,58.44,58.44,58.44,0,0.0
1690436266,58.44,58.44,58.44,58.44,0,0.0
1690436267,58.44,58.44,58.44,58.44,1000,58440.0
1690436268,58.44,58.44,58.44,58.44,100,5844.0
1690436269,58.44,58.44,58.44,58.44,0,0.0
1690436270,58.44,58.44,58.44,58.44,0,0.0
1690436271,58.44,58.44,58.44,58.44,0,0.0
1690436272,58.44,58.44,58.44,58.44,0,0.0
1690436273,58.44,58.44,58.44,58.44,0,0.0
1690436274,58.44,58.44,58.44,58.44,100,5844.0
1690436275,58.44,58.44,58.44,58.44,0,0.0
1690436276,58.44,58.44,58.44,58.44,400,23376.0
1690436277,58.44,58.44,58.44,58.44,200,11688.0
1690436278,58.44,58.44,58.44,58.44,0,0.0
1690436279,58.44,58.44,58.44,58.44,0,0.0
1690436280,58.44,58.44,58.44,58.44,0,0.0
1690436281,58.45,58.45,58.44,58.44,900,52601.0
1690436282,58.44,58.44,58.44,58.44,0,0.0
1690436283,58.44,58.44,58.44,58.44,0,0.0
1690436284,58.44,58.44,58.44,58.44,200,11688.0
1690436285,58.44,58.44,58.44,58.44,500,29220.0
1690436286,58.45,58.45,58.45,58.45,5600,327320.0
1690436287,58.46,58.46,58.45,58.45,400,23381.0
1690436288,58.45,58.45,58.45,58.45,0,0.0
1690436289,58.45,58.45,58.45,58.45,0,0.0
1690436290,58.45,58.45,58.45,58.45,0,0.0
1690436291,58.45,58.45,58.45,58.45,0,0.0
1690436292,58.45,58.45,58.45,58.45,600,35070.0
1690436293,58.45,58.45,58.45,58.45,0,0.0
1690436294,58.45,58.45,58.45,58.45,0,0.0
1690436295,58.45,58.45,58.45,58.45,0,0.0
1690436296,58.45,58.45,58.45,58.45,0,0.0
1690436297,58.45,58.45,58.45,58.45,0,0.0
1690436298,58.45,58.45,58.45,58.45,0,0.0
1690436299,58.45,58.45,58.45,58.45,0,0.0
1690436300,58.47,58.48,58.47,58.48,300,17543.0
1690436301,58.48,58.48,58.48,58.48,0,0.0
1690436302,58.48,58.48,58.48,58.48,0,0.0
1690436303,58.47,58.48,58.47,58.48,2500,146181.0
1690436304,58.48,58.48,58.48,58.48,0,0.0
1690436305,58.48,58.48,58.48,58.48,0,0.0
1690436306,58.48,58.48,58.48,58.48,0,0.0
1690436307,58.48,58.48,58.48,58.48,0,0.0
1690436308,58.47,58.47,58.47,58.47,300,17541.0
1690436309,58.46,58.46,58.46,58.46,2200,128612.0
1690436310,58.46,58.46,58.46,58.46,0,0.0
1690436311,58.46,58.46,58.46,58.46,800,46768.0
1690436312,58.46,58.46,58.46,58.46,0,0.0
1690436313,58.46,58.46,58.46,58.46,100,5846.0
1690436314,58.46,58.46,58.46,58.46,0,0.0
1690436315,58.46,58.46,58.46,58.46,0,0.0
1690436316,58.46,58.46,58.46,58.46,0,0.0
1690436317,58.47,58.47,58.47,58.47,500,29235.0
1690436318,58.47,58.47,58.47,58.47,0,0.0
1690436319,58.48,58.48,58.47,58.47,300,17543.0
1690436320,58.47,58.47,58.47,58.47,0,0.0
1690436321,58.47,58.47,58.47,58.47,0,0.0
1690436322,58.47,58.48,58.47,58.48,1100,64318.0
1690436323,58.48,58.48,58.48,58.48,0,0.0
1690436324,58.49,58.49,58.47,58.49,2600,152044.0
1690436325,58.49,58.49,58.49,58.49,200,11698.0
1690436326,58.49,58.49,58.49,58.49,0,0.0
1690436327,58.49,58.5,58.49,58.5,2000,116989.0
1690436328,58.5,58.5,58.5,58.5,0,0.0
1690436329,58.49,58.49,58.49,58.49,500,29245.0
1690436330,58.49,58.49,58.49,58.49,1200,70188.0
1690436331,58.49,58.49,58.49,58.49,0,0.0
1690436332,58.49,58.49,58.49,58.49,900,52641.0
1690436333,58.49,58.49,58.49,58.49,0,0.0
1690436334,58.49,58.49,58.49,58.49,0,0.0
1690436335,58.5,58.5,58.48,58.48,300,17548.0
1690436336,58.48,58.48,58.48,58.48,0,0.0
1690436337,58.48,58.48,58.48,58.48,0,0.0
1690436338,58.49,58.5,58.49,58.5,500,29247.0
1690436339,58.5,58.5,58.5,58.5,0,0.0
1690436340,58.5,58.5,58.5,58.5,0,0.0
1690436341,58.5,58.5,58.49,58.49,500,29247.0
1690436342,58.49,58.49,58.49,58.49,0,0.0
1690436343,58.49,58.49,58.49,58.49,2000,116980.0
1690436344,58.49,58.49,58.49,58.49,1800,105282.0
1690436345,58.49,58.49,58.49,58.49,0,0.0
1690436346,58.49,58.49,58.49,58.49,0,0.0
1690436347,58.49,58.49,58.49,58.49,300,17547.0
1690436348,58.49,58.49,58.49,58.49,0,0.0
1690436349,58.5,58.5,58.5,58.5,400,23400.0
1690436350,58.5,58.5,58.5,58.5,0,0.0
1690436351,58.5,58.5,58.5,58.5,100,5850.0
1690436352,58.5,58.5,58.5,58.5,0,0.0
1690436353,58.5,58.5,58.5,58.5,0,0.0
1690436354,58.49,58.49,58.49,58.49,5600,327544.0
1690436355,58.49,58.49,58.49,58.49,0,0.0
1690436356,58.49,58.49,58.49,58.49,0,0.0
1690436357,58.49,58.49,58.49,58.49,0,0.0
1690436358,58.49,58.49,58.49,58.49,0,0.0
1690436359,58.5,58.5,58.5,58.5,300,17550.0
1690436360,58.5,58.5,58.49,58.49,4400,257358.0
1690436361,58.49,58.49,58.49,58.49,0,0.0
1690436362,58.49,58.49,58.49,58.49,0,0.0
1690436363,58.5,58.5,58.5,58.5,200,11700.0
1690436364,58.49,58.49,58.49,58.49,100,5849.0
1690436365,58.49,58.49,58.49,58.49,0,0.0
1690436366,58.5,58.5,58.5,58.5,500,29250.0
1690436367,58.49,58.49,58.49,58.49,4100,239809.0
1690436368,58.49,58.49,58.49,58.49,0,0.0
1690436369,58.49,58.49,58.49,58.49,0,0.0
1690436370,58.49,58.49,58.49,58.49,100,5849.0
1690436371,58.49,58.49,58.49,58.49,100,5849.0
1690436372,58.49,58.49,58.49,58.49,0,0.0
1690436373,58.49,58.49,58.49,58.49,600,35094.0
1690436374,58.49,58.49,58.49,58.49,0,0.0
1690436375,58.49,58.49,58.49,58.49,0,0.0
1690436376,58.49,58.49,58.49,58.49,1000,58490.0
1690436377,58.49,58.49,58.49,58.49,0,0.0
1690436378,58.49,58.49,58.49,58.49,300,17547.0
1690436379,58.49,58.49,58.49,58.49,0,0.0
1690436380,58.49,58.49,58.49,58.49,0,0.0
1690436381,58.49,58.49,58.49,58.49,0,0.0
1690436382,58.49,58.49,58.49,58.49,0,0.0
1690436383,58.49,58.49,58.49,58.49,0,0.0
1690436384,58.49,58.49,58.49,58.49,0,0.0
1690436385,58.49,58.49,58.49,58.49,0,0.0
1690436386,58.48,58.48,58.48,58.48,300,17544.0
1690436387,58.49,58.49,58.48,58.48,700,40942.0
1690436388,58.48,58.48,58.48,58.48,0,0.0
1690436389,58.48,58.48,58.48,58.48,0,0.0
1690436390,58.49,58.49,58.49,58.49,2100,122829.0
1690436391,58.49,58.49,58.49,58.49,0,0.0
1690436392,58.49,58.49,58.48,58.48,500,29244.0
1690436393,58.48,58.48,58.48,58.48,0,0.0
1690436394,58.49,58.49,58.49,58.49,100,5849.0
1690436395,58.49,58.49,58.49,58.49,0,0.0
1690436396,58.49,58.49,58.49,58.49,0,0.0
1690436397,58.49,58.49,58.49,58.49,0,0.0
1690436398,58.49,58.49,58.49,58.49,0,0.0
1690436399,58.49,58.49,58.49,58.49,0,0.0
1690436400,58.49,58.49,58.49,58.49,0,0.0
1690436401,58.49,58.49,58.49,58.49,0,0.0
1690436402,58.49,58.49,58.49,58.49,0,0.0
1690436403,58.49,58.49,58.49,58.49,0,0.0
1690436404,58.49,58.49,58.49,58.49,0,0.0
1690436405,58.49,58.49,58.49,58.49,0,0.0
1690436406,58.49,58.49,58.49,58.49,0,0.0
1690436407,58.49,58.49,58.49,58.49,0,0.0
1690436408,58.49,58.49,58.49,58.49,3100,181319.0
1690436409,58.49,58.49,58.49,58.49,0,0.0
1690436410,58.49,58.49,58.49,58.49,0,0.0
1690436411,58.5,58.5,58.5,58.5,800,46800.0
1690436412,58.5,58.5,58.5,58.5,0,0.0
1690436413,58.5,58.51,58.5,58.51,6500,380259.0
1690436414,58.51,58.51,58.51,58.51,0,0.0
1690436415,58.51,58.51,58.51,58.51,0,0.0
1690436416,58.49,58.49,58.49,58.49,300,17547.0
1690436417,58.49,58.49,58.49,58.49,0,0.0
1690436418,58.49,58.49,58.49,58.49,0,0.0
1690436419,58.49,58.49,58.49,58.49,100,5849.0
1690436420,58.49,58.49,58.49,58.49,0,0.0
1690436421,58.49,58.49,58.49,58.49,0,0.0
1690436422,58.49,58.49,58.49,58.49,0,0.0
1690436423,58.49,58.49,58.49,58.49,0,0.0
1690436424,58.49,58.49,58.49,58.49,100,5849.0
1690436425,58.49,58.49,58.49,58.49,0,0.0
1690436426,58.49,58.49,58.49,58.49,0,0.0
1690436427,58.5,58.5,58.49,58.49,2500,146227.0
1690436428,58.49,58.49,58.49,58.49,0,0.0
1690436429,58.49,58.49,58.49,58.49,0,0.0
1690436430,58.5,58.5,58.5,58.5,1100,64350.0
1690436431,58.5,58.5,58.5,58.5,0,0.0
1690436432,58.5,58.5,58.49,58.49,1200,70191.0
1690436433,58.49,58.49,58.49,58.49,0,0.0
1690436434,58.49,58.49,58.49,58.49,0,0.0
1690436435,58.49,58.49,58.49,58.49,0,0.0
1690436436,58.49,58.49,58.49,58.49,0,0.0
1690436437,58.49,58.49,58.49,58.49,0,0.0
1690436438,58.49,58.49,58.49,58.49,100,5849.0
1690436439,58.49,58.49,58.49,58.49,0,0.0
1690436440,58.49,58.49,58.49,58.49,0,0.0
1690436441,58.49,58.49,58.49,58.49,100,5849.0
1690436442,58.49,58.49,58.49,58.49,0,0.0
1690436443,58.49,58.49,58.49,58.49,100,5849.0
1690436444,58.49,58.49,58.49,58.49,2200,128678.0
1690436445,58.49,58.49,58.49,58.49,100,5849.0
1690436446,58.49,58.49,58.49,58.49,300,17547.0
1690436447,58.49,58.49,58.49,58.49,0,0.0
1690436448,58.49,58.49,58.49,58.49,0,0.0
1690436449,58.5,58.5,58.5,58.5,900,52650.0
1690436450,58.5,58.5,58.5,58.5,0,0.0
1690436451,58.5,58.5,58.5,58.5,0,0.0
1690436452,58.5,58.5,58.5,58.5,100,5850.0
1690436453,58.5,58.5,58.5,58.5,0,0.0
1690436454,58.5,58.5,58.5,58.5,5200,304200.0
1690436455,58.5,58.5,58.5,58.5,0,0.0
1690436456,58.5,58.5,58.5,58.5,300,17550.0
1690436457,58.5,58.5,58.5,58.5,0,0.0
1690436458,58.5,58.5,58.5,58.5,0,0.0
1690436459,58.5,58.5,58.5,58.5,0,0.0
1690436460,58.49,58.49,58.49,58.49,100,5849.0
1690436461,58.49,58.49,58.49,58.49,0,0.0
1690436462,58.49,58.49,58.49,58.49,0,0.0
1690436463,58.49,58.49,58.49,58.49,0,0.0
1690436464,58.49,58.49,58.49,58.49,0,0.0
1690436465,58.49,58.49,58.49,58.49,0,0.0
1690436466,58.49,58.49,58.49,58.49,0,0.0
1690436467,58.49,58.49,58.49,58.49,0,0.0
1690436468,58.5,58.5,58.5,58.5,600,35100.0
1690436469,58.5,58.5,58.5,58.5,0,0.0
1690436470,58.49,58.49,58.49,58.49,2300,134527.0
1690436471,58.5,58.5,58.5,58.5,400,23400.0
1690436472,58.5,58.5,58.5,58.5,0,0.0
1690436473,58.5,58.5,58.5,58.5,1800,105300.0
1690436474,58.5,58.5,58.5,58.5,0,0.0
1690436475,58.5,58.5,58.5,58.5,0,0.0
1690436476,58.5,58.5,58.5,58.5,400,23400.0
1690436477,58.5,58.5,58.5,58.5,0,0.0
1690436478,58.5,58.5,58.5,58.5,0,0.0
1690436479,58.51,58.51,58.51,58.51,800,46808.0
1690436480,58.51,58.51,58.51,58.51,0,0.0
1690436481,58.51,58.51,58.51,58.51,0,0.0
1690436482,58.51,58.51,58.51,58.51,0,0.0
1690436483,58.51,58.51,58.51,58.51,0,0.0
1690436484,58.51,58.51,58.51,58.51,0,0.0
1690436485,58.51,58.51,58.51,58.51,0,0.0
1690436486,58.5,58.5,58.5,58.5,200,11700.0
1690436487,58.51,58.51,58.51,58.51,500,29255.0
1690436488,58.51,58.51,58.51,58.51,0,0.0
1690436489,58.51,58.51,58.51,58.51,1700,99467.0
1690436490,58.51,58.51,58.51,58.51,0,0.0
1690436491,58.51,58.51,58.51,58.51,200,11702.0
1690436492,58.51,58.51,58.51,58.51,0,0.0
1690436493,58.51,58.51,58.51,58.51,0,0.0
1690436494,58.51,58.51,58.51,58.51,0,0.0
1690436495,58.51,58.51,58.51,58.51,0,0.0
1690436496,58.51,58.51,58.51,58.51,0,0.0
1690436497,58.51,58.51,58.51,58.51,0,0.0
1690436498,58.52,58.52,58.52,58.52,1500,87780.0
1690436499,58.52,58.52,58.52,58.52,0,0.0
1690436500,58.52,58.52,58.52,58.52,0,0.0
1690436501,58.52,58.52,58.52,58.52,0,0.0
1690436502,58.52,58.52,58.52,58.52,0,0.0
1690436503,58.52,58.52,58.52,58.52,0,0.0
1690436504,58.52,58.52,58.52,58.52,0,0.0
1690436505,58.52,58.52,58.52,58.52,0,0.0
1690436506,58.52,58.52,58.52,58.52,100,5852.0
1690436507,58.52,58.52,58.52,58.52,0,0.0
1690436508,58.52,58.52,58.52,58.52,100,5852.0
1690436509,58.52,58.52,58.52,58.52,0,0.0
1690436510,58.52,58.52,58.52,58.52,500,29260.0
1690436511,58.52,58.52,58.52,58.52,0,0.0
1690436512,58.52,58.52,58.52,58.52,0,0.0
1690436513,58.52,58.52,58.52,58.52,0,0.0
1690436514,58.52,58.52,58.52,58.52,0,0.0
1690436515,58.52,58.52,58.52,58.52,0,0.0
1690436516,58.52,58.52,58.52,58.52,0,0.0
1690436517,58.52,58.52,58.52,58.52,0,0.0
1690436518,58.52,58.52,58.52,58.52,0,0.0
1690436519,58.52,58.52,58.52,58.52,100,5852.0
1690436520,58.52,58.52,58.52,58.52,0,0.0
1690436521,58.51,58.51,58.51,58.51,200,11702.0
1690436522,58.52,58.52,58.51,58.52,400,23406.0
1690436523,58.52,58.52,58.52,58.52,0,0.0
1690436524,58.52,58.52,58.52,58.52,0,0.0
1690436525,58.52,58.52,58.52,58.52,0,0.0
1690436526,58.52,58.52,58.52,58.52,0,0.0
1690436527,58.53,58.53,58.53,58.53,400,23412.0
1690436528,58.52,58.52,58.52,58.52,100,5852.0
1690436529,58.53,58.53,58.53,58.53,100,5853.0
1690436530,58.53,58.53,58.53,58.53,0,0.0
1690436531,58.53,58.53,58.53,58.53,0,0.0
1690436532,58.52,58.52,58.52,58.52,400,23408.0
1690436533,58.52,58.52,58.52,58.52,0,0.0
1690436534,58.52,58.52,58.52,58.52,0,0.0
1690436535,58.52,58.52,58.52,58.52,0,0.0
1690436536,58.52,58.52,58.52,58.52,100,5852.0
1690436537,58.53,58.53,58.53,58.53,2300,134619.0
1690436538,58.53,58.53,58.53,58.53,5000,292650.0
1690436539,58.53,58.53,58.53,58.53,0,0.0
1690436540,58.54,58.54,58.54,58.54,400,23416.0
1690436541,58.54,58.54,58.54,58.54,900,52686.0
1690436542,58.54,58.54,58.54,58.54,0,0.0
1690436543,58.54,58.54,58.54,58.54,0,0.0
1690436544,58.54,58.54,58.54,58.54,0,0.0
1690436545,58.54,58.54,58.54,58.54,100,5854.0
1690436546,58.54,58.54,58.54,58.54,0,0.0
1690436547,58.54,58.54,58.54,58.54,0,0.0
1690436548,58.54,58.54,58.54,58.54,0,0.0
1690436549,58.54,58.54,58.54,58.54,0,0.0
1690436550,58.54,58.54,58.54,58.54,0,0.0
1690436551,58.54,58.54,58.53,58.53,300,17560.0
1690436552,58.53,58.53,58.53,58.53,0,0.0
1690436553,58.54,58.54,58.54,58.54,1300,76102.0
1690436554,58.53,58.53,58.53,58.53,2300,134619.0
1690436555,58.53,58.53,58.53,58.53,0,0.0
1690436556,58.53,58.53,58.53,58.53,0,0.0
1690436557,58.54,58.54,58.54,58.54,100,5854.0
1690436558,58.54,58.54,58.54,58.54,0,0.0
1690436559,58.54,58.54,58.54,58.54,0,0.0
1690436560,58.55,58.55,58.55,58.55,700,40985.0
1690436561,58.55,58.55,58.55,58.55,0,0.0
1690436562,58.55,58.55,58.55,58.55,0,0.0
1690436563,58.55,58.55,58.55,58.55,0,0.0
1690436564,58.55,58.55,58.55,58.55,0,0.0
1690436565,58.55,58.55,58.55,58.55,400,23420.0
1690436566,58.55,58.55,58.55,58.55,0,0.0
1690436567,58.55,58.55,58.55,58.55,200,11710.0
1690436568,58.55,58.55,58.55,58.55,600,35130.0
1690436569,58.55,58.55,58.55,58.55,0,0.0
1690436570,58.54,58.55,58.54,58.55,1500,87814.0
1690436571,58.55,58.55,58.55,58.55,0,0.0
1690436572,58.55,58.55,58.55,58.55,0,0.0
1690436573,58.55,58.55,58.55,58.55,0,0.0
1690436574,58.55,58.55,58.55,58.55,0,0.0
1690436575,58.54,58.54,58.54,58.54,100,5854.0
1690436576,58.54,58.54,58.54,58.54,100,5854.0
1690436577,58.54,58.54,58.54,58.54,0,0.0
1690436578,58.55,58.55,58.54,58.54,900,52687.0
1690436579,58.54,58.54,58.54,58.54,0,0.0
1690436580,58.54,58.54,58.54,58.54,0,0.0
1690436581,58.55,58.55,58.55,58.55,300,17565.0
1690436582,58.56,58.56,58.56,58.56,200,11712.0
1690436583,58.55,58.55,58.55,58.55,100,5855.0
1690436584,58.55,58.55,58.55,58.55,100,5855.0
1690436585,58.55,58.55,58.55,58.55,0,0.0
1690436586,58.54,58.54,58.54,58.54,100,5854.0
1690436587,58.54,58.55,58.54,58.55,1500,87822.0
1690436588,58.55,58.55,58.55,58.55,0,0.0
1690436589,58.55,58.55,58.55,58.55,0,0.0
1690436590,58.55,58.55,58.55,58.55,0,0.0
1690436591,58.55,58.55,58.55,58.55,0,0.0
1690436592,58.55,58.55,58.55,58.55,0,0.0
1690436593,58.55,58.55,58.55,58.55,0,0.0
1690436594,58.55,58.55,58.55,58.55,0,0.0
1690436595,58.55,58.55,58.55,58.55,300,17565.0
1690436596,58.55,58.55,58.55,58.55,0,0.0
1690436597,58.55,58.55,58.55,58.55,2500,146375.0
1690436598,58.55,58.55,58.55,58.55,0,0.0
1690436599,58.55,58.55,58.55,58.55,0,0.0
1690436600,58.54,58.55,58.54,58.55,2400,140504.0
1690436601,58.55,58.55,58.55,58.55,0,0.0
1690436602,58.55,58.55,58.55,58.55,0,0.0
1690436603,58.55,58.55,58.54,58.54,700,40984.0
1690436604,58.54,58.54,58.54,58.54,0,0.0
1690436605,58.54,58.54,58.54,58.54,0,0.0
1690436606,58.54,58.54,58.54,58.54,0,0.0
1690436607,58.54,58.54,58.54,58.54,0,0.0
1690436608,58.54,58.54,58.54,58.54,0,0.0
1690436609,58.54,58.54,58.54,58.54,0,0.0
1690436610,58.54,58.54,58.54,58.54,0,0.0
1690436611,58.54,58.54,58.54,58.54,300,17562.0
1690436612,58.54,58.54,58.54,58.54,0,0.0
1690436613,58.54,58.54,58.54,58.54,0,0.0
1690436614,58.54,58.54,58.54,58.54,0,0.0
1690436615,58.54,58.54,58.54,58.54,0,0.0
1690436616,58.54,58.54,58.54,58.54,1600,93664.0
1690436617,58.54,58.54,58.54,58.54,200,11708.0
1690436618,58.54,58.54,58.54,58.54,0,0.0
1690436619,58.54,58.54,58.54,58.54,0,0.0
1690436620,58.54,58.54,58.54,58.54,0,0.0
1690436621,58.54,58.54,58.54,58.54,200,11708.0
1690436622,58.54,58.54,58.54,58.54,100,5854.0
1690436623,58.54,58.54,58.54,58.54,0,0.0
1690436624,58.54,58.54,58.54,58.54,100,5854.0
1690436625,58.54,58.54,58.54,58.54,0,0.0
1690436626,58.54,58.54,58.54,58.54,0,0.0
1690436627,58.54,58.54,58.54,58.54,300,17562.0
1690436628,58.54,58.54,58.54,58.54,0,0.0
1690436629,58.54,58.54,58.54,58.54,0,0.0
1690436630,58.53,58.53,58.53,58.53,1100,64383.0
1690436631,58.53,58.53,58.53,58.53,0,0.0
1690436632,58.53,58.53,58.53,58.53,0,0.0
1690436633,58.53,58.53,58.53,58.53,0,0.0
1690436634,58.53,58.53,58.53,58.53,0,0.0
1690436635,58.53,58.53,58.53,58.53,0,0.0
1690436636,58.53,58.53,58.53,58.53,100,5853.0
1690436637,58.53,58.53,58.53,58.53,0,0.0
1690436638,58.53,58.53,58.53,58.53,0,0.0
1690436639,58.53,58.53,58.53,58.53,0,0.0
1690436640,58.53,58.53,58.53,58.53,0,0.0
1690436641,58.53,58.53,58.53,58.53,0,0.0
1690436642,58.53,58.53,58.53,58.53,0,0.0
1690436643,58.53,58.53,58.53,58.53,0,0.0
1690436644,58.54,58.54,58.54,58.54,100,5854.0
1690436645,58.54,58.54,58.54,58.54,0,0.0
1690436646,58.54,58.54,58.54,58.54,0,0.0
1690436647,58.54,58.54,58.54,58.54,0,0.0
1690436648,58.53,58.53,58.53,58.53,100,5853.0
1690436649,58.53,58.53,58.53,58.53,0,0.0
1690436650,58.53,58.53,58.53,58.53,0,0.0
1690436651,58.53,58.53,58.53,58.53,0,0.0
1690436652,58.53,58.53,58.53,58.53,0,0.0
1690436653,58.53,58.53,58.53,58.53,0,0.0
1690436654,58.53,58.53,58.53,58.53,300,17559.0
1690436655,58.53,58.53,58.53,58.53,0,0.0
1690436656,58.53,58.53,58.53,58.53,1300,76089.0
1690436657,58.53,58.53,58.53,58.53,300,17559.0
1690436658,58.53,58.53,58.53,58.53,0,0.0
1690436659,58.53,58.53,58.53,58.53,0,0.0
1690436660,58.53,58.53,58.52,58.52,2800,163872.0
1690436661,58.52,58.52,58.52,58.52,0,0.0
1690436662,58.52,58.52,58.52,58.52,0,0.0
1690436663,58.52,58.52,58.52,58.52,0,0.0
1690436664,58.52,58.52,58.52,58.52,500,29260.0
1690436665,58.52,58.52,58.52,58.52,0,0.0
1690436666,58.52,58.52,58.52,58.52,0,0.0
1690436667,58.52,58.52,58.52,58.52,0,0.0
1690436668,58.52,58.52,58.52,58.52,0,0.0
1690436669,58.52,58.52,58.52,58.52,0,0.0
1690436670,58.52,58.52,58.52,58.52,1100,64372.0
1690436671,58.52,58.52,58.52,58.52,0,0.0
1690436672,58.51,58.51,58.51,58.51,900,52659.0
1690436673,58.51,58.51,58.51,58.51,0,0.0
1690436674,58.51,58.51,58.51,58.51,0,0.0
1690436675,58.51,58.51,58.51,58.51,0,0.0
1690436676,58.51,58.51,58.51,58.51,0,0.0
1690436677,58.51,58.51,58.51,58.51,0,0.0
1690436678,58.52,58.52,58.51,58.51,200,11703.0
1690436679,58.51,58.51,58.51,58.51,0,0.0
1690436680,58.51,58.51,58.51,58.51,0,0.0
1690436681,58.51,58.51,58.51,58.51,2400,140424.0
1690436682,58.51,58.51,58.51,58.51,0,0.0
1690436683,58.51,58.51,58.51,58.51,0,0.0
1690436684,58.51,58.51,58.51,58.51,1200,70212.0
1690436685,58.51,58.51,58.51,58.51,0,0.0
1690436686,58.51,58.51,58.51,58.51,0,0.0
1690436687,58.51,58.51,58.51,58.51,400,23404.0
1690436688,58.51,58.51,58.51,58.51,0,0.0
1690436689,58.51,58.51,58.51,58.51,0,0.0
1690436690,58.51,58.51,58.51,58.51,0,0.0
1690436691,58.51,58.51,58.51,58.51,0,0.0
1690436692,58.51,58.51,58.51,58.51,0,0.0
1690436693,58.51,58.51,58.51,58.51,0,0.0
1690436694,58.5,58.5,58.5,58.5,700,40950.0
1690436695,58.5,58.5,58.5,58.5,0,0.0
1690436696,58.5,58.5,58.5,58.5,0,0.0
1690436697,58.5,58.5,58.5,58.5,0,0.0
1690436698,58.5,58.5,58.5,58.5,0,0.0
1690436699,58.5,58.5,58.5,58.5,0,0.0
1690436700,58.5,58.5,58.5,58.5,5000,292500.0
1690436701,58.5,58.5,58.5,58.5,0,0.0
1690436702,58.5,58.5,58.5,58.5,0,0.0
1690436703,58.49,58.49,58.48,58.48,4100,239777.0
1690436704,58.48,58.48,58.48,58.48,0,0.0
1690436705,58.48,58.48,58.48,58.48,0,0.0
1690436706,58.48,58.48,58.48,58.48,600,35088.0
1690436707,58.48,58.48,58.48,58.48,0,0.0
1690436708,58.49,58.49,58.49,58.49,200,11698.0
1690436709,58.49,58.49,58.49,58.49,0,0.0
1690436710,58.49,58.49,58.49,58.49,0,0.0
1690436711,58.49,58.49,58.48,58.48,7100,415214.0
1690436712,58.48,58.48,58.48,58.48,0,0.0
1690436713,58.48,58.48,58.48,58.48,0,0.0
1690436714,58.49,58.49,58.49,58.49,400,23396.0
1690436715,58.49,58.49,58.49,58.49,0,0.0
1690436716,58.49,58.49,58.49,58.49,500,29245.0
1690436717,58.49,58.49,58.49,58.49,0,0.0
1690436718,58.49,58.49,58.49,58.49,0,0.0
1690436719,58.49,58.49,58.49,58.49,0,0.0
1690436720,58.49,58.49,58.49,58.49,0,0.0
1690436721,58.49,58.49,58.49,58.49,0,0.0
1690436722,58.49,58.49,58.49,58.49,0,0.0
1690436723,58.49,58.49,58.49,58.49,0,0.0
1690436724,58.49,58.49,58.49,58.49,0,0.0
1690436725,58.47,58.47,58.47,58.47,100,5847.0
1690436726,58.47,58.47,58.47,58.47,0,0.0
1690436727,58.47,58.47,58.47,58.47,600,35082.0
1690436728,58.47,58.47,58.47,58.47,0,0.0
1690436729,58.47,58.47,58.47,58.47,0,0.0
1690436730,58.47,58.47,58.47,58.47,0,0.0
1690436731,58.47,58.47,58.47,58.47,0,0.0
1690436732,58.47,58.47,58.47,58.47,600,35082.0
1690436733,58.47,58.47,58.47,58.47,0,0.0
1690436734,58.47,58.47,58.47,58.47,0,0.0
1690436735,58.47,58.47,58.47,58.47,2000,116940.0
1690436736,58.47,58.47,58.47,58.47,0,0.0
1690436737,58.47,58.47,58.47,58.47,100,5847.0
1690436738,58.47,58.47,58.46,58.46,4000,233866.0
1690436739,58.46,58.46,58.46,58.46,0,0.0
1690436740,58.46,58.46,58.46,58.46,0,0.0
1690436741,58.46,58.46,58.46,58.46,0,0.0
1690436742,58.46,58.46,58.46,58.46,0,0.0
1690436743,58.46,58.46,58.46,58.46,0,0.0
1690436744,58.46,58.46,58.46,58.46,0,0.0
1690436745,58.46,58.46,58.46,58.46,0,0.0
1690436746,58.48,58.48,58.47,58.47,1100,64326.0
1690436747,58.47,58.47,58.47,58.47,0,0.0
1690436748,58.47,58.47,58.47,58.47,0,0.0
1690436749,58.47,58.47,58.47,58.47,0,0.0
1690436750,58.47,58.47,58.47,58.47,0,0.0
1690436751,58.47,58.47,58.47,58.47,200,11694.0
1690436752,58.47,58.47,58.47,58.47,0,0.0
1690436753,58.47,58.47,58.47,58.47,0,0.0
1690436754,58.47,58.47,58.47,58.47,2400,140328.0
1690436755,58.47,58.47,58.47,58.47,0,0.0
1690436756,58.47,58.47,58.47,58.47,0,0.0
1690436757,58.47,58.47,58.46,58.46,900,52621.0
1690436758,58.46,58.46,58.46,58.46,0,0.0
1690436759,58.47,58.47,58.46,58.47,2200,128630.0
1690436760,58.47,58.47,58.47,58.47,0,0.0
1690436761,58.47,58.47,58.47,58.47,0,0.0
1690436762,58.47,58.47,58.47,58.47,0,0.0
1690436763,58.47,58.47,58.47,58.47,0,0.0
1690436764,58.47,58.47,58.46,58.46,700,40923.0
1690436765,58.47,58.47,58.47,58.47,200,11694.0
1690436766,58.47,58.47,58.47,58.47,0,0.0
1690436767,58.46,58.46,58.46,58.46,800,46768.0
1690436768,58.46,58.47,58.46,58.47,300,17539.0
1690436769,58.47,58.47,58.47,58.47,0,0.0
1690436770,58.47,58.47,58.47,58.47,0,0.0
1690436771,58.47,58.47,58.47,58.47,300,17541.0
1690436772,58.46,58.46,58.46,58.46,100,5846.0
1690436773,58.46,58.46,58.46,58.46,0,0.0
1690436774,58.46,58.46,58.46,58.46,0,0.0
1690436775,58.46,58.46,58.46,58.46,0,0.0
1690436776,58.46,58.46,58.46,58.46,0,0.0
1690436777,58.46,58.46,58.46,58.46,0,0.0
1690436778,58.46,58.46,58.46,58.46,0,0.0
1690436779,58.46,58.46,58.46,58.46,0,0.0
1690436780,58.46,58.46,58.46,58.46,0,0.0
1690436781,58.46,58.46,58.46,58.46,0,0.0
1690436782,58.46,58.46,58.46,58.46,0,0.0
1690436783,58.46,58.46,58.46,58.46,0,0.0
1690436784,58.46,58.46,58.46,58.46,800,46768.0
1690436785,58.46,58.46,58.46,58.46,0,0.0
1690436786,58.46,58.47,58.46,58.47,3500,204613.0
1690436787,58.47,58.47,58.47,58.47,0,0.0
1690436788,58.47,58.47,58.47,58.47,0,0.0
1690436789,58.46,58.46,58.46,58.46,600,35076.0
1690436790,58.46,58.46,58.46,58.46,0,0.0
1690436791,58.46,58.46,58.46,58.46,300,17538.0
1690436792,58.46,58.46,58.46,58.46,0,0.0
1690436793,58.46,58.46,58.46,58.46,0,0.0
1690436794,58.46,58.46,58.46,58.46,0,0.0
1690436795,58.46,58.46,58.46,58.46,0,0.0
1690436796,58.46,58.46,58.46,58.46,0,0.0
1690436797,58.46,58.46,58.46,58.46,0,0.0
1690436798,58.46,58.46,58.46,58.46,0,0.0
1690436799,58.46,58.46,58.46,58.46,0,0.0
1690436800,58.46,58.46,58.46,58.46,0,0.0
1690436801,58.46,58.46,58.46,58.46,0,0.0
1690436802,58.46,58.46,58.46,58.46,0,0.0
1690436803,58.46,58.46,58.46,58.46,0,0.0
1690436804,58.47,58.47,58.47,58.47,200,11694.0
1690436805,58.47,58.47,58.47,58.47,0,0.0
1690436806,58.47,58.47,58.47,58.47,0,0.0
1690436807,58.48,58.48,58.47,58.47,2200,128651.0
1690436808,58.47,58.47,58.47,58.47,0,0.0
1690436809,58.47,58.47,58.47,58.47,0,0.0
1690436810,58.47,58.47,58.47,58.47,0,0.0
1690436811,58.49,58.49,58.49,58.49,100,5849.0
1690436812,58.49,58.49,58.49,58.49,0,0.0
1690436813,58.49,58.49,58.49,58.49,0,0.0
1690436814,58.49,58.49,58.49,58.49,800,46792.0
1690436815,58.49,58.49,58.49,58.49,0,0.0
1690436816,58.49,58.49,58.49,58.49,100,5849.0
1690436817,58.49,58.49,58.49,58.49,100,5849.0
1690436818,58.49,58.49,58.49,58.49,0,0.0
1690436819,58.49,58.49,58.49,58.49,1500,87735.0
1690436820,58.49,58.49,58.49,58.49,0,0.0
1690436821,58.49,58.49,58.49,58.49,300,17547.0
1690436822,58.5,58.5,58.5,58.5,100,5850.0
1690436823,58.5,58.5,58.5,58.5,0,0.0
1690436824,58.5,58.5,58.5,58.5,0,0.0
1690436825,58.5,58.5,58.5,58.5,0,0.0
1690436826,58.5,58.5,58.5,58.5,0,0.0
1690436827,58.5,58.5,58.5,58.5,400,23400.0
1690436828,58.5,58.5,58.5,58.5,0,0.0
1690436829,58.5,58.5,58.5,58.5,0,0.0
1690436830,58.5,58.5,58.5,58.5,100,5850.0
1690436831,58.5,58.5,58.5,58.5,0,0.0
1690436832,58.5,58.5,58.5,58.5,0,0.0
1690436833,58.5,58.5,58.5,58.5,0,0.0
1690436834,58.5,58.5,58.5,58.5,0,0.0
1690436835,58.49,58.49,58.49,58.49,400,23396.0
1690436836,58.49,58.49,58.49,58.49,0,0.0
1690436837,58.49,58.49,58.49,58.49,0,0.0
1690436838,58.49,58.49,58.49,58.49,0,0.0
1690436839,58.49,58.49,58.49,58.49,0,0.0
1690436840,58.49,58.49,58.49,58.49,2200,128678.0
1690436841,58.5,58.5,58.5,58.5,100,5850.0
1690436842,58.5,58.5,58.5,58.5,0,0.0
1690436843,58.51,58.51,58.51,58.51,100,5851.0
1690436844,58.51,58.51,58.51,58.51,0,0.0
1690436845,58.51,58.51,58.51,58.51,0,0.0
1690436846,58.51,58.51,58.51,58.51,0,0.0
1690436847,58.51,58.51,58.51,58.51,0,0.0
1690436848,58.51,58.51,58.51,58.51,0,0.0
1690436849,58.51,58.51,58.51,58.51,0,0.0
1690436850,58.51,58.51,58.51,58.51,0,0.0
1690436851,58.5,58.5,58.5,58.5,300,17550.0
1690436852,58.5,58.5,58.5,58.5,0,0.0
1690436853,58.5,58.5,58.5,58.5,0,0.0
1690436854,58.51,58.51,58.5,58.5,1900,111159.0
1690436855,58.5,58.5,58.5,58.5,0,0.0
1690436856,58.5,58.5,58.5,58.5,100,5850.0
1690436857,58.5,58.51,58.5,58.51,200,11701.0
1690436858,58.51,58.51,58.51,58.51,0,0.0
1690436859,58.51,58.51,58.51,58.51,100,5851.0
1690436860,58.51,58.51,58.51,58.51,0,0.0
1690436861,58.51,58.51,58.51,58.51,0,0.0
1690436862,58.51,58.51,58.51,58.51,100,5851.0
1690436863,58.51,58.51,58.51,58.51,0,0.0
1690436864,58.51,58.51,58.51,58.51,400,23404.0
1690436865,58.51,58.51,58.51,58.51,0,0.0
1690436866,58.51,58.51,58.51,58.51,0,0.0
1690436867,58.5,58.5,58.5,58.5,100,5850.0
1690436868,58.5,58.5,58.5,58.5,0,0.0
1690436869,58.5,58.5,58.5,58.5,0,0.0
1690436870,58.5,58.5,58.5,58.5,0,0.0
1690436871,58.5,58.5,58.5,58.5,0,0.0
1690436872,58.5,58.5,58.5,58.5,0,0.0
1690436873,58.5,58.5,58.5,58.5,100,5850.0
1690436874,58.5,58.5,58.5,58.5,0,0.0
1690436875,58.5,58.5,58.5,58.5,0,0.0
1690436876,58.51,58.51,58.51,58.51,5500,321805.0
1690436877,58.51,58.51,58.51,58.51,0,0.0
1690436878,58.51,58.51,58.51,58.51,800,46808.0
1690436879,58.51,58.51,58.51,58.51,400,23404.0
1690436880,58.51,58.51,58.51,58.51,0,0.0
1690436881,58.51,58.51,58.5,58.5,3600,210630.0
1690436882,58.5,58.5,58.5,58.5,0,0.0
1690436883,58.52,58.52,58.51,58.51,600,35110.0
1690436884,58.52,58.52,58.51,58.51,1800,105334.0
1690436885,58.51,58.51,58.51,58.51,0,0.0
1690436886,58.52,58.52,58.52,58.52,200,11704.0
1690436887,58.52,58.52,58.52,58.52,2300,134596.0
1690436888,58.52,58.52,58.52,58.52,0,0.0
1690436889,58.54,58.54,58.54,58.54,1700,99518.0
1690436890,58.54,58.54,58.54,58.54,0,0.0
1690436891,58.53,58.53,58.53,58.53,200,11706.0
1690436892,58.53,58.53,58.53,58.53,0,0.0
1690436893,58.53,58.53,58.53,58.53,0,0.0
1690436894,58.53,58.53,58.53,58.53,100,5853.0
1690436895,58.53,58.53,58.53,58.53,0,0.0
1690436896,58.53,58.53,58.53,58.53,0,0.0
1690436897,58.54,58.54,58.53,58.54,2500,146347.0
1690436898,58.54,58.54,58.54,58.54,0,0.0
1690436899,58.54,58.54,58.54,58.54,0,0.0
1690436900,58.54,58.54,58.54,58.54,0,0.0
1690436901,58.54,58.54,58.54,58.54,0,0.0
1690436902,58.54,58.54,58.54,58.54,0,0.0
1690436903,58.55,58.55,58.55,58.55,100,5855.0
1690436904,58.55,58.55,58.55,58.55,0,0.0
1690436905,58.55,58.55,58.55,58.55,0,0.0
1690436906,58.55,58.55,58.55,58.55,0,0.0
1690436907,58.55,58.55,58.55,58.55,0,0.0
1690436908,58.55,58.55,58.55,58.55,1700,99535.0
1690436909,58.55,58.55,58.55,58.55,0,0.0
1690436910,58.55,58.55,58.55,58.55,0,0.0
1690436911,58.55,58.55,58.55,58.55,0,0.0
1690436912,58.55,58.55,58.55,58.55,0,0.0
1690436913,58.55,58.55,58.55,58.55,0,0.0
1690436914,58.55,58.55,58.55,58.55,0,0.0
1690436915,58.55,58.55,58.55,58.55,0,0.0
1690436916,58.56,58.58,58.56,58.58,4400,257700.0
1690436917,58.58,58.58,58.58,58.58,0,0.0
1690436918,58.59,58.59,58.59,58.59,200,11718.0
1690436919,58.58,58.58,58.55,58.55,2600,152287.0
1690436920,58.55,58.55,58.55,58.55,0,0.0
1690436921,58.55,58.55,58.55,58.55,0,0.0
1690436922,58.6,58.6,58.6,58.6,300,17580.0
1690436923,58.6,58.6,58.6,58.6,0,0.0
1690436924,58.58,58.58,58.58,58.58,600,35148.0
1690436925,58.58,58.58,58.58,58.58,0,0.0
1690436926,58.58,58.58,58.58,58.58,100,5858.0
1690436927,58.58,58.58,58.58,58.58,100,5858.0
1690436928,58.58,58.58,58.58,58.58,0,0.0
1690436929,58.58,58.58,58.58,58.58,0,0.0
1690436930,58.58,58.58,58.58,58.58,0,0.0
1690436931,58.58,58.58,58.58,58.58,0,0.0
1690436932,58.6,58.6,58.6,58.6,5000,293000.0
1690436933,58.6,58.6,58.6,58.6,0,0.0
1690436934,58.58,58.58,58.58,58.58,400,23432.0
1690436935,58.58,58.58,58.58,58.58,200,11716.0
1690436936,58.58,58.58,58.58,58.58,0,0.0
1690436937,58.58,58.58,58.58,58.58,0,0.0
1690436938,58.58,58.58,58.58,58.58,0,0.0
1690436939,58.58,58.58,58.58,58.58,0,0.0
1690436940,58.58,58.58,58.58,58.58,0,0.0
1690436941,58.58,58.58,58.58,58.58,0,0.0
1690436942,58.57,58.57,58.57,58.57,100,5857.0
1690436943,58.58,58.58,58.58,58.58,400,23432.0
1690436944,58.58,58.58,58.58,58.58,0,0.0
1690436945,58.58,58.58,58.58,58.58,0,0.0
1690436946,58.58,58.58,58.58,58.58,0,0.0
1690436947,58.58,58.58,58.58,58.58,0,0.0
1690436948,58.58,58.58,58.58,58.58,100,5858.0
1690436949,58.58,58.58,58.58,58.58,0,0.0
1690436950,58.58,58.58,58.58,58.58,0,0.0
1690436951,58.58,58.58,58.58,58.58,1400,82012.0
1690436952,58.58,58.58,58.58,58.58,0,0.0
1690436953,58.58,58.58,58.58,58.58,0,0.0
1690436954,58.58,58.58,58.58,58.58,0,0.0
1690436955,58.58,58.58,58.58,58.58,0,0.0
1690436956,58.57,58.58,58.57,58.58,600,35143.0
1690436957,58.58,58.59,58.58,58.59,1500,87873.0
1690436958,58.59,58.59,58.59,58.59,0,0.0
1690436959,58.59,58.59,58.59,58.59,0,0.0
1690436960,58.59,58.59,58.59,58.59,0,0.0
1690436961,58.59,58.59,58.59,58.59,100,5859.0
1690436962,58.6,58.6,58.6,58.6,900,52740.0
1690436963,58.6,58.6,58.6,58.6,0,0.0
1690436964,58.59,58.59,58.59,58.59,2800,164052.0
1690436965,58.59,58.59,58.59,58.59,0,0.0
1690436966,58.6,58.6,58.6,58.6,200,11720.0
1690436967,58.59,58.6,58.59,58.6,400,23439.0
1690436968,58.6,58.6,58.6,58.6,0,0.0
1690436969,58.6,58.6,58.6,58.6,100,5860.0
1690436970,58.6,58.6,58.6,58.6,0,0.0
1690436971,58.6,58.6,58.6,58.6,0,0.0
1690436972,58.6,58.6,58.6,58.6,0,0.0
1690436973,58.59,58.59,58.59,58.59,400,23436.0
1690436974,58.59,58.59,58.59,58.59,0,0.0
1690436975,58.58,58.58,58.58,58.58,300,17574.0
1690436976,58.58,58.58,58.58,58.58,0,0.0
1690436977,58.58,58.58,58.58,58.58,0,0.0
1690436978,58.58,58.58,58.58,58.58,0,0.0
1690436979,58.58,58.58,58.58,58.58,0,0.0
1690436980,58.57,58.57,58.57,58.57,100,5857.0
1690436981,58.58,58.58,58.58,58.58,200,11716.0
1690436982,58.58,58.58,58.58,58.58,0,0.0
1690436983,58.58,58.58,58.58,58.58,200,11716.0
1690436984,58.58,58.58,58.58,58.58,0,0.0
1690436985,58.58,58.58,58.58,58.58,0,0.0
1690436986,58.6,58.6,58.58,58.58,300,17576.0
1690436987,58.58,58.58,58.58,58.58,0,0.0
1690436988,58.6,58.6,58.6,58.6,500,29300.0
1690436989,58.6,58.6,58.6,58.6,0,0.0
1690436990,58.6,58.6,58.6,58.6,0,0.0
1690436991,58.6,58.6,58.6,58.6,0,0.0
1690436992,58.6,58.6,58.6,58.6,0,0.0
1690436993,58.6,58.6,58.6,58.6,0,0.0
1690436994,58.6,58.6,58.6,58.6,0,0.0
1690436995,58.6,58.6,58.6,58.6,0,0.0
1690436996,58.6,58.6,58.6,58.6,0,0.0
1690436997,58.6,58.61,58.6,58.61,4400,257842.0
1690436998,58.61,58.61,58.61,58.61,0,0.0
1690436999,58.61,58.61,58.61,58.61,100,5861.0
1690437000,58.61,58.62,58.61,58.62,500,29309.0
1690437001,58.62,58.62,58.62,58.62,0,0.0
1690437002,58.61,58.61,58.61,58.61,500,29305.0
1690437003,58.61,58.61,58.61,58.61,0,0.0
1690437004,58.61,58.61,58.61,58.61,0,0.0
1690437005,58.61,58.61,58.61,58.61,0,0.0
1690437006,58.61,58.61,58.61,58.61,0,0.0
1690437007,58.61,58.61,58.61,58.61,0,0.0
1690437008,58.61,58.61,58.61,58.61,0,0.0
1690437009,58.61,58.61,58.61,58.61,0,0.0
1690437010,58.62,58.62,58.62,58.62,500,29310.0
1690437011,58.62,58.62,58.62,58.62,500,29310.0
1690437012,58.62,58.62,58.62,58.62,0,0.0
1690437013,58.62,58.62,58.62,58.62,0,0.0
1690437014,58.62,58.62,58.62,58.62,0,0.0
1690437015,58.62,58.62,58.62,58.62,0,0.0
1690437016,58.63,58.63,58.62,58.62,600,35176.0
1690437017,58.62,58.62,58.62,58.62,0,0.0
1690437018,58.62,58.62,58.62,58.62,0,0.0
1690437019,58.63,58.63,58.62,58.62,2100,123104.0
1690437020,58.62,58.62,58.62,58.62,0,0.0
1690437021,58.62,58.62,58.62,58.62,100,5862.0
1690437022,58.63,58.63,58.63,58.63,400,23452.0
1690437023,58.63,58.63,58.63,58.63,0,0.0
1690437024,58.63,58.63,58.63,58.63,0,0.0
1690437025,58.63,58.63,58.63,58.63,0,0.0
1690437026,58.62,58.63,58.62,58.63,2000,117242.0
1690437027,58.62,58.63,58.62,58.62,900,52764.0
1690437028,58.62,58.62,58.62,58.62,0,0.0
1690437029,58.62,58.62,58.62,58.62,5400,316548.0
1690437030,58.62,58.62,58.62,58.62,0,0.0
1690437031,58.62,58.62,58.62,58.62,0,0.0
1690437032,58.62,58.62,58.61,58.61,3000,175857.0
1690437033,58.61,58.61,58.61,58.61,200,11722.0
1690437034,58.62,58.62,58.62,58.62,100,5862.0
1690437035,58.62,58.62,58.6,58.6,2600,152408.0
1690437036,58.6,58.6,58.6,58.6,0,0.0
1690437037,58.63,58.63,58.63,58.63,4600,269698.0
1690437038,58.63,58.63,58.63,58.63,0,0.0
1690437039,58.63,58.63,58.63,58.63,0,0.0
1690437040,58.63,58.63,58.63,58.63,0,0.0
1690437041,58.63,58.63,58.63,58.63,1800,105534.0
1690437042,58.63,58.63,58.63,58.63,200,11726.0
1690437043,58.63,58.63,58.63,58.63,0,0.0
1690437044,58.63,58.63,58.63,58.63,0,0.0
1690437045,58.63,58.63,58.63,58.63,100,5863.0
1690437046,58.63,58.63,58.63,58.63,3000,175890.0
1690437047,58.63,58.63,58.63,58.63,0,0.0
1690437048,58.63,58.63,58.63,58.63,0,0.0
1690437049,58.63,58.63,58.63,58.63,0,0.0
1690437050,58.63,58.63,58.63,58.63,0,0.0
1690437051,58.63,58.63,58.63,58.63,0,0.0
1690437052,58.63,58.63,58.63,58.63,0,0.0
1690437053,58.63,58.63,58.63,58.63,0,0.0
1690437054,58.63,58.63,58.63,58.63,0,0.0
1690437055,58.63,58.63,58.63,58.63,0,0.0
1690437056,58.64,58.64,58.64,58.64,700,41048.0
1690437057,58.64,58.64,58.64,58.64,0,0.0
1690437058,58.64,58.64,58.64,58.64,0,0.0
1690437059,58.63,58.64,58.63,58.64,200,11727.0
1690437060,58.64,58.64,58.64,58.64,0,0.0
1690437061,58.64,58.64,58.63,58.63,400,23453.0
1690437062,58.63,58.63,58.63,58.63,0,0.0
1690437063,58.63,58.63,58.63,58.63,0,0.0
1690437064,58.63,58.63,58.63,58.63,0,0.0
1690437065,58.63,58.63,58.63,58.63,0,0.0
1690437066,58.63,58.63,58.63,58.63,0,0.0
1690437067,58.63,58.64,58.63,58.64,800,46910.0
1690437068,58.64,58.64,58.64,58.64,0,0.0
1690437069,58.64,58.64,58.64,58.64,0,0.0
1690437070,58.64,58.64,58.64,58.64,0,0.0
1690437071,58.64,58.64,58.64,58.64,0,0.0
1690437072,58.64,58.64,58.64,58.64,0,0.0
1690437073,58.64,58.64,58.64,58.64,0,0.0
1690437074,58.64,58.64,58.64,58.64,0,0.0
1690437075,58.64,58.64,58.64,58.64,0,0.0
1690437076,58.64,58.64,58.64,58.64,0,0.0
1690437077,58.64,58.64,58.64,58.64,100,5864.0
1690437078,58.64,58.64,58.64,58.64,300,17592.0
1690437079,58.64,58.64,58.64,58.64,0,0.0
1690437080,58.64,58.64,58.64,58.64,0,0.0
1690437081,58.64,58.64,58.64,58.64,0,0.0
1690437082,58.64,58.64,58.64,58.64,0,0.0
1690437083,58.64,58.65,58.64,58.65,1800,105569.0
1690437084,58.65,58.65,58.65,58.65,0,0.0
1690437085,58.65,58.65,58.65,58.65,0,0.0
1690437086,58.65,58.65,58.65,58.65,200,11730.0
1690437087,58.65,58.65,58.65,58.65,0,0.0
1690437088,58.65,58.65,58.65,58.65,0,0.0
1690437089,58.65,58.65,58.65,58.65,200,11730.0
1690437090,58.65,58.65,58.65,58.65,0,0.0
1690437091,58.65,58.65,58.65,58.65,1400,82110.0
1690437092,58.65,58.65,58.65,58.65,900,52785.0
1690437093,58.65,58.65,58.65,58.65,0,0.0
1690437094,58.64,58.64,58.64,58.64,100,5864.0
1690437095,58.63,58.63,58.63,58.63,100,5863.0
1690437096,58.63,58.63,58.63,58.63,0,0.0
1690437097,58.63,58.63,58.63,58.63,0,0.0
1690437098,58.63,58.63,58.63,58.63,0,0.0
1690437099,58.63,58.63,58.63,58.63,0,0.0
1690437100,58.63,58.63,58.63,58.63,0,0.0
1690437101,58.63,58.63,58.63,58.63,0,0.0
1690437102,58.63,58.63,58.62,58.62,1200,70355.0
1690437103,58.62,58.62,58.62,58.62,400,23448.0
1690437104,58.62,58.62,58.62,58.62,0,0.0
1690437105,58.62,58.62,58.62,58.62,0,0.0
1690437106,58.62,58.62,58.62,58.62,0,0.0
1690437107,58.62,58.62,58.61,58.61,400,23445.0
1690437108,58.61,58.61,58.61,58.61,100,5861.0
1690437109,58.61,58.61,58.61,58.61,0,0.0
1690437110,58.61,58.61,58.61,58.61,0,0.0
1690437111,58.61,58.61,58.61,58.61,0,0.0
1690437112,58.61,58.61,58.61,58.61,0,0.0
1690437113,58.61,58.61,58.61,58.61,0,0.0
1690437114,58.61,58.61,58.61,58.61,0,0.0
1690437115,58.61,58.61,58.61,58.61,0,0.0
1690437116,58.61,58.61,58.61,58.61,0,0.0
1690437117,58.61,58.61,58.61,58.61,0,0.0
1690437118,58.62,58.62,58.62,58.62,200,11724.0
1690437119,58.62,58.62,58.62,58.62,0,0.0
1690437120,58.62,58.62,58.62,58.62,0,0.0
1690437121,58.62,58.62,58.61,58.61,300,17584.0
1690437122,58.61,58.61,58.61,58.61,0,0.0
1690437123,58.61,58.61,58.61,58.61,0,0.0
1690437124,58.62,58.62,58.62,58.62,100,5862.0
1690437125,58.62,58.62,58.62,58.62,0,0.0
1690437126,58.62,58.62,58.62,58.62,0,0.0
1690437127,58.62,58.62,58.62,58.62,1500,87930.0
1690437128,58.62,58.62,58.62,58.62,0,0.0
1690437129,58.62,58.62,58.62,58.62,0,0.0
1690437130,58.62,58.62,58.62,58.62,0,0.0
1690437131,58.62,58.62,58.62,58.62,100,5862.0
1690437132,58.62,58.62,58.62,58.62,0,0.0
1690437133,58.62,58.62,58.62,58.62,0,0.0
1690437134,58.62,58.63,58.62,58.63,600,35177.0
1690437135,58.63,58.63,58.63,58.63,0,0.0
1690437136,58.63,58.63,58.63,58.63,0,0.0
1690437137,58.63,58.63,58.63,58.63,300,17589.0
1690437138,58.63,58.63,58.63,58.63,600,35178.0
1690437139,58.63,58.63,58.63,58.63,0,0.0
1690437140,58.62,58.62,58.62,58.62,100,5862.0
1690437141,58.62,58.62,58.62,58.62,0,0.0
1690437142,58.62,58.62,58.62,58.62,0,0.0
1690437143,58.62,58.62,58.62,58.62,0,0.0
1690437144,58.62,58.62,58.62,58.62,0,0.0
1690437145,58.62,58.62,58.62,58.62,2200,128964.0
1690437146,58.62,58.62,58.62,58.62,0,0.0
1690437147,58.62,58.62,58.62,58.62,0,0.0
1690437148,58.62,58.62,58.62,58.62,800,46896.0
1690437149,58.63,58.63,58.63,58.63,500,29315.0
1690437150,58.63,58.63,58.63,58.63,0,0.0
1690437151,58.63,58.63,58.62,58.62,300,17587.0
1690437152,58.62,58.62,58.62,58.62,0,0.0
1690437153,58.62,58.62,58.62,58.62,0,0.0
1690437154,58.62,58.62,58.62,58.62,0,0.0
1690437155,58.62,58.62,58.62,58.62,100,5862.0
1690437156,58.62,58.62,58.62,58.62,0,0.0
1690437157,58.63,58.63,58.63,58.63,500,29315.0
1690437158,58.63,58.63,58.63,58.63,0,0.0
1690437159,58.63,58.63,58.63,58.63,0,0.0
1690437160,58.63,58.63,58.63,58.63,0,0.0
1690437161,58.63,58.63,58.63,58.63,200,11726.0
1690437162,58.63,58.63,58.62,58.62,2000,117249.0
1690437163,58.62,58.62,58.62,58.62,0,0.0
1690437164,58.62,58.62,58.62,58.62,0,0.0
1690437165,58.62,58.62,58.62,58.62,0,0.0
1690437166,58.62,58.62,58.62,58.62,0,0.0
1690437167,58.63,58.63,58.63,58.63,200,11726.0
1690437168,58.63,58.63,58.63,58.63,0,0.0
1690437169,58.63,58.63,58.63,58.63,0,0.0
1690437170,58.63,58.63,58.63,58.63,300,17589.0
1690437171,58.63,58.63,58.63,58.63,0,0.0
1690437172,58.64,58.64,58.64,58.64,1800,105552.0
1690437173,58.64,58.64,58.64,58.64,0,0.0
1690437174,58.64,58.64,58.64,58.64,0,0.0
1690437175,58.64,58.64,58.64,58.64,0,0.0
1690437176,58.64,58.64,58.64,58.64,0,0.0
1690437177,58.64,58.64,58.64,58.64,300,17592.0
1690437178,58.64,58.64,58.64,58.64,0,0.0
1690437179,58.64,58.64,58.64,58.64,0,0.0
1690437180,58.64,58.64,58.64,58.64,0,0.0
1690437181,58.64,58.64,58.64,58.64,0,0.0
1690437182,58.64,58.64,58.64,58.64,0,0.0
1690437183,58.64,58.64,58.64,58.64,0,0.0
1690437184,58.63,58.63,58.63,58.63,400,23452.0
1690437185,58.62,58.62,58.62,58.62,600,35172.0
1690437186,58.63,58.63,58.63,58.63,100,5863.0
1690437187,58.63,58.63,58.63,58.63,0,0.0
1690437188,58.63,58.63,58.63,58.63,0,0.0
1690437189,58.63,58.63,58.63,58.63,0,0.0
1690437190,58.63,58.63,58.63,58.63,0,0.0
1690437191,58.62,58.62,58.62,58.62,1600,93792.0
1690437192,58.62,58.62,58.62,58.62,0,0.0
1690437193,58.62,58.62,58.62,58.62,0,0.0
1690437194,58.62,58.62,58.62,58.62,200,11724.0
1690437195,58.62,58.62,58.62,58.62,0,0.0
1690437196,58.63,58.63,58.62,58.62,800,46901.0
1690437197,58.63,58.64,58.63,58.64,2500,146579.0
1690437198,58.64,58.64,58.64,58.64,0,0.0
1690437199,58.65,58.65,58.65,58.65,600,35190.0
1690437200,58.65,58.65,58.65,58.65,0,0.0
1690437201,58.65,58.65,58.65,58.65,0,0.0
1690437202,58.65,58.65,58.65,58.65,0,0.0
1690437203,58.65,58.65,58.65,58.65,0,0.0
1690437204,58.65,58.65,58.65,58.65,100,5865.0
1690437205,58.64,58.64,58.64,58.64,100,5864.0
1690437206,58.64,58.64,58.64,58.64,0,0.0
1690437207,58.64,58.64,58.64,58.64,0,0.0
1690437208,58.65,58.65,58.65,58.65,1600,93840.0
1690437209,58.65,58.65,58.65,58.65,0,0.0
1690437210,58.64,58.64,58.64,58.64,400,23456.0
1690437211,58.64,58.64,58.64,58.64,0,0.0
1690437212,58.64,58.64,58.64,58.64,0,0.0
1690437213,58.64,58.64,58.64,58.64,0,0.0
1690437214,58.64,58.64,58.64,58.64,0,0.0
1690437215,58.65,58.65,58.62,58.62,700,41046.0
1690437216,58.62,58.62,58.62,58.62,0,0.0
1690437217,58.62,58.62,58.62,58.62,0,0.0
1690437218,58.62,58.62,58.62,58.62,0,0.0
1690437219,58.62,58.62,58.62,58.62,0,0.0
1690437220,58.62,58.62,58.62,58.62,0,0.0
1690437221,58.65,58.65,58.65,58.65,2100,123165.0
1690437222,58.65,58.65,58.65,58.65,0,0.0
1690437223,58.65,58.65,58.65,58.65,200,11730.0
1690437224,58.65,58.65,58.65,58.65,300,17595.0
1690437225,58.65,58.65,58.65,58.65,0,0.0
1690437226,58.65,58.65,58.65,58.65,0,0.0
1690437227,58.64,58.64,58.64,58.64,4400,258016.0
1690437228,58.64,58.64,58.64,58.64,0,0.0
1690437229,58.64,58.64,58.64,58.64,0,0.0
1690437230,58.64,58.64,58.64,58.64,100,5864.0
1690437231,58.64,58.64,58.64,58.64,0,0.0
1690437232,58.64,58.64,58.64,58.64,2900,170056.0
1690437233,58.64,58.64,58.64,58.64,0,0.0
1690437234,58.64,58.64,58.64,58.64,400,23456.0
1690437235,58.64,58.64,58.64,58.64,0,0.0
1690437236,58.64,58.64,58.64,58.64,0,0.0
1690437237,58.64,58.65,58.64,58.65,2800,164202.0
1690437238,58.65,58.65,58.65,58.65,0,0.0
1690437239,58.65,58.65,58.65,58.65,0,0.0
1690437240,58.65,58.65,58.65,58.65,0,0.0
1690437241,58.65,58.65,58.65,58.65,0,0.0
1690437242,58.66,58.66,58.66,58.66,500,29330.0
1690437243,58.66,58.66,58.66,58.66,1500,87990.0
1690437244,58.66,58.66,58.66,58.66,0,0.0
1690437245,58.65,58.66,58.65,58.66,1500,87976.0
1690437246,58.66,58.66,58.66,58.66,0,0.0
1690437247,58.66,58.66,58.66,58.66,100,5866.0
1690437248,58.66,58.66,58.66,58.66,0,0.0
1690437249,58.66,58.66,58.66,58.66,0,0.0
1690437250,58.66,58.66,58.66,58.66,300,17598.0
1690437251,58.66,58.66,58.66,58.66,100,5866.0
1690437252,58.66,58.66,58.66,58.66,0,0.0
1690437253,58.66,58.66,58.66,58.66,2000,117320.0
1690437254,58.65,58.65,58.65,58.65,900,52785.0
1690437255,58.66,58.66,58.66,58.66,200,11732.0
1690437256,58.65,58.65,58.65,58.65,300,17595.0
1690437257,58.65,58.65,58.65,58.65,0,0.0
1690437258,58.65,58.65,58.65,58.65,0,0.0
1690437259,58.66,58.66,58.66,58.66,300,17598.0
1690437260,58.66,58.66,58.66,58.66,0,0.0
1690437261,58.66,58.66,58.66,58.66,900,52794.0
1690437262,58.66,58.66,58.66,58.66,0,0.0
1690437263,58.66,58.66,58.66,58.66,0,0.0
1690437264,58.66,58.66,58.66,58.66,0,0.0
1690437265,58.66,58.66,58.66,58.66,0,0.0
1690437266,58.66,58.66,58.66,58.66,0,0.0
1690437267,58.66,58.66,58.66,58.66,600,35196.0
1690437268,58.66,58.66,58.66,58.66,0,0.0
1690437269,58.66,58.66,58.66,58.66,0,0.0
1690437270,58.66,58.66,58.66,58.66,0,0.0
1690437271,58.66,58.66,58.66,58.66,0,0.0
1690437272,58.65,58.65,58.64,58.64,800,46919.0
1690437273,58.64,58.64,58.64,58.64,0,0.0
1690437274,58.64,58.64,58.64,58.64,0,0.0
1690437275,58.64,58.64,58.64,58.64,0,0.0
1690437276,58.64,58.64,58.64,58.64,0,0.0
1690437277,58.64,58.65,58.64,58.65,3900,228713.0
1690437278,58.65,58.65,58.64,58.64,4000,234599.0
1690437279,58.64,58.64,58.64,58.64,0,0.0
1690437280,58.64,58.64,58.64,58.64,0,0.0
1690437281,58.64,58.64,58.64,58.64,400,23456.0
1690437282,58.64,58.64,58.64,58.64,0,0.0
1690437283,58.64,58.64,58.64,58.64,0,0.0
1690437284,58.64,58.64,58.64,58.64,0,0.0
1690437285,58.64,58.64,58.64,58.64,100,5864.0
1690437286,58.64,58.64,58.63,58.63,400,23453.0
1690437287,58.63,58.63,58.63,58.63,0,0.0
1690437288,58.63,58.63,58.63,58.63,0,0.0
1690437289,58.63,58.63,58.63,58.63,0,0.0
1690437290,58.63,58.63,58.63,58.63,0,0.0
1690437291,58.63,58.63,58.63,58.63,0,0.0
1690437292,58.63,58.63,58.63,58.63,0,0.0
1690437293,58.63,58.63,58.63,58.63,0,0.0
1690437294,58.64,58.64,58.64,58.64,100,5864.0
1690437295,58.64,58.64,58.64,58.64,0,0.0
1690437296,58.64,58.64,58.64,58.64,0,0.0
1690437297,58.64,58.64,58.64,58.64,1000,58640.0
1690437298,58.64,58.64,58.64,58.64,0,0.0
1690437299,58.64,58.64,58.64,58.64,0,0.0
1690437300,58.64,58.64,58.64,58.64,0,0.0
1690437301,58.65,58.65,58.65,58.65,3700,217005.0
1690437302,58.65,58.65,58.65,58.65,0,0.0
1690437303,58.65,58.65,58.65,58.65,0,0.0
1690437304,58.65,58.65,58.65,58.65,0,0.0
1690437305,58.65,58.65,58.65,58.65,0,0.0
1690437306,58.65,58.65,58.65,58.65,0,0.0
1690437307,58.65,58.65,58.65,58.65,1800,105570.0
1690437308,58.65,58.65,58.65,58.65,500,29325.0
1690437309,58.65,58.65,58.65,58.65,0,0.0
1690437310,58.65,58.66,58.65,58.65,1300,76250.0
1690437311,58.65,58.65,58.65,58.65,0,0.0
1690437312,58.65,58.66,58.64,58.66,3000,175935.0
1690437313,58.65,58.65,58.65,58.65,100,5865.0
1690437314,58.65,58.65,58.65,58.65,0,0.0
1690437315,58.65,58.65,58.65,58.65,0,0.0
1690437316,58.65,58.65,58.65,58.65,0,0.0
1690437317,58.65,58.65,58.65,58.65,0,0.0
1690437318,58.65,58.65,58.65,58.65,5700,334305.0
1690437319,58.65,58.65,58.65,58.65,0,0.0
1690437320,58.65,58.65,58.65,58.65,0,0.0
1690437321,58.65,58.65,58.65,58.65,700,41055.0
1690437322,58.65,58.65,58.65,58.65,0,0.0
1690437323,58.65,58.65,58.65,58.65,0,0.0
1690437324,58.65,58.65,58.65,58.65,0,0.0
1690437325,58.65,58.65,58.65,58.65,0,0.0
1690437326,58.65,58.65,58.65,58.65,400,23460.0
1690437327,58.65,58.65,58.65,58.65,1000,58650.0
1690437328,58.65,58.65,58.65,58.65,0,0.0
1690437329,58.65,58.65,58.65,58.65,0,0.0
1690437330,58.65,58.65,58.65,58.65,0,0.0
1690437331,58.64,58.64,58.64,58.64,400,23456.0
1690437332,58.64,58.64,58.64,58.64,0,0.0
1690437333,58.64,58.64,58.64,58.64,0,0.0
1690437334,58.65,58.65,58.65,58.65,100,5865.0
1690437335,58.65,58.65,58.65,58.65,0,0.0
1690437336,58.65,58.65,58.65,58.65,2500,146625.0
1690437337,58.65,58.65,58.65,58.65,0,0.0
1690437338,58.65,58.65,58.65,58.65,0,0.0
1690437339,58.65,58.65,58.65,58.65,4000,234600.0
1690437340,58.65,58.66,58.64,58.66,3500,205274.0
1690437341,58.66,58.66,58.66,58.66,0,0.0
1690437342,58.66,58.66,58.66,58.66,0,0.0
1690437343,58.66,58.66,58.66,58.66,0,0.0
1690437344,58.66,58.66,58.66,58.66,0,0.0
1690437345,58.66,58.66,58.66,58.66,0,0.0
1690437346,58.66,58.66,58.66,58.66,0,0.0
1690437347,58.66,58.66,58.66,58.66,300,17598.0
1690437348,58.66,58.66,58.66,58.66,200,11732.0
1690437349,58.66,58.66,58.66,58.66,0,0.0
1690437350,58.66,58.67,58.66,58.67,2300,134922.0
1690437351,58.67,58.67,58.67,58.67,0,0.0
1690437352,58.67,58.67,58.67,58.67,0,0.0
1690437353,58.67,58.67,58.67,58.67,900,52803.0
1690437354,58.67,58.67,58.67,58.67,0,0.0
1690437355,58.67,58.67,58.67,58.67,0,0.0
1690437356,58.68,58.68,58.66,58.66,2600,152520.0
1690437357,58.66,58.66,58.66,58.66,0,0.0
1690437358,58.68,58.69,58.68,58.69,6500,381442.0
1690437359,58.69,58.69,58.69,58.69,200,11738.0
1690437360,58.69,58.69,58.69,58.69,0,0.0
1690437361,58.68,58.68,58.68,58.68,200,11736.0
1690437362,58.68,58.68,58.68,58.68,400,23472.0
1690437363,58.68,58.68,58.68,58.68,0,0.0
1690437364,58.68,58.68,58.68,58.68,0,0.0
1690437365,58.67,58.67,58.67,58.67,100,5867.0
1690437366,58.68,58.68,58.68,58.68,200,11736.0
1690437367,58.68,58.68,58.66,58.66,9900,580851.0
1690437368,58.66,58.66,58.66,58.66,0,0.0
1690437369,58.65,58.65,58.65,58.65,100,5865.0
1690437370,58.65,58.65,58.65,58.65,1200,70380.0
1690437371,58.65,58.65,58.65,58.65,0,0.0
1690437372,58.65,58.65,58.65,58.65,0,0.0
1690437373,58.65,58.65,58.65,58.65,0,0.0
1690437374,58.66,58.66,58.66,58.66,1000,58660.0
1690437375,58.66,58.66,58.66,58.66,500,29330.0
1690437376,58.66,58.66,58.66,58.66,0,0.0
1690437377,58.66,58.66,58.66,58.66,0,0.0
1690437378,58.66,58.66,58.66,58.66,0,0.0
1690437379,58.66,58.66,58.66,58.66,0,0.0
1690437380,58.64,58.65,58.64,58.65,1000,58648.0
1690437381,58.65,58.65,58.65,58.65,0,0.0
1690437382,58.65,58.65,58.65,58.65,0,0.0
1690437383,58.66,58.66,58.65,58.65,2500,146642.0
1690437384,58.65,58.65,58.65,58.65,0,0.0
1690437385,58.65,58.65,58.65,58.65,0,0.0
1690437386,58.66,58.66,58.66,58.66,100,5866.0
1690437387,58.66,58.66,58.66,58.66,0,0.0
1690437388,58.66,58.66,58.66,58.66,0,0.0
1690437389,58.65,58.65,58.65,58.65,600,35190.0
1690437390,58.65,58.65,58.65,58.65,0,0.0
1690437391,58.65,58.65,58.65,58.65,200,11730.0
1690437392,58.65,58.65,58.65,58.65,0,0.0
1690437393,58.65,58.65,58.65,58.65,0,0.0
1690437394,58.66,58.66,58.66,58.66,100,5866.0
1690437395,58.66,58.66,58.66,58.66,0,0.0
1690437396,58.66,58.66,58.66,58.66,0,0.0
1690437397,58.66,58.66,58.66,58.66,0,0.0
1690437398,58.66,58.67,58.66,58.67,3300,193594.0
1690437399,58.65,58.65,58.65,58.65,2100,123165.0
1690437400,58.65,58.65,58.65,58.65,0,0.0
1690437401,58.67,58.67,58.66,58.66,700,41068.0
1690437402,58.66,58.66,58.66,58.66,0,0.0
1690437403,58.66,58.66,58.66,58.66,0,0.0
1690437404,58.66,58.66,58.66,58.66,0,0.0
1690437405,58.67,58.67,58.67,58.67,100,5867.0
1690437406,58.67,58.67,58.67,58.67,0,0.0
1690437407,58.67,58.67,58.66,58.66,2200,129069.0
1690437408,58.66,58.66,58.66,58.66,0,0.0
1690437409,58.66,58.66,58.66,58.66,0,0.0
1690437410,58.66,58.66,58.66,58.66,0,0.0
1690437411,58.66,58.66,58.66,58.66,0,0.0
1690437412,58.66,58.66,58.66,58.66,0,0.0
1690437413,58.66,58.66,58.66,58.66,0,0.0
1690437414,58.66,58.66,58.66,58.66,0,0.0
1690437415,58.66,58.66,58.66,58.66,0,0.0
1690437416,58.66,58.66,58.66,58.66,0,0.0
1690437417,58.66,58.66,58.66,58.66,0,0.0
1690437418,58.67,58.67,58.67,58.67,700,41069.0
1690437419,58.67,58.67,58.67,58.67,0,0.0
1690437420,58.68,58.68,58.68,58.68,400,23472.0
1690437421,58.68,58.68,58.68,58.68,300,17604.0
1690437422,58.68,58.68,58.68,58.68,0,0.0
1690437423,58.68,58.69,58.68,58.69,200,11737.0
1690437424,58.69,58.69,58.69,58.69,0,0.0
1690437425,58.69,58.69,58.69,58.69,0,0.0
1690437426,58.69,58.69,58.69,58.69,0,0.0
1690437427,58.68,58.68,58.68,58.68,400,23472.0
1690437428,58.68,58.68,58.68,58.68,0,0.0
1690437429,58.68,58.68,58.68,58.68,0,0.0
1690437430,58.68,58.68,58.68,58.68,0,0.0
1690437431,58.68,58.68,58.68,58.68,0,0.0
1690437432,58.69,58.69,58.69,58.69,100,5869.0
1690437433,58.69,58.69,58.69,58.69,0,0.0
1690437434,58.69,58.69,58.69,58.69,100,5869.0
1690437435,58.69,58.69,58.69,58.69,0,0.0
1690437436,58.69,58.69,58.69,58.69,0,0.0
1690437437,58.69,58.69,58.69,58.69,600,35214.0
1690437438,58.69,58.69,58.69,58.69,0,0.0
1690437439,58.69,58.69,58.69,58.69,600,35214.0
1690437440,58.7,58.7,58.7,58.7,18900,1109430.0
1690437441,58.7,58.7,58.7,58.7,0,0.0
1690437442,58.7,58.7,58.7,58.7,100,5870.0
1690437443,58.69,58.69,58.69,58.69,800,46952.0
1690437444,58.69,58.69,58.69,58.69,0,0.0
1690437445,58.69,58.69,58.69,58.69,600,35214.0
1690437446,58.69,58.69,58.69,58.69,0,0.0
1690437447,58.69,58.69,58.68,58.68,800,46948.0
1690437448,58.68,58.68,58.68,58.68,0,0.0
1690437449,58.68,58.68,58.68,58.68,0,0.0
1690437450,58.69,58.69,58.68,58.68,700,41077.0
1690437451,58.68,58.68,58.68,58.68,0,0.0
1690437452,58.68,58.68,58.68,58.68,0,0.0
1690437453,58.68,58.68,58.68,58.68,0,0.0
1690437454,58.68,58.68,58.68,58.68,0,0.0
1690437455,58.69,58.69,58.69,58.69,800,46952.0
1690437456,58.69,58.69,58.69,58.69,0,0.0
1690437457,58.69,58.69,58.69,58.69,0,0.0
1690437458,58.69,58.69,58.69,58.69,0,0.0
1690437459,58.69,58.69,58.69,58.69,0,0.0
1690437460,58.69,58.69,58.69,58.69,0,0.0
1690437461,58.7,58.7,58.7,58.7,600,35220.0
1690437462,58.7,58.7,58.7,58.7,0,0.0
1690437463,58.7,58.7,58.7,58.7,0,0.0
1690437464,58.7,58.7,58.69,58.69,1800,105643.0
1690437465,58.69,58.69,58.69,58.69,0,0.0
1690437466,58.7,58.7,58.69,58.69,300,17608.0
1690437467,58.69,58.69,58.69,58.69,1600,93904.0
1690437468,58.69,58.69,58.69,58.69,0,0.0
1690437469,58.69,58.69,58.69,58.69,0,0.0
1690437470,58.69,58.69,58.69,58.69,0,0.0
1690437471,58.69,58.69,58.69,58.69,0,0.0
1690437472,58.69,58.69,58.69,58.69,0,0.0
1690437473,58.69,58.69,58.69,58.69,0,0.0
1690437474,58.69,58.69,58.69,58.69,0,0.0
1690437475,58.7,58.7,58.7,58.7,400,23480.0
1690437476,58.7,58.7,58.7,58.7,0,0.0
1690437477,58.69,58.69,58.69,58.69,1100,64559.0
1690437478,58.7,58.7,58.7,58.7,400,23480.0
1690437479,58.7,58.7,58.7,58.7,0,0.0
1690437480,58.7,58.7,58.7,58.7,300,17610.0
1690437481,58.7,58.7,58.7,58.7,0,0.0
1690437482,58.7,58.7,58.7,58.7,0,0.0
1690437483,58.71,58.71,58.71,58.71,2900,170259.0
1690437484,58.71,58.71,58.71,58.71,0,0.0
1690437485,58.71,58.71,58.71,58.71,0,0.0
1690437486,58.71,58.71,58.71,58.71,0,0.0
1690437487,58.71,58.71,58.71,58.71,0,0.0
1690437488,58.72,58.73,58.71,58.73,3100,182026.0
1690437489,58.73,58.73,58.73,58.73,0,0.0
1690437490,58.73,58.73,58.73,58.73,0,0.0
1690437491,58.72,58.72,58.72,58.72,1200,70464.0
1690437492,58.72,58.72,58.72,58.72,0,0.0
1690437493,58.72,58.72,58.72,58.72,0,0.0
1690437494,58.71,58.73,58.71,58.73,1600,93946.0
1690437495,58.73,58.73,58.73,58.73,0,0.0
1690437496,58.73,58.73,58.71,58.71,400,23488.0
1690437497,58.71,58.71,58.71,58.71,200,11742.0
1690437498,58.71,58.71,58.71,58.71,0,0.0
1690437499,58.71,58.71,58.71,58.71,0,0.0
1690437500,58.73,58.73,58.73,58.73,100,5873.0
1690437501,58.73,58.74,58.72,58.74,12500,734023.0
1690437502,58.74,58.74,58.74,58.74,0,0.0
1690437503,58.74,58.74,58.74,58.74,0,0.0
1690437504,58.74,58.74,58.74,58.74,0,0.0
1690437505,58.71,58.71,58.71,58.71,200,11742.0
1690437506,58.71,58.71,58.71,58.71,400,23484.0
1690437507,58.71,58.71,58.71,58.71,100,5871.0
1690437508,58.71,58.71,58.71,58.71,0,0.0
1690437509,58.71,58.71,58.71,58.71,0,0.0
1690437510,58.71,58.71,58.71,58.71,0,0.0
1690437511,58.71,58.71,58.71,58.71,0,0.0
1690437512,58.71,58.71,58.71,58.71,0,0.0
1690437513,58.7,58.7,58.69,58.69,1900,111527.0
1690437514,58.69,58.69,58.69,58.69,0,0.0
1690437515,58.69,58.69,58.68,58.68,5700,334523.0
1690437516,58.69,58.69,58.69,58.69,100,5869.0
1690437517,58.69,58.69,58.69,58.69,0,0.0
1690437518,58.68,58.68,58.65,58.65,7500,440079.0
1690437519,58.65,58.65,58.65,58.65,0,0.0
1690437520,58.65,58.65,58.65,58.65,0,0.0
1690437521,58.68,58.68,58.68,58.68,2700,158436.0
1690437522,58.68,58.68,58.68,58.68,0,0.0
1690437523,58.68,58.68,58.68,58.68,0,0.0
1690437524,58.65,58.65,58.65,58.65,1000,58650.0
1690437525,58.65,58.65,58.65,58.65,0,0.0
1690437526,58.65,58.65,58.65,58.65,1500,87975.0
1690437527,58.65,58.65,58.65,58.65,0,0.0
1690437528,58.65,58.65,58.65,58.65,0,0.0
1690437529,58.65,58.65,58.65,58.65,1200,70380.0
1690437530,58.65,58.65,58.65,58.65,0,0.0
1690437531,58.65,58.65,58.65,58.65,0,0.0
1690437532,58.65,58.65,58.65,58.65,0,0.0
1690437533,58.65,58.65,58.65,58.65,0,0.0
1690437534,58.64,58.64,58.64,58.64,600,35184.0
1690437535,58.64,58.64,58.64,58.64,0,0.0
1690437536,58.64,58.64,58.64,58.64,500,29320.0
1690437537,58.64,58.64,58.64,58.64,0,0.0
1690437538,58.64,58.64,58.64,58.64,0,0.0
1690437539,58.64,58.64,58.62,58.62,2000,117254.0
1690437540,58.62,58.62,58.62,58.62,0,0.0
1690437541,58.62,58.62,58.62,58.62,0,0.0
1690437542,58.63,58.64,58.62,58.64,1300,76215.0
1690437543,58.64,58.64,58.64,58.64,100,5864.0
1690437544,58.64,58.64,58.64,58.64,0,0.0
1690437545,58.64,58.64,58.64,58.64,0,0.0
1690437546,58.64,58.64,58.64,58.64,0,0.0
1690437547,58.64,58.64,58.64,58.64,0,0.0
1690437548,58.64,58.64,58.64,58.64,0,0.0
1690437549,58.64,58.64,58.64,58.64,0,0.0
1690437550,58.62,58.63,58.62,58.63,2400,140696.0
1690437551,58.63,58.63,58.63,58.63,0,0.0
1690437552,58.63,58.63,58.63,58.63,0,0.0
1690437553,58.62,58.62,58.62,58.62,200,11724.0
1690437554,58.62,58.62,58.62,58.62,0,0.0
1690437555,58.62,58.62,58.62,58.62,0,0.0
1690437556,58.61,58.61,58.61,58.61,200,11722.0
1690437557,58.61,58.61,58.61,58.61,0,0.0
1690437558,58.62,58.62,58.62,58.62,400,23448.0
1690437559,58.62,58.62,58.62,58.62,400,23448.0
1690437560,58.62,58.62,58.62,58.62,0,0.0
1690437561,58.62,58.62,58.61,58.61,1400,82060.0
1690437562,58.61,58.61,58.61,58.61,0,0.0
1690437563,58.61,58.61,58.61,58.61,0,0.0
1690437564,58.61,58.61,58.61,58.61,0,0.0
1690437565,58.61,58.61,58.61,58.61,0,0.0
1690437566,58.62,58.62,58.6,58.6,4100,240287.0
1690437567,58.6,58.6,58.6,58.6,0,0.0
1690437568,58.6,58.6,58.6,58.6,0,0.0
1690437569,58.61,58.61,58.61,58.61,1100,64471.0
1690437570,58.61,58.61,58.61,58.61,0,0.0
1690437571,58.61,58.61,58.61,58.61,0,0.0
1690437572,58.6,58.6,58.6,58.6,700,41020.0
1690437573,58.6,58.6,58.6,58.6,0,0.0
1690437574,58.6,58.6,58.6,58.6,0,0.0
1690437575,58.6,58.6,58.6,58.6,0,0.0
1690437576,58.6,58.6,58.6,58.6,0,0.0
1690437577,58.6,58.6,58.6,58.6,900,52740.0
1690437578,58.6,58.6,58.6,58.6,100,5860.0
1690437579,58.6,58.6,58.6,58.6,0,0.0
1690437580,58.6,58.6,58.6,58.6,0,0.0
1690437581,58.6,58.6,58.6,58.6,0,0.0
1690437582,58.59,58.59,58.59,58.59,1400,82026.0
1690437583,58.59,58.59,58.59,58.59,0,0.0
1690437584,58.59,58.59,58.59,58.59,0,0.0
1690437585,58.59,58.59,58.59,58.59,0,0.0
1690437586,58.59,58.59,58.59,58.59,0,0.0
1690437587,58.59,58.59,58.59,58.59,200,11718.0
1690437588,58.59,58.59,58.58,58.58,1100,64442.0
1690437589,58.58,58.58,58.58,58.58,0,0.0
1690437590,58.58,58.58,58.58,58.58,0,0.0
1690437591,58.59,58.59,58.59,58.59,100,5859.0
1690437592,58.59,58.59,58.59,58.59,0,0.0
1690437593,58.59,58.59,58.59,58.59,0,0.0
1690437594,58.59,58.59,58.59,58.59,0,0.0
1690437595,58.59,58.59,58.59,58.59,0,0.0
1690437596,58.58,58.58,58.58,58.58,2100,123018.0
1690437597,58.58,58.59,58.57,58.57,8700,509625.0
1690437598,58.58,58.58,58.58,58.58,300,17574.0
1690437599,58.57,58.57,58.57,58.57,1900,111283.0
1690437600,58.57,58.57,58.57,58.57,0,0.0
1690437601,58.58,58.58,58.57,58.57,1300,76148.0
1690437602,58.57,58.58,58.57,58.57,2100,123003.0
1690437603,58.57,58.57,58.57,58.57,0,0.0
1690437604,58.57,58.57,58.57,58.57,0,0.0
1690437605,58.56,58.56,58.56,58.56,1200,70272.0
1690437606,58.56,58.56,58.56,58.56,0,0.0
1690437607,58.57,58.57,58.57,58.57,100,5857.0
1690437608,58.57,58.57,58.57,58.57,0,0.0
1690437609,58.56,58.56,58.55,58.55,200,11711.0
1690437610,58.55,58.55,58.55,58.55,0,0.0
1690437611,58.55,58.55,58.55,58.55,0,0.0
1690437612,58.55,58.55,58.55,58.55,300,17565.0
1690437613,58.55,58.55,58.55,58.55,0,0.0
1690437614,58.55,58.55,58.55,58.55,0,0.0
1690437615,58.55,58.55,58.55,58.55,0,0.0
1690437616,58.55,58.55,58.55,58.55,0,0.0
1690437617,58.54,58.55,58.52,58.55,2400,140479.0
1690437618,58.55,58.55,58.55,58.55,700,40985.0
1690437619,58.55,58.55,58.55,58.55,0,0.0
1690437620,58.54,58.54,58.54,58.54,100,5854.0
1690437621,58.54,58.54,58.54,58.54,0,0.0
1690437622,58.54,58.54,58.54,58.54,0,0.0
1690437623,58.54,58.54,58.54,58.54,2600,152204.0
1690437624,58.54,58.54,58.54,58.54,0,0.0
1690437625,58.54,58.54,58.54,58.54,0,0.0
1690437626,58.54,58.54,58.54,58.54,500,29270.0
1690437627,58.54,58.54,58.54,58.54,0,0.0
1690437628,58.54,58.54,58.54,58.54,0,0.0
1690437629,58.54,58.54,58.54,58.54,0,0.0
1690437630,58.54,58.54,58.54,58.54,0,0.0
1690437631,58.53,58.53,58.53,58.53,100,5853.0
1690437632,58.53,58.53,58.53,58.53,0,0.0
1690437633,58.53,58.53,58.53,58.53,0,0.0
1690437634,58.52,58.52,58.52,58.52,300,17556.0
1690437635,58.52,58.52,58.52,58.52,0,0.0
1690437636,58.52,58.52,58.52,58.52,0,0.0
1690437637,58.52,58.52,58.52,58.52,0,0.0
1690437638,58.52,58.52,58.52,58.52,0,0.0
1690437639,58.51,58.52,58.51,58.52,1500,87775.0
1690437640,58.51,58.51,58.51,58.51,200,11702.0
1690437641,58.51,58.51,58.51,58.51,0,0.0
1690437642,58.51,58.51,58.51,58.51,0,0.0
1690437643,58.51,58.51,58.51,58.51,0,0.0
1690437644,58.51,58.51,58.51,58.51,0,0.0
1690437645,58.53,58.53,58.53,58.53,1600,93648.0
1690437646,58.53,58.53,58.53,58.53,0,0.0
1690437647,58.53,58.53,58.53,58.53,0,0.0
1690437648,58.53,58.53,58.53,58.53,0,0.0
1690437649,58.53,58.53,58.53,58.53,0,0.0
1690437650,58.53,58.53,58.53,58.53,700,40971.0
1690437651,58.54,58.55,58.54,58.55,700,40984.0
1690437652,58.53,58.53,58.51,58.51,2400,140455.0
1690437653,58.51,58.51,58.51,58.51,0,0.0
1690437654,58.51,58.51,58.51,58.51,0,0.0
1690437655,58.51,58.51,58.51,58.51,0,0.0
1690437656,58.51,58.51,58.51,58.51,0,0.0
1690437657,58.51,58.51,58.51,58.51,0,0.0
1690437658,58.51,58.51,58.51,58.51,0,0.0
1690437659,58.51,58.51,58.51,58.51,0,0.0
1690437660,58.51,58.51,58.51,58.51,0,0.0
1690437661,58.55,58.55,58.55,58.55,500,29275.0
1690437662,58.55,58.55,58.55,58.55,0,0.0
1690437663,58.55,58.55,58.55,58.55,100,5855.0
1690437664,58.55,58.55,58.55,58.55,0,0.0
1690437665,58.55,58.55,58.55,58.55,0,0.0
1690437666,58.55,58.55,58.55,58.55,0,0.0
1690437667,58.54,58.54,58.54,58.54,200,11708.0
1690437668,58.54,58.54,58.54,58.54,0,0.0
1690437669,58.53,58.53,58.51,58.51,2100,122891.0
1690437670,58.51,58.51,58.51,58.51,0,0.0
1690437671,58.51,58.51,58.51,58.51,0,0.0
1690437672,58.54,58.54,58.54,58.54,100,5854.0
1690437673,58.54,58.54,58.54,58.54,0,0.0
1690437674,58.51,58.51,58.51,58.51,600,35106.0
1690437675,58.51,58.51,58.51,58.51,0,0.0
1690437676,58.51,58.51,58.51,58.51,0,0.0
1690437677,58.51,58.51,58.51,58.51,0,0.0
1690437678,58.51,58.51,58.51,58.51,0,0.0
1690437679,58.51,58.51,58.51,58.51,0,0.0
1690437680,58.54,58.54,58.54,58.54,100,5854.0
1690437681,58.54,58.54,58.54,58.54,0,0.0
1690437682,58.54,58.54,58.54,58.54,0,0.0
1690437683,58.52,58.52,58.52,58.52,700,40964.0
1690437684,58.52,58.52,58.52,58.52,0,0.0
1690437685,58.54,58.54,58.54,58.54,200,11708.0
1690437686,58.54,58.54,58.54,58.54,0,0.0
1690437687,58.54,58.54,58.54,58.54,0,0.0
1690437688,58.54,58.54,58.54,58.54,0,0.0
1690437689,58.54,58.54,58.54,58.54,200,11708.0
1690437690,58.54,58.54,58.54,58.54,0,0.0
1690437691,58.54,58.54,58.54,58.54,400,23416.0
1690437692,58.54,58.54,58.54,58.54,0,0.0
1690437693,58.54,58.54,58.54,58.54,0,0.0
1690437694,58.54,58.54,58.54,58.54,100,5854.0
1690437695,58.54,58.54,58.54,58.54,0,0.0
1690437696,58.54,58.54,58.54,58.54,0,0.0
1690437697,58.54,58.54,58.54,58.54,0,0.0
1690437698,58.54,58.54,58.53,58.53,1100,64384.0
1690437699,58.53,58.53,58.53,58.53,300,17559.0
1690437700,58.53,58.53,58.53,58.53,0,0.0
1690437701,58.54,58.54,58.54,58.54,600,35124.0
1690437702,58.54,58.54,58.54,58.54,0,0.0
1690437703,58.54,58.54,58.54,58.54,0,0.0
1690437704,58.54,58.54,58.54,58.54,200,11708.0
1690437705,58.54,58.54,58.54,58.54,0,0.0
1690437706,58.54,58.54,58.54,58.54,200,11708.0
1690437707,58.54,58.54,58.54,58.54,1100,64394.0
1690437708,58.54,58.54,58.54,58.54,0,0.0
1690437709,58.54,58.54,58.54,58.54,0,0.0
1690437710,58.54,58.54,58.54,58.54,0,0.0
1690437711,58.54,58.54,58.54,58.54,0,0.0
1690437712,58.54,58.54,58.54,58.54,300,17562.0
1690437713,58.54,58.54,58.54,58.54,0,0.0
1690437714,58.54,58.54,58.54,58.54,0,0.0
1690437715,58.54,58.54,58.54,58.54,0,0.0
1690437716,58.54,58.54,58.54,58.54,0,0.0
1690437717,58.53,58.53,58.52,58.52,800,46817.0
1690437718,58.52,58.52,58.52,58.52,0,0.0
1690437719,58.52,58.52,58.52,58.52,0,0.0
1690437720,58.52,58.52,58.52,58.52,0,0.0
1690437721,58.52,58.52,58.52,58.52,0,0.0
1690437722,58.52,58.52,58.52,58.52,0,0.0
1690437723,58.52,58.52,58.52,58.52,0,0.0
1690437724,58.52,58.52,58.52,58.52,0,0.0
1690437725,58.52,58.52,58.52,58.52,0,0.0
1690437726,58.52,58.52,58.52,58.52,0,0.0
1690437727,58.52,58.52,58.52,58.52,0,0.0
1690437728,58.53,58.53,58.53,58.53,900,52677.0
1690437729,58.53,58.53,58.53,58.53,300,17559.0
1690437730,58.53,58.53,58.53,58.53,0,0.0
1690437731,58.53,58.53,58.52,58.52,1900,111190.0
1690437732,58.54,58.54,58.54,58.54,100,5854.0
1690437733,58.54,58.54,58.54,58.54,0,0.0
1690437734,58.54,58.54,58.54,58.54,0,0.0
1690437735,58.54,58.54,58.54,58.54,0,0.0
1690437736,58.52,58.52,58.52,58.52,1800,105336.0
1690437737,58.52,58.52,58.52,58.52,0,0.0
1690437738,58.52,58.52,58.52,58.52,0,0.0
1690437739,58.52,58.52,58.52,58.52,700,40964.0
1690437740,58.54,58.54,58.54,58.54,100,5854.0
1690437741,58.54,58.54,58.54,58.54,0,0.0
1690437742,58.54,58.54,58.54,58.54,100,5854.0
1690437743,58.54,58.54,58.54,58.54,0,0.0
1690437744,58.54,58.54,58.54,58.54,0,0.0
1690437745,58.54,58.54,58.54,58.54,0,0.0
1690437746,58.54,58.54,58.54,58.54,0,0.0
1690437747,58.54,58.54,58.54,58.54,0,0.0
1690437748,58.54,58.54,58.54,58.54,0,0.0
1690437749,58.54,58.54,58.54,58.54,0,0.0
1690437750,58.53,58.53,58.53,58.53,100,5853.0
1690437751,58.53,58.53,58.53,58.53,0,0.0
1690437752,58.53,58.53,58.53,58.53,4700,275091.0
1690437753,58.53,58.53,58.53,58.53,0,0.0
1690437754,58.53,58.53,58.53,58.53,0,0.0
1690437755,58.53,58.53,58.53,58.53,600,35118.0
1690437756,58.53,58.53,58.53,58.53,0,0.0
1690437757,58.53,58.53,58.53,58.53,0,0.0
1690437758,58.53,58.53,58.53,58.53,0,0.0
1690437759,58.53,58.53,58.53,58.53,0,0.0
1690437760,58.53,58.53,58.53,58.53,0,0.0
1690437761,58.54,58.54,58.54,58.54,600,35124.0
1690437762,58.54,58.54,58.54,58.54,0,0.0
1690437763,58.54,58.54,58.54,58.54,0,0.0
1690437764,58.54,58.54,58.54,58.54,0,0.0
1690437765,58.54,58.54,58.54,58.54,0,0.0
1690437766,58.54,58.54,58.53,58.53,2300,134639.0
1690437767,58.53,58.53,58.53,58.53,0,0.0
1690437768,58.53,58.53,58.53,58.53,0,0.0
1690437769,58.53,58.53,58.53,58.53,0,0.0
1690437770,58.53,58.53,58.53,58.53,0,0.0
1690437771,58.53,58.53,58.53,58.53,0,0.0
1690437772,58.53,58.53,58.53,58.53,1100,64383.0
1690437773,58.53,58.53,58.53,58.53,0,0.0
1690437774,58.53,58.53,58.53,58.53,0,0.0
1690437775,58.53,58.53,58.53,58.53,0,0.0
1690437776,58.53,58.53,58.53,58.53,0,0.0
1690437777,58.53,58.53,58.53,58.53,1800,105354.0
1690437778,58.53,58.53,58.53,58.53,0,0.0
1690437779,58.53,58.53,58.53,58.53,0,0.0
1690437780,58.53,58.53,58.53,58.53,0,0.0
1690437781,58.53,58.53,58.53,58.53,0,0.0
1690437782,58.53,58.53,58.53,58.53,3200,187296.0
1690437783,58.53,58.53,58.53,58.53,8000,468240.0
1690437784,58.53,58.53,58.53,58.53,0,0.0
1690437785,58.53,58.54,58.51,58.54,13000,760976.0
1690437786,58.54,58.54,58.54,58.54,0,0.0
1690437787,58.54,58.54,58.54,58.54,0,0.0
1690437788,58.54,58.54,58.54,58.54,0,0.0
1690437789,58.54,58.54,58.54,58.54,0,0.0
1690437790,58.52,58.52,58.52,58.52,700,40964.0
1690437791,58.52,58.53,58.52,58.53,300,17558.0
1690437792,58.53,58.53,58.53,58.53,0,0.0
1690437793,58.53,58.53,58.53,58.53,100,5853.0
1690437794,58.52,58.52,58.52,58.52,200,11704.0
1690437795,58.52,58.52,58.52,58.52,0,0.0
1690437796,58.52,58.52,58.52,58.52,200,11704.0
1690437797,58.52,58.52,58.52,58.52,0,0.0
1690437798,58.52,58.52,58.52,58.52,200,11704.0
1690437799,58.52,58.52,58.52,58.52,100,5852.0
1690437800,58.52,58.52,58.52,58.52,0,0.0
1690437801,58.52,58.52,58.52,58.52,100,5852.0
1690437802,58.52,58.52,58.52,58.52,0,0.0
1690437803,58.52,58.52,58.52,58.52,0,0.0
1690437804,58.52,58.52,58.52,58.52,0,0.0
1690437805,58.52,58.52,58.52,58.52,0,0.0
1690437806,58.52,58.52,58.51,58.51,2800,163850.0
1690437807,58.51,58.51,58.51,58.51,0,0.0
1690437808,58.51,58.51,58.51,58.51,0,0.0
1690437809,58.51,58.51,58.51,58.51,1800,105318.0
1690437810,58.51,58.51,58.51,58.51,0,0.0
1690437811,58.51,58.51,58.51,58.51,0,0.0
1690437812,58.52,58.52,58.51,58.51,1000,58511.0
1690437813,58.51,58.51,58.51,58.51,0,0.0
1690437814,58.5,58.5,58.5,58.5,700,40950.0
1690437815,58.5,58.5,58.49,58.49,100,5849.5
1690437816,58.49,58.49,58.49,58.49,0,0.0
1690437817,58.49,58.49,58.49,58.49,0,0.0
1690437818,58.49,58.49,58.49,58.49,0,0.0
1690437819,58.49,58.49,58.49,58.49,0,0.0
1690437820,58.51,58.52,58.51,58.52,500,29257.0
1690437821,58.52,58.52,58.52,58.52,0,0.0
1690437822,58.52,58.52,58.52,58.52,0,0.0
1690437823,58.5,58.5,58.5,58.5,100,5850.0
1690437824,58.5,58.5,58.5,58.5,0,0.0
1690437825,58.5,58.5,58.5,58.5,0,0.0
1690437826,58.49,58.49,58.49,58.49,300,17547.0
1690437827,58.49,58.49,58.49,58.49,0,0.0
1690437828,58.49,58.49,58.49,58.49,0,0.0
1690437829,58.49,58.49,58.49,58.49,0,0.0
1690437830,58.49,58.49,58.49,58.49,0,0.0
1690437831,58.5,58.5,58.5,58.5,3500,204750.0
1690437832,58.49,58.49,58.49,58.49,800,46792.0
1690437833,58.49,58.49,58.49,58.49,0,0.0
1690437834,58.49,58.49,58.49,58.49,0,0.0
1690437835,58.49,58.49,58.49,58.49,0,0.0
1690437836,58.49,58.49,58.49,58.49,2300,134527.0
1690437837,58.49,58.49,58.49,58.49,650,38018.5
1690437838,58.49,58.49,58.49,58.49,0,0.0
1690437839,58.49,58.49,58.49,58.49,0,0.0
1690437840,58.49,58.49,58.49,58.49,1000,58490.0
1690437841,58.48,58.48,58.48,58.48,200,11696.0
1690437842,58.48,58.48,58.48,58.48,0,0.0
1690437843,58.48,58.48,58.48,58.48,0,0.0
1690437844,58.48,58.48,58.48,58.48,0,0.0
1690437845,58.48,58.48,58.48,58.48,0,0.0
1690437846,58.48,58.48,58.48,58.48,0,0.0
1690437847,58.48,58.48,58.48,58.48,0,0.0
1690437848,58.48,58.48,58.48,58.48,0,0.0
1690437849,58.48,58.48,58.48,58.48,0,0.0
1690437850,58.48,58.48,58.48,58.48,0,0.0
1690437851,58.48,58.48,58.48,58.48,0,0.0
1690437852,58.48,58.48,58.48,58.48,100,5848.0
1690437853,58.48,58.48,58.48,58.48,0,0.0
1690437854,58.48,58.48,58.48,58.48,0,0.0
1690437855,58.48,58.48,58.48,58.48,0,0.0
1690437856,58.48,58.48,58.48,58.48,0,0.0
1690437857,58.48,58.48,58.48,58.48,0,0.0
1690437858,58.49,58.49,58.49,58.49,100,5849.0
1690437859,58.49,58.49,58.49,58.49,0,0.0
1690437860,58.49,58.49,58.49,58.49,0,0.0
1690437861,58.49,58.49,58.49,58.49,0,0.0
1690437862,58.49,58.49,58.49,58.49,0,0.0
1690437863,58.48,58.48,58.48,58.48,2300,134504.0
1690437864,58.48,58.48,58.48,58.48,0,0.0
1690437865,58.48,58.48,58.48,58.48,0,0.0
1690437866,58.48,58.48,58.48,58.48,0,0.0
1690437867,58.48,58.48,58.48,58.48,0,0.0
1690437868,58.48,58.48,58.48,58.48,0,0.0
1690437869,58.48,58.48,58.48,58.48,300,17544.0
1690437870,58.48,58.48,58.48,58.48,0,0.0
1690437871,58.47,58.47,58.47,58.47,200,11694.0
1690437872,58.47,58.47,58.47,58.47,1500,87705.0
1690437873,58.47,58.47,58.47,58.47,0,0.0
1690437874,58.47,58.47,58.47,58.47,0,0.0
1690437875,58.47,58.47,58.47,58.47,100,5847.0
1690437876,58.47,58.47,58.47,58.47,0,0.0
1690437877,58.47,58.47,58.47,58.47,0,0.0
1690437878,58.47,58.47,58.47,58.47,0,0.0
1690437879,58.47,58.47,58.47,58.47,200,11694.0
1690437880,58.47,58.47,58.47,58.47,0,0.0
1690437881,58.47,58.47,58.47,58.47,0,0.0
1690437882,58.47,58.47,58.47,58.47,0,0.0
1690437883,58.47,58.47,58.47,58.47,0,0.0
1690437884,58.47,58.47,58.47,58.47,0,0.0
1690437885,58.47,58.47,58.47,58.47,0,0.0
1690437886,58.47,58.47,58.47,58.47,0,0.0
1690437887,58.47,58.47,58.47,58.47,0,0.0
1690437888,58.47,58.47,58.47,58.47,200,11694.0
1690437889,58.47,58.47,58.47,58.47,0,0.0
1690437890,58.47,58.47,58.47,58.47,0,0.0
1690437891,58.47,58.47,58.47,58.47,0,0.0
1690437892,58.47,58.47,58.47,58.47,0,0.0
1690437893,58.47,58.47,58.47,58.47,100,5847.0
1690437894,58.48,58.48,58.48,58.48,1100,64328.0
1690437895,58.48,58.48,58.48,58.48,0,0.0
1690437896,58.47,58.47,58.47,58.47,300,17541.0
1690437897,58.47,58.47,58.47,58.47,0,0.0
1690437898,58.47,58.47,58.47,58.47,0,0.0
1690437899,58.47,58.47,58.47,58.47,0,0.0
1690437900,58.47,58.47,58.47,58.47,0,0.0
1690437901,58.47,58.47,58.47,58.47,200,11694.0
1690437902,58.47,58.47,58.47,58.47,0,0.0
1690437903,58.47,58.47,58.47,58.47,0,0.0
1690437904,58.47,58.47,58.47,58.47,0,0.0
1690437905,58.47,58.47,58.47,58.47,0,0.0
1690437906,58.47,58.47,58.47,58.47,0,0.0
1690437907,58.47,58.47,58.47,58.47,300,17541.0
1690437908,58.47,58.47,58.47,58.47,0,0.0
1690437909,58.47,58.47,58.47,58.47,0,0.0
1690437910,58.47,58.47,58.47,58.47,0,0.0
1690437911,58.47,58.48,58.47,58.48,1100,64318.0
1690437912,58.48,58.48,58.48,58.48,1000,58480.0
1690437913,58.48,58.48,58.48,58.48,0,0.0
1690437914,58.47,58.47,58.47,58.47,100,5847.0
1690437915,58.47,58.47,58.47,58.47,1500,87705.0
1690437916,58.47,58.47,58.47,58.47,0,0.0
1690437917,58.47,58.47,58.47,58.47,0,0.0
1690437918,58.47,58.47,58.47,58.47,0,0.0
1690437919,58.47,58.47,58.47,58.47,0,0.0
1690437920,58.47,58.47,58.47,58.47,0,0.0
1690437921,58.47,58.47,58.47,58.47,0,0.0
1690437922,58.47,58.47,58.47,58.47,0,0.0
1690437923,58.47,58.47,58.47,58.47,0,0.0
1690437924,58.47,58.47,58.47,58.47,0,0.0
1690437925,58.47,58.47,58.47,58.47,0,0.0
1690437926,58.47,58.47,58.47,58.47,1100,64317.0
1690437927,58.47,58.47,58.47,58.47,0,0.0
1690437928,58.47,58.47,58.47,58.47,0,0.0
1690437929,58.47,58.47,58.47,58.47,500,29235.0
1690437930,58.47,58.47,58.47,58.47,0,0.0
1690437931,58.47,58.48,58.47,58.48,300,17542.0
1690437932,58.48,58.48,58.48,58.48,0,0.0
1690437933,58.48,58.48,58.48,58.48,0,0.0
1690437934,58.48,58.48,58.48,58.48,0,0.0
1690437935,58.48,58.48,58.48,58.48,0,0.0
1690437936,58.48,58.48,58.48,58.48,0,0.0
1690437937,58.48,58.48,58.48,58.48,0,0.0
1690437938,58.48,58.48,58.48,58.48,0,0.0
1690437939,58.47,58.47,58.47,58.47,1600,93552.0
1690437940,58.47,58.47,58.47,58.47,0,0.0
1690437941,58.47,58.47,58.47,58.47,0,0.0
1690437942,58.45,58.45,58.45,58.45,1400,81830.0
1690437943,58.45,58.45,58.45,58.45,0,0.0
1690437944,58.45,58.45,58.45,58.45,0,0.0
1690437945,58.45,58.45,58.45,58.45,0,0.0
1690437946,58.45,58.45,58.45,58.45,0,0.0
1690437947,58.45,58.45,58.45,58.45,0,0.0
1690437948,58.45,58.45,58.45,58.45,2400,140280.0
1690437949,58.45,58.45,58.45,58.45,0,0.0
1690437950,58.45,58.45,58.45,58.45,0,0.0
1690437951,58.45,58.45,58.45,58.45,0,0.0
1690437952,58.46,58.46,58.46,58.46,100,5846.0
1690437953,58.46,58.46,58.46,58.46,900,52614.0
1690437954,58.46,58.46,58.46,58.46,0,0.0
1690437955,58.46,58.46,58.46,58.46,800,46768.0
1690437956,58.45,58.45,58.45,58.45,200,11690.0
1690437957,58.45,58.45,58.45,58.45,0,0.0
1690437958,58.45,58.45,58.45,58.45,0,0.0
1690437959,58.45,58.45,58.45,58.45,0,0.0
1690437960,58.45,58.45,58.45,58.45,0,0.0
1690437961,58.45,58.45,58.45,58.45,0,0.0
1690437962,58.45,58.45,58.45,58.45,0,0.0
1690437963,58.45,58.45,58.45,58.45,0,0.0
1690437964,58.45,58.45,58.45,58.45,0,0.0
1690437965,58.45,58.45,58.45,58.45,0,0.0
1690437966,58.45,58.45,58.45,58.45,0,0.0
1690437967,58.45,58.45,58.45,58.45,0,0.0
1690437968,58.45,58.45,58.45,58.45,0,0.0
1690437969,58.46,58.46,58.46,58.46,400,23384.0
1690437970,58.46,58.46,58.46,58.46,0,0.0
1690437971,58.46,58.46,58.46,58.46,0,0.0
1690437972,58.46,58.46,58.46,58.46,100,5846.0
1690437973,58.46,58.46,58.46,58.46,0,0.0
1690437974,58.45,58.45,58.45,58.45,3500,204575.0
1690437975,58.45,58.45,58.45,58.45,0,0.0
1690437976,58.46,58.46,58.45,58.45,400,23381.0
1690437977,58.45,58.45,58.45,58.45,0,0.0
1690437978,58.45,58.45,58.45,58.45,0,0.0
1690437979,58.45,58.45,58.45,58.45,0,0.0
1690437980,58.45,58.45,58.45,58.45,0,0.0
1690437981,58.45,58.45,58.45,58.45,0,0.0
1690437982,58.45,58.45,58.45,58.45,0,0.0
1690437983,58.44,58.44,58.44,58.44,5400,315576.0
1690437984,58.45,58.45,58.45,58.45,500,29225.0
1690437985,58.45,58.45,58.45,58.45,0,0.0
1690437986,58.45,58.45,58.45,58.45,0,0.0
1690437987,58.45,58.45,58.45,58.45,0,0.0
1690437988,58.45,58.45,58.45,58.45,0,0.0
1690437989,58.45,58.45,58.45,58.45,0,0.0
1690437990,58.44,58.44,58.44,58.44,2100,122724.0
1690437991,58.44,58.44,58.44,58.44,0,0.0
1690437992,58.44,58.44,58.44,58.44,0,0.0
1690437993,58.44,58.45,58.44,58.45,1000,58444.0
1690437994,58.45,58.45,58.45,58.45,0,0.0
1690437995,58.45,58.45,58.45,58.45,600,35070.0
1690437996,58.45,58.45,58.45,58.45,0,0.0
1690437997,58.45,58.45,58.45,58.45,0,0.0
1690437998,58.46,58.46,58.46,58.46,800,46768.0
1690437999,58.46,58.46,58.46,58.46,0,0.0
1690438000,58.46,58.46,58.46,58.46,0,0.0
1690438001,58.46,58.46,58.46,58.46,0,0.0
1690438002,58.46,58.46,58.46,58.46,2100,122766.0
1690438003,58.46,58.46,58.46,58.46,0,0.0
1690438004,58.46,58.46,58.46,58.46,0,0.0
1690438005,58.46,58.46,58.46,58.46,0,0.0
1690438006,58.45,58.45,58.45,58.45,300,17535.0
1690438007,58.45,58.45,58.45,58.45,0,0.0
1690438008,58.45,58.45,58.45,58.45,0,0.0
1690438009,58.46,58.46,58.45,58.45,500,29229.0
1690438010,58.45,58.45,58.45,58.45,0,0.0
1690438011,58.45,58.45,58.45,58.45,0,0.0
1690438012,58.45,58.45,58.45,58.45,0,0.0
1690438013,58.45,58.45,58.45,58.45,0,0.0
1690438014,58.45,58.45,58.45,58.45,0,0.0
1690438015,58.45,58.45,58.45,58.45,100,5845.0
1690438016,58.45,58.45,58.45,58.45,0,0.0
1690438017,58.45,58.45,58.45,58.45,0,0.0
1690438018,58.46,58.46,58.46,58.46,1000,58460.0
1690438019,58.46,58.46,58.46,58.46,0,0.0
1690438020,58.46,58.47,58.45,58.47,400,23383.0
1690438021,58.47,58.47,58.47,58.47,0,0.0
1690438022,58.47,58.47,58.47,58.47,0,0.0
1690438023,58.47,58.47,58.47,58.47,0,0.0
1690438024,58.47,58.47,58.47,58.47,0,0.0
1690438025,58.47,58.47,58.47,58.47,0,0.0
1690438026,58.47,58.47,58.47,58.47,0,0.0
1690438027,58.47,58.47,58.47,58.47,0,0.0
1690438028,58.47,58.47,58.47,58.47,2400,140328.0
1690438029,58.46,58.46,58.46,58.46,100,5846.0
1690438030,58.46,58.46,58.46,58.46,0,0.0
1690438031,58.47,58.47,58.46,58.47,2700,157867.0
1690438032,58.47,58.47,58.47,58.47,0,0.0
1690438033,58.47,58.47,58.47,58.47,0,0.0
1690438034,58.47,58.47,58.47,58.47,0,0.0
1690438035,58.47,58.47,58.47,58.47,0,0.0
1690438036,58.46,58.46,58.46,58.46,400,23384.0
1690438037,58.46,58.46,58.46,58.46,0,0.0
1690438038,58.46,58.46,58.46,58.46,0,0.0
1690438039,58.46,58.46,58.46,58.46,0,0.0
1690438040,58.46,58.46,58.46,58.46,0,0.0
1690438041,58.46,58.46,58.46,58.46,0,0.0
1690438042,58.46,58.46,58.46,58.46,1300,75998.0
1690438043,58.46,58.46,58.46,58.46,0,0.0
1690438044,58.46,58.46,58.46,58.46,0,0.0
1690438045,58.46,58.46,58.46,58.46,0,0.0
1690438046,58.46,58.46,58.46,58.46,0,0.0
1690438047,58.46,58.46,58.46,58.46,0,0.0
1690438048,58.46,58.46,58.46,58.46,0,0.0
1690438049,58.46,58.46,58.46,58.46,0,0.0
1690438050,58.47,58.48,58.47,58.48,1200,70172.0
1690438051,58.48,58.48,58.48,58.48,0,0.0
1690438052,58.48,58.48,58.48,58.48,0,0.0
1690438053,58.48,58.48,58.48,58.48,0,0.0
1690438054,58.48,58.48,58.48,58.48,0,0.0
1690438055,58.48,58.48,58.48,58.48,0,0.0
1690438056,58.48,58.48,58.48,58.48,0,0.0
1690438057,58.48,58.48,58.48,58.48,0,0.0
1690438058,58.48,58.48,58.48,58.48,0,0.0
1690438059,58.48,58.48,58.48,58.48,0,0.0
1690438060,58.48,58.48,58.48,58.48,0,0.0
1690438061,58.48,58.48,58.48,58.48,0,0.0
1690438062,58.48,58.48,58.48,58.48,0,0.0
1690438063,58.48,58.48,58.48,58.48,0,0.0
1690438064,58.48,58.48,58.48,58.48,0,0.0
1690438065,58.48,58.48,58.48,58.48,0,0.0
1690438066,58.47,58.47,58.47,58.47,200,11694.0
1690438067,58.47,58.47,58.47,58.47,0,0.0
1690438068,58.48,58.48,58.48,58.48,100,5848.0
1690438069,58.48,58.48,58.48,58.48,2600,152048.0
1690438070,58.48,58.48,58.48,58.48,0,0.0
1690438071,58.48,58.48,58.48,58.48,0,0.0
1690438072,58.47,58.47,58.47,58.47,1200,70164.0
1690438073,58.47,58.47,58.47,58.47,0,0.0
1690438074,58.47,58.47,58.47,58.47,0,0.0
1690438075,58.47,58.47,58.47,58.47,0,0.0
1690438076,58.47,58.47,58.47,58.47,0,0.0
1690438077,58.48,58.48,58.48,58.48,700,40936.0
1690438078,58.48,58.48,58.48,58.48,0,0.0
1690438079,58.48,58.48,58.48,58.48,0,0.0
1690438080,58.48,58.48,58.48,58.48,0,0.0
1690438081,58.48,58.48,58.48,58.48,0,0.0
1690438082,58.48,58.48,58.48,58.48,0,0.0
1690438083,58.48,58.48,58.48,58.48,0,0.0
1690438084,58.48,58.48,58.48,58.48,0,0.0
1690438085,58.48,58.48,58.48,58.48,0,0.0
1690438086,58.48,58.48,58.48,58.48,0,0.0
1690438087,58.48,58.48,58.48,58.48,0,0.0
1690438088,58.48,58.49,58.48,58.49,4800,280738.0
1690438089,58.49,58.49,58.49,58.49,0,0.0
1690438090,58.49,58.49,58.49,58.49,0,0.0
1690438091,58.48,58.48,58.47,58.47,1800,105256.0
1690438092,58.47,58.47,58.47,58.47,0,0.0
1690438093,58.47,58.47,58.47,58.47,0,0.0
1690438094,58.47,58.47,58.47,58.47,0,0.0
1690438095,58.47,58.47,58.47,58.47,0,0.0
1690438096,58.47,58.47,58.47,58.47,0,0.0
1690438097,58.47,58.47,58.47,58.47,0,0.0
1690438098,58.47,58.47,58.47,58.47,0,0.0
1690438099,58.47,58.47,58.47,58.47,0,0.0
1690438100,58.48,58.48,58.48,58.48,500,29240.0
1690438101,58.48,58.48,58.48,58.48,0,0.0
1690438102,58.48,58.48,58.48,58.48,0,0.0
1690438103,58.48,58.48,58.48,58.48,0,0.0
1690438104,58.48,58.48,58.48,58.48,0,0.0
1690438105,58.48,58.48,58.48,58.48,0,0.0
1690438106,58.48,58.48,58.48,58.48,0,0.0
1690438107,58.48,58.48,58.48,58.48,0,0.0
1690438108,58.48,58.48,58.48,58.48,0,0.0
1690438109,58.48,58.48,58.48,58.48,200,11696.0
1690438110,58.49,58.49,58.49,58.49,800,46792.0
1690438111,58.48,58.48,58.48,58.48,300,17544.0
1690438112,58.49,58.49,58.49,58.49,1800,105282.0
1690438113,58.49,58.49,58.49,58.49,0,0.0
1690438114,58.49,58.49,58.49,58.49,0,0.0
1690438115,58.49,58.49,58.49,58.49,0,0.0
1690438116,58.49,58.49,58.49,58.49,0,0.0
1690438117,58.5,58.5,58.49,58.49,700,40948.0
1690438118,58.49,58.49,58.49,58.49,100,5849.0
1690438119,58.49,58.49,58.49,58.49,0,0.0
1690438120,58.49,58.49,58.49,58.49,200,11698.0
1690438121,58.49,58.49,58.49,58.49,0,0.0
1690438122,58.49,58.49,58.49,58.49,0,0.0
1690438123,58.49,58.49,58.49,58.49,100,5849.0
1690438124,58.49,58.49,58.49,58.49,0,0.0
1690438125,58.49,58.49,58.49,58.49,0,0.0
1690438126,58.49,58.49,58.49,58.49,0,0.0
1690438127,58.49,58.49,58.49,58.49,0,0.0
1690438128,58.49,58.49,58.49,58.49,0,0.0
1690438129,58.49,58.49,58.49,58.49,1100,64339.0
1690438130,58.49,58.49,58.49,58.49,0,0.0
1690438131,58.48,58.48,58.48,58.48,100,5848.0
1690438132,58.48,58.48,58.48,58.48,0,0.0
1690438133,58.48,58.48,58.48,58.48,200,11696.0
1690438134,58.49,58.49,58.49,58.49,100,5849.0
1690438135,58.49,58.49,58.49,58.49,0,0.0
1690438136,58.48,58.48,58.48,58.48,100,5848.0
1690438137,58.48,58.48,58.48,58.48,0,0.0
1690438138,58.48,58.48,58.47,58.47,3500,204664.0
1690438139,58.47,58.47,58.47,58.47,800,46776.0
1690438140,58.47,58.47,58.47,58.47,0,0.0
1690438141,58.46,58.47,58.46,58.47,1100,64315.0
1690438142,58.47,58.47,58.47,58.47,500,29235.0
1690438143,58.47,58.47,58.47,58.47,0,0.0
1690438144,58.47,58.47,58.47,58.47,0,0.0
1690438145,58.47,58.47,58.47,58.47,0,0.0
1690438146,58.47,58.47,58.47,58.47,0,0.0
1690438147,58.47,58.47,58.47,58.47,0,0.0
1690438148,58.47,58.47,58.47,58.47,0,0.0
1690438149,58.47,58.47,58.47,58.47,0,0.0
1690438150,58.47,58.47,58.47,58.47,0,0.0
1690438151,58.47,58.47,58.47,58.47,0,0.0
1690438152,58.48,58.48,58.48,58.48,100,5848.0
1690438153,58.48,58.48,58.48,58.48,0,0.0
1690438154,58.48,58.48,58.48,58.48,0,0.0
1690438155,58.48,58.48,58.48,58.48,0,0.0
1690438156,58.47,58.47,58.47,58.47,200,11694.0
1690438157,58.47,58.47,58.47,58.47,900,52623.0
1690438158,58.47,58.47,58.46,58.46,1100,64308.0
1690438159,58.46,58.46,58.46,58.46,0,0.0
1690438160,58.46,58.46,58.46,58.46,0,0.0
1690438161,58.46,58.46,58.46,58.46,0,0.0
1690438162,58.46,58.46,58.46,58.46,0,0.0
1690438163,58.45,58.45,58.45,58.45,5300,309785.0
1690438164,58.45,58.45,58.45,58.45,0,0.0
1690438165,58.45,58.45,58.45,58.45,0,0.0
1690438166,58.45,58.45,58.45,58.45,0,0.0
1690438167,58.45,58.45,58.45,58.45,0,0.0
1690438168,58.46,58.46,58.46,58.46,100,5846.0
1690438169,58.46,58.46,58.46,58.46,200,11692.0
1690438170,58.46,58.46,58.46,58.46,0,0.0
1690438171,58.46,58.46,58.46,58.46,300,17538.0
1690438172,58.46,58.46,58.46,58.46,0,0.0
1690438173,58.46,58.46,58.46,58.46,0,0.0
1690438174,58.46,58.46,58.46,58.46,200,11692.0
1690438175,58.46,58.46,58.46,58.46,0,0.0
1690438176,58.46,58.46,58.46,58.46,0,0.0
1690438177,58.46,58.46,58.46,58.46,0,0.0
1690438178,58.46,58.46,58.46,58.46,0,0.0
1690438179,58.47,58.47,58.47,58.47,700,40929.0
1690438180,58.47,58.47,58.47,58.47,0,0.0
1690438181,58.47,58.47,58.47,58.47,0,0.0
1690438182,58.48,58.48,58.48,58.48,100,5848.0
1690438183,58.48,58.48,58.48,58.48,0,0.0
1690438184,58.48,58.48,58.48,58.48,0,0.0
1690438185,58.48,58.48,58.48,58.48,0,0.0
1690438186,58.48,58.48,58.48,58.48,0,0.0
1690438187,58.46,58.46,58.46,58.46,200,11692.0
1690438188,58.46,58.46,58.46,58.46,0,0.0
1690438189,58.46,58.46,58.46,58.46,0,0.0
1690438190,58.47,58.47,58.47,58.47,200,11694.0
1690438191,58.47,58.47,58.47,58.47,0,0.0
1690438192,58.47,58.47,58.47,58.47,0,0.0
1690438193,58.47,58.47,58.47,58.47,0,0.0
1690438194,58.47,58.47,58.47,58.47,0,0.0
1690438195,58.47,58.47,58.47,58.47,0,0.0
1690438196,58.47,58.47,58.47,58.47,100,5847.0
1690438197,58.47,58.47,58.47,58.47,0,0.0
1690438198,58.47,58.47,58.47,58.47,0,0.0
1690438199,58.47,58.47,58.47,58.47,0,0.0
1690438200,58.47,58.47,58.47,58.47,0,0.0
1690438201,58.46,58.46,58.46,58.46,2700,157842.0
1690438202,58.46,58.46,58.46,58.46,0,0.0
1690438203,58.46,58.46,58.46,58.46,0,0.0
1690438204,58.46,58.46,58.46,58.46,0,0.0
1690438205,58.46,58.46,58.46,58.46,0,0.0
1690438206,58.45,58.45,58.45,58.45,100,5845.0
1690438207,58.45,58.45,58.45,58.45,0,0.0
1690438208,58.45,58.45,58.45,58.45,0,0.0
1690438209,58.46,58.46,58.46,58.46,600,35076.0
1690438210,58.46,58.46,58.46,58.46,0,0.0
1690438211,58.46,58.46,58.46,58.46,100,5846.0
1690438212,58.46,58.46,58.46,58.46,0,0.0
1690438213,58.46,58.46,58.46,58.46,0,0.0
1690438214,58.46,58.46,58.46,58.46,0,0.0
1690438215,58.46,58.46,58.46,58.46,0,0.0
1690438216,58.46,58.46,58.46,58.46,0,0.0
1690438217,58.46,58.46,58.46,58.46,0,0.0
1690438218,58.46,58.46,58.46,58.46,0,0.0
1690438219,58.46,58.46,58.46,58.46,0,0.0
1690438220,58.46,58.46,58.46,58.46,0,0.0
1690438221,58.46,58.46,58.46,58.46,0,0.0
1690438222,58.45,58.45,58.45,58.45,100,5845.0
1690438223,58.45,58.45,58.45,58.45,200,11690.0
1690438224,58.45,58.45,58.45,58.45,0,0.0
1690438225,58.45,58.45,58.44,58.44,1600,93512.0
1690438226,58.44,58.44,58.44,58.44,2900,169476.0
1690438227,58.45,58.46,58.45,58.46,800,46767.0
1690438228,58.45,58.45,58.44,58.44,300,17533.0
1690438229,58.44,58.44,58.44,58.44,0,0.0
1690438230,58.45,58.45,58.45,58.45,200,11690.0
1690438231,58.45,58.45,58.45,58.45,300,17535.0
1690438232,58.45,58.45,58.45,58.45,0,0.0
1690438233,58.45,58.45,58.45,58.45,100,5845.0
1690438234,58.45,58.45,58.45,58.45,0,0.0
1690438235,58.44,58.44,58.44,58.44,1200,70128.0
1690438236,58.44,58.44,58.44,58.44,0,0.0
1690438237,58.44,58.44,58.44,58.44,0,0.0
1690438238,58.45,58.45,58.45,58.45,100,5845.0
1690438239,58.45,58.45,58.43,58.44,12300,718915.0
1690438240,58.44,58.44,58.44,58.44,0,0.0
1690438241,58.44,58.44,58.44,58.44,0,0.0
1690438242,58.44,58.44,58.44,58.44,0,0.0
1690438243,58.44,58.44,58.44,58.44,0,0.0
1690438244,58.43,58.43,58.43,58.43,3000,175290.0
1690438245,58.44,58.44,58.44,58.44,700,40908.0
1690438246,58.43,58.43,58.43,58.43,200,11686.0
1690438247,58.43,58.43,58.43,58.43,0,0.0
1690438248,58.43,58.43,58.43,58.43,0,0.0
1690438249,58.43,58.43,58.43,58.43,0,0.0
1690438250,58.43,58.43,58.43,58.43,0,0.0
1690438251,58.43,58.43,58.43,58.43,0,0.0
1690438252,58.43,58.43,58.43,58.43,0,0.0
1690438253,58.43,58.43,58.43,58.43,700,40901.0
1690438254,58.43,58.43,58.43,58.43,0,0.0
1690438255,58.43,58.43,58.43,58.43,0,0.0
1690438256,58.43,58.43,58.43,58.43,0,0.0
1690438257,58.43,58.43,58.43,58.43,0,0.0
1690438258,58.43,58.43,58.43,58.43,0,0.0
1690438259,58.43,58.43,58.43,58.43,0,0.0
1690438260,58.43,58.44,58.43,58.44,700,40902.0
1690438261,58.44,58.44,58.44,58.44,0,0.0
1690438262,58.44,58.44,58.44,58.44,0,0.0
1690438263,58.43,58.43,58.43,58.43,300,17529.0
1690438264,58.43,58.43,58.43,58.43,0,0.0
1690438265,58.43,58.43,58.43,58.43,5000,292150.0
1690438266,58.43,58.43,58.43,58.43,0,0.0
1690438267,58.43,58.43,58.43,58.43,0,0.0
1690438268,58.43,58.43,58.43,58.43,0,0.0
1690438269,58.43,58.43,58.43,58.43,0,0.0
1690438270,58.43,58.43,58.43,58.43,0,0.0
1690438271,58.43,58.43,58.42,58.42,600,35054.0
1690438272,58.42,58.42,58.42,58.42,0,0.0
1690438273,58.42,58.42,58.42,58.42,0,0.0
1690438274,58.44,58.44,58.42,58.42,200,11686.0
1690438275,58.42,58.42,58.42,58.42,0,0.0
1690438276,58.42,58.42,58.42,58.42,200,11684.0
1690438277,58.42,58.42,58.42,58.42,0,0.0
1690438278,58.42,58.42,58.42,58.42,0,0.0
1690438279,58.43,58.43,58.43,58.43,1000,58430.0
1690438280,58.43,58.43,58.43,58.43,0,0.0
1690438281,58.43,58.43,58.43,58.43,0,0.0
1690438282,58.42,58.43,58.42,58.43,2200,128534.0
1690438283,58.43,58.43,58.43,58.43,0,0.0
1690438284,58.43,58.43,58.43,58.43,0,0.0
1690438285,58.43,58.43,58.43,58.43,200,11686.0
1690438286,58.43,58.43,58.43,58.43,0,0.0
1690438287,58.43,58.43,58.43,58.43,0,0.0
1690438288,58.43,58.43,58.43,58.43,0,0.0
1690438289,58.43,58.43,58.43,58.43,0,0.0
1690438290,58.43,58.43,58.43,58.43,700,40901.0
1690438291,58.43,58.43,58.43,58.43,0,0.0
1690438292,58.43,58.43,58.43,58.43,0,0.0
1690438293,58.43,58.43,58.43,58.43,0,0.0
1690438294,58.43,58.43,58.43,58.43,0,0.0
1690438295,58.43,58.43,58.43,58.43,0,0.0
1690438296,58.43,58.43,58.43,58.43,0,0.0
1690438297,58.43,58.43,58.43,58.43,0,0.0
1690438298,58.43,58.43,58.43,58.43,0,0.0
1690438299,58.43,58.43,58.43,58.43,0,0.0
1690438300,58.43,58.43,58.43,58.43,0,0.0
1690438301,58.42,58.42,58.42,58.42,4800,280416.0
1690438302,58.42,58.42,58.42,58.42,0,0.0
1690438303,58.42,58.42,58.42,58.42,0,0.0
1690438304,58.42,58.42,58.42,58.42,0,0.0
1690438305,58.42,58.42,58.42,58.42,0,0.0
1690438306,58.42,58.42,58.42,58.42,200,11684.0
1690438307,58.42,58.42,58.42,58.42,0,0.0
1690438308,58.42,58.43,58.42,58.43,1600,93473.0
1690438309,58.43,58.43,58.43,58.43,0,0.0
1690438310,58.43,58.43,58.43,58.43,0,0.0
1690438311,58.43,58.43,58.43,58.43,100,5843.0
1690438312,58.43,58.43,58.43,58.43,100,5843.0
1690438313,58.43,58.43,58.43,58.43,0,0.0
1690438314,58.43,58.43,58.43,58.43,0,0.0
1690438315,58.43,58.43,58.43,58.43,0,0.0
1690438316,58.43,58.43,58.43,58.43,0,0.0
1690438317,58.43,58.43,58.43,58.43,0,0.0
1690438318,58.43,58.43,58.43,58.43,0,0.0
1690438319,58.43,58.43,58.43,58.43,0,0.0
1690438320,58.42,58.42,58.42,58.42,100,5842.0
1690438321,58.42,58.42,58.42,58.42,0,0.0
1690438322,58.42,58.42,58.42,58.42,0,0.0
1690438323,58.42,58.42,58.42,58.42,0,0.0
1690438324,58.42,58.42,58.42,58.42,0,0.0
1690438325,58.42,58.42,58.42,58.42,0,0.0
1690438326,58.42,58.42,58.42,58.42,0,0.0
1690438327,58.43,58.43,58.43,58.43,800,46744.0
1690438328,58.43,58.43,58.43,58.43,2200,128546.0
1690438329,58.43,58.43,58.43,58.43,0,0.0
1690438330,58.43,58.43,58.43,58.43,0,0.0
1690438331,58.43,58.43,58.43,58.43,0,0.0
1690438332,58.43,58.43,58.43,58.43,0,0.0
1690438333,58.43,58.43,58.43,58.43,4200,245406.0
1690438334,58.44,58.44,58.43,58.43,300,17530.0
1690438335,58.43,58.43,58.43,58.43,0,0.0
1690438336,58.43,58.43,58.43,58.43,200,11686.0
1690438337,58.43,58.43,58.43,58.43,0,0.0
1690438338,58.43,58.43,58.43,58.43,200,11686.0
1690438339,58.43,58.43,58.43,58.43,0,0.0
1690438340,58.43,58.43,58.43,58.43,0,0.0
1690438341,58.44,58.44,58.42,58.42,1800,105181.0
1690438342,58.42,58.42,58.42,58.42,0,0.0
1690438343,58.44,58.44,58.44,58.44,500,29220.0
1690438344,58.44,58.44,58.44,58.44,0,0.0
1690438345,58.44,58.44,58.44,58.44,0,0.0
1690438346,58.44,58.44,58.44,58.44,0,0.0
1690438347,58.44,58.44,58.44,58.44,0,0.0
1690438348,58.44,58.44,58.44,58.44,0,0.0
1690438349,58.43,58.43,58.43,58.43,500,29215.0
1690438350,58.43,58.43,58.43,58.43,0,0.0
1690438351,58.43,58.43,58.43,58.43,0,0.0
1690438352,58.43,58.43,58.43,58.43,0,0.0
1690438353,58.43,58.43,58.43,58.43,0,0.0
1690438354,58.43,58.43,58.43,58.43,0,0.0
1690438355,58.43,58.43,58.43,58.43,0,0.0
1690438356,58.43,58.43,58.43,58.43,0,0.0
1690438357,58.43,58.43,58.43,58.43,0,0.0
1690438358,58.43,58.43,58.43,58.43,0,0.0
1690438359,58.43,58.43,58.43,58.43,0,0.0
1690438360,58.44,58.44,58.44,58.44,100,5844.0
1690438361,58.44,58.44,58.44,58.44,300,17532.0
1690438362,58.45,58.45,58.45,58.45,1800,105210.0
1690438363,58.45,58.45,58.45,58.45,0,0.0
1690438364,58.45,58.45,58.45,58.45,0,0.0
1690438365,58.45,58.45,58.45,58.45,0,0.0
1690438366,58.45,58.45,58.45,58.45,800,46760.0
1690438367,58.45,58.45,58.45,58.45,0,0.0
1690438368,58.45,58.45,58.45,58.45,0,0.0
1690438369,58.45,58.45,58.45,58.45,100,5845.0
1690438370,58.45,58.45,58.45,58.45,0,0.0
1690438371,58.45,58.45,58.45,58.45,0,0.0
1690438372,58.45,58.45,58.45,58.45,0,0.0
1690438373,58.45,58.45,58.45,58.45,0,0.0
1690438374,58.45,58.45,58.45,58.45,0,0.0
1690438375,58.45,58.45,58.45,58.45,0,0.0
1690438376,58.45,58.45,58.45,58.45,0,0.0
1690438377,58.45,58.45,58.45,58.45,0,0.0
1690438378,58.45,58.45,58.45,58.45,0,0.0
1690438379,58.45,58.45,58.45,58.45,0,0.0
1690438380,58.45,58.45,58.45,58.45,0,0.0
1690438381,58.45,58.45,58.45,58.45,300,17535.0
1690438382,58.46,58.46,58.46,58.46,100,5846.0
1690438383,58.46,58.46,58.46,58.46,0,0.0
1690438384,58.46,58.46,58.46,58.46,0,0.0
1690438385,58.46,58.48,58.46,58.48,4500,263092.0
1690438386,58.48,58.48,58.48,58.48,0,0.0
1690438387,58.48,58.48,58.48,58.48,0,0.0
1690438388,58.46,58.46,58.46,58.46,100,5846.0
1690438389,58.46,58.46,58.46,58.46,0,0.0
1690438390,58.49,58.49,58.48,58.48,1200,70179.0
1690438391,58.48,58.48,58.48,58.48,0,0.0
1690438392,58.48,58.48,58.48,58.48,0,0.0
1690438393,58.48,58.48,58.48,58.48,2200,128656.0
1690438394,58.48,58.48,58.48,58.48,0,0.0
1690438395,58.48,58.48,58.48,58.48,200,11696.0
1690438396,58.48,58.48,58.48,58.48,0,0.0
1690438397,58.48,58.48,58.48,58.48,0,0.0
1690438398,58.49,58.49,58.49,58.49,400,23396.0
1690438399,58.49,58.49,58.49,58.49,0,0.0
1690438400,58.49,58.49,58.49,58.49,0,0.0
1690438401,58.48,58.48,58.48,58.48,800,46784.0
1690438402,58.48,58.48,58.48,58.48,0,0.0
1690438403,58.48,58.48,58.48,58.48,0,0.0
1690438404,58.48,58.48,58.48,58.48,1200,70176.0
1690438405,58.48,58.48,58.48,58.48,0,0.0
1690438406,58.48,58.48,58.48,58.48,500,29240.0
1690438407,58.48,58.48,58.48,58.48,0,0.0
1690438408,58.48,58.48,58.48,58.48,0,0.0
1690438409,58.49,58.49,58.49,58.49,1000,58490.0
1690438410,58.49,58.49,58.49,58.49,0,0.0
1690438411,58.48,58.48,58.48,58.48,200,11696.0
1690438412,58.48,58.48,58.48,58.48,2200,128656.0
1690438413,58.48,58.48,58.48,58.48,0,0.0
1690438414,58.49,58.49,58.49,58.49,300,17547.0
1690438415,58.49,58.49,58.49,58.49,0,0.0
1690438416,58.49,58.49,58.49,58.49,700,40943.0
1690438417,58.49,58.49,58.49,58.49,600,35094.0
1690438418,58.49,58.49,58.49,58.49,0,0.0
1690438419,58.49,58.49,58.49,58.49,0,0.0
1690438420,58.49,58.49,58.49,58.49,0,0.0
1690438421,58.49,58.49,58.49,58.49,0,0.0
1690438422,58.49,58.49,58.49,58.49,0,0.0
1690438423,58.49,58.49,58.49,58.49,0,0.0
1690438424,58.49,58.49,58.49,58.49,0,0.0
1690438425,58.49,58.49,58.49,58.49,0,0.0
1690438426,58.49,58.49,58.49,58.49,0,0.0
1690438427,58.49,58.49,58.49,58.49,0,0.0
1690438428,58.49,58.49,58.49,58.49,0,0.0
1690438429,58.49,58.49,58.49,58.49,0,0.0
1690438430,58.49,58.49,58.49,58.49,1000,58490.0
1690438431,58.49,58.49,58.49,58.49,0,0.0
1690438432,58.49,58.49,58.49,58.49,0,0.0
1690438433,58.49,58.49,58.49,58.49,0,0.0
1690438434,58.49,58.49,58.49,58.49,0,0.0
1690438435,58.49,58.49,58.49,58.49,0,0.0
1690438436,58.49,58.49,58.49,58.49,0,0.0
1690438437,58.49,58.49,58.49,58.49,0,0.0
1690438438,58.48,58.49,58.48,58.49,400,23393.0
1690438439,58.49,58.49,58.49,58.49,0,0.0
1690438440,58.49,58.49,58.49,58.49,0,0.0
1690438441,58.48,58.48,58.48,58.48,200,11696.0
1690438442,58.48,58.48,58.48,58.48,0,0.0
1690438443,58.48,58.48,58.48,58.48,0,0.0
1690438444,58.48,58.48,58.48,58.48,0,0.0
1690438445,58.48,58.48,58.48,58.48,0,0.0
1690438446,58.48,58.48,58.48,58.48,0,0.0
1690438447,58.48,58.48,58.48,58.48,0,0.0
1690438448,58.48,58.48,58.48,58.48,0,0.0
1690438449,58.49,58.49,58.49,58.49,500,29245.0
1690438450,58.49,58.49,58.49,58.49,0,0.0
1690438451,58.49,58.49,58.49,58.49,0,0.0
1690438452,58.49,58.5,58.49,58.5,800,46796.0
1690438453,58.5,58.5,58.5,58.5,0,0.0
1690438454,58.5,58.5,58.5,58.5,0,0.0
1690438455,58.49,58.49,58.48,58.48,3700,216379.0
1690438456,58.48,58.48,58.48,58.48,0,0.0
1690438457,58.49,58.49,58.49,58.49,600,35094.0
1690438458,58.49,58.49,58.49,58.49,0,0.0
1690438459,58.49,58.49,58.49,58.49,0,0.0
1690438460,58.49,58.49,58.49,58.49,0,0.0
1690438461,58.49,58.49,58.49,58.49,0,0.0
1690438462,58.49,58.49,58.49,58.49,0,0.0
1690438463,58.49,58.49,58.49,58.49,100,5849.0
1690438464,58.49,58.49,58.49,58.49,0,0.0
1690438465,58.49,58.49,58.49,58.49,0,0.0
1690438466,58.49,58.49,58.49,58.49,0,0.0
1690438467,58.49,58.49,58.49,58.49,0,0.0
1690438468,58.49,58.49,58.49,58.49,300,17547.0
1690438469,58.49,58.49,58.49,58.49,100,5849.0
1690438470,58.49,58.49,58.49,58.49,0,0.0
1690438471,58.49,58.49,58.48,58.48,300,17545.0
1690438472,58.48,58.48,58.48,58.48,0,0.0
1690438473,58.49,58.49,58.49,58.49,100,5849.0
1690438474,58.49,58.49,58.49,58.49,0,0.0
1690438475,58.49,58.49,58.49,58.49,0,0.0
1690438476,58.49,58.49,58.49,58.49,300,17547.0
1690438477,58.49,58.49,58.49,58.49,0,0.0
1690438478,58.49,58.49,58.49,58.49,0,0.0
1690438479,58.49,58.49,58.49,58.49,0,0.0
1690438480,58.49,58.49,58.49,58.49,0,0.0
1690438481,58.49,58.49,58.49,58.49,0,0.0
1690438482,58.49,58.49,58.49,58.49,300,17547.0
1690438483,58.49,58.49,58.49,58.49,0,0.0
1690438484,58.49,58.49,58.49,58.49,0,0.0
1690438485,58.49,58.49,58.49,58.49,0,0.0
1690438486,58.49,58.49,58.49,58.49,0,0.0
1690438487,58.49,58.49,58.49,58.49,100,5849.0
1690438488,58.49,58.49,58.49,58.49,0,0.0
1690438489,58.49,58.49,58.49,58.49,0,0.0
1690438490,58.49,58.49,58.49,58.49,0,0.0
1690438491,58.49,58.49,58.49,58.49,0,0.0
1690438492,58.49,58.49,58.49,58.49,0,0.0
1690438493,58.49,58.49,58.49,58.49,0,0.0
1690438494,58.49,58.49,58.49,58.49,0,0.0
1690438495,58.49,58.49,58.49,58.49,0,0.0
1690438496,58.49,58.49,58.49,58.49,0,0.0
1690438497,58.49,58.49,58.49,58.49,0,0.0
1690438498,58.49,58.49,58.49,58.49,0,0.0
1690438499,58.49,58.49,58.49,58.49,0,0.0
1690438500,58.49,58.49,58.49,58.49,100,5849.0
1690438501,58.49,58.49,58.49,58.49,700,40943.0
1690438502,58.49,58.49,58.49,58.49,0,0.0
1690438503,58.49,58.49,58.49,58.49,100,5849.0
1690438504,58.49,58.49,58.49,58.49,0,0.0
1690438505,58.49,58.49,58.49,58.49,0,0.0
1690438506,58.49,58.49,58.49,58.49,0,0.0
1690438507,58.49,58.49,58.49,58.49,0,0.0
1690438508,58.49,58.49,58.49,58.49,0,0.0
1690438509,58.49,58.49,58.49,58.49,0,0.0
1690438510,58.49,58.49,58.49,58.49,0,0.0
1690438511,58.48,58.48,58.48,58.48,100,5848.0
1690438512,58.48,58.48,58.47,58.47,1700,99402.0
1690438513,58.47,58.47,58.47,58.47,0,0.0
1690438514,58.47,58.47,58.47,58.47,1400,81858.0
1690438515,58.47,58.47,58.47,58.47,0,0.0
1690438516,58.47,58.47,58.47,58.47,300,17541.0
1690438517,58.47,58.47,58.47,58.47,2700,157869.0
1690438518,58.47,58.47,58.47,58.47,0,0.0
1690438519,58.47,58.47,58.47,58.47,0,0.0
1690438520,58.48,58.48,58.48,58.48,20400,1192992.0
1690438521,58.48,58.48,58.48,58.48,0,0.0
1690438522,58.48,58.48,58.48,58.48,0,0.0
1690438523,58.48,58.48,58.48,58.48,0,0.0
1690438524,58.48,58.48,58.48,58.48,0,0.0
1690438525,58.48,58.48,58.48,58.48,0,0.0
1690438526,58.48,58.48,58.48,58.48,0,0.0
1690438527,58.47,58.47,58.47,58.47,200,11694.0
1690438528,58.47,58.47,58.47,58.47,0,0.0
1690438529,58.47,58.47,58.47,58.47,0,0.0
1690438530,58.47,58.47,58.47,58.47,0,0.0
1690438531,58.47,58.47,58.47,58.47,0,0.0
1690438532,58.47,58.47,58.47,58.47,0,0.0
1690438533,58.47,58.47,58.47,58.47,0,0.0
1690438534,58.47,58.47,58.47,58.47,0,0.0
1690438535,58.48,58.48,58.48,58.48,100,5848.0
1690438536,58.48,58.48,58.48,58.48,0,0.0
1690438537,58.48,58.48,58.48,58.48,0,0.0
1690438538,58.48,58.48,58.48,58.48,0,0.0
1690438539,58.47,58.47,58.47,58.47,2100,122787.0
1690438540,58.47,58.47,58.47,58.47,0,0.0
1690438541,58.47,58.47,58.47,58.47,0,0.0
1690438542,58.47,58.47,58.47,58.47,0,0.0
1690438543,58.47,58.47,58.47,58.47,0,0.0
1690438544,58.47,58.47,58.47,58.47,0,0.0
1690438545,58.47,58.47,58.47,58.47,0,0.0
1690438546,58.47,58.47,58.47,58.47,300,17541.0
1690438547,58.47,58.47,58.47,58.47,0,0.0
1690438548,58.48,58.48,58.48,58.48,100,5848.0
1690438549,58.48,58.48,58.48,58.48,100,5848.0
1690438550,58.47,58.47,58.47,58.47,200,11694.0
1690438551,58.48,58.48,58.48,58.48,100,5848.0
1690438552,58.48,58.48,58.48,58.48,200,11696.0
1690438553,58.48,58.48,58.48,58.48,0,0.0
1690438554,58.47,58.47,58.47,58.47,800,46776.0
1690438555,58.47,58.47,58.47,58.47,0,0.0
1690438556,58.47,58.47,58.47,58.47,0,0.0
1690438557,58.48,58.48,58.48,58.48,300,17544.0
1690438558,58.48,58.48,58.48,58.48,0,0.0
1690438559,58.48,58.48,58.48,58.48,0,0.0
1690438560,58.48,58.48,58.48,58.48,100,5848.0
1690438561,58.48,58.48,58.48,58.48,0,0.0
1690438562,58.48,58.48,58.48,58.48,0,0.0
1690438563,58.48,58.48,58.48,58.48,0,0.0
1690438564,58.48,58.48,58.48,58.48,0,0.0
1690438565,58.48,58.48,58.48,58.48,0,0.0
1690438566,58.48,58.48,58.48,58.48,0,0.0
1690438567,58.48,58.48,58.48,58.48,0,0.0
1690438568,58.47,58.47,58.47,58.47,4900,286503.0
1690438569,58.47,58.47,58.47,58.47,0,0.0
1690438570,58.47,58.47,58.47,58.47,0,0.0
1690438571,58.47,58.47,58.47,58.47,0,0.0
1690438572,58.47,58.47,58.47,58.47,0,0.0
1690438573,58.47,58.47,58.47,58.47,0,0.0
1690438574,58.47,58.47,58.47,58.47,300,17541.0
1690438575,58.47,58.47,58.47,58.47,0,0.0
1690438576,58.47,58.47,58.47,58.47,900,52623.0
1690438577,58.47,58.47,58.47,58.47,0,0.0
1690438578,58.47,58.47,58.47,58.47,0,0.0
1690438579,58.47,58.47,58.47,58.47,0,0.0
1690438580,58.47,58.47,58.47,58.47,0,0.0
1690438581,58.47,58.47,58.47,58.47,0,0.0
1690438582,58.47,58.47,58.47,58.47,0,0.0
1690438583,58.47,58.47,58.47,58.47,0,0.0
1690438584,58.47,58.47,58.46,58.46,4700,274769.0
1690438585,58.47,58.47,58.47,58.47,1100,64317.0
1690438586,58.47,58.47,58.47,58.47,0,0.0
1690438587,58.46,58.46,58.46,58.46,300,17538.0
1690438588,58.46,58.46,58.46,58.46,0,0.0
1690438589,58.47,58.47,58.47,58.47,200,11694.0
1690438590,58.46,58.46,58.46,58.46,900,52614.0
1690438591,58.46,58.46,58.46,58.46,0,0.0
1690438592,58.46,58.46,58.46,58.46,0,0.0
1690438593,58.46,58.46,58.46,58.46,0,0.0
1690438594,58.46,58.46,58.46,58.46,0,0.0
1690438595,58.46,58.46,58.46,58.46,100,5846.0
1690438596,58.46,58.46,58.46,58.46,0,0.0
1690438597,58.46,58.46,58.46,58.46,0,0.0
1690438598,58.46,58.46,58.46,58.46,0,0.0
1690438599,58.46,58.46,58.46,58.46,0,0.0
1690438600,58.46,58.46,58.46,58.46,2100,122766.0
1690438601,58.46,58.46,58.46,58.46,0,0.0
1690438602,58.46,58.46,58.46,58.46,0,0.0
1690438603,58.46,58.46,58.46,58.46,0,0.0
1690438604,58.46,58.46,58.46,58.46,0,0.0
1690438605,58.47,58.47,58.47,58.47,1000,58470.0
1690438606,58.46,58.46,58.46,58.46,600,35076.0
1690438607,58.46,58.46,58.46,58.46,0,0.0
1690438608,58.46,58.46,58.46,58.46,0,0.0
1690438609,58.46,58.46,58.46,58.46,1400,81844.0
1690438610,58.46,58.46,58.46,58.46,0,0.0
1690438611,58.46,58.46,58.46,58.46,0,0.0
1690438612,58.46,58.46,58.46,58.46,0,0.0
1690438613,58.46,58.46,58.46,58.46,0,0.0
1690438614,58.46,58.46,58.46,58.46,0,0.0
1690438615,58.46,58.46,58.46,58.46,0,0.0
1690438616,58.46,58.46,58.46,58.46,0,0.0
1690438617,58.46,58.46,58.46,58.46,100,5846.0
1690438618,58.46,58.46,58.46,58.46,0,0.0
1690438619,58.46,58.46,58.46,58.46,200,11692.0
1690438620,58.46,58.46,58.46,58.46,0,0.0
1690438621,58.46,58.46,58.46,58.46,0,0.0
1690438622,58.46,58.46,58.46,58.46,1100,64306.0
1690438623,58.46,58.46,58.46,58.46,0,0.0
1690438624,58.45,58.45,58.45,58.45,200,11690.0
1690438625,58.45,58.45,58.45,58.45,0,0.0
1690438626,58.45,58.45,58.45,58.45,0,0.0
1690438627,58.45,58.45,58.45,58.45,0,0.0
1690438628,58.46,58.46,58.45,58.45,3300,192886.0
1690438629,58.45,58.45,58.45,58.45,0,0.0
1690438630,58.45,58.45,58.45,58.45,600,35070.0
1690438631,58.45,58.45,58.45,58.45,0,0.0
1690438632,58.44,58.44,58.44,58.44,1200,70128.0
1690438633,58.44,58.44,58.44,58.44,1200,70128.0
1690438634,58.44,58.44,58.44,58.44,0,0.0
1690438635,58.44,58.44,58.44,58.44,0,0.0
1690438636,58.44,58.44,58.44,58.44,0,0.0
1690438637,58.44,58.44,58.44,58.44,0,0.0
1690438638,58.44,58.44,58.44,58.44,0,0.0
1690438639,58.44,58.44,58.44,58.44,0,0.0
1690438640,58.44,58.44,58.44,58.44,0,0.0
1690438641,58.44,58.44,58.44,58.44,0,0.0
1690438642,58.44,58.44,58.44,58.44,0,0.0
1690438643,58.44,58.44,58.44,58.44,0,0.0
1690438644,58.44,58.44,58.44,58.44,0,0.0
1690438645,58.44,58.44,58.44,58.44,0,0.0
1690438646,58.44,58.44,58.44,58.44,0,0.0
1690438647,58.44,58.44,58.44,58.44,0,0.0
1690438648,58.44,58.44,58.44,58.44,0,0.0
1690438649,58.44,58.44,58.44,58.44,100,5844.0
1690438650,58.44,58.44,58.44,58.44,0,0.0
1690438651,58.44,58.44,58.44,58.44,200,11688.0
1690438652,58.44,58.44,58.44,58.44,0,0.0
1690438653,58.44,58.44,58.44,58.44,0,0.0
1690438654,58.44,58.44,58.44,58.44,0,0.0
1690438655,58.44,58.44,58.44,58.44,100,5844.0
1690438656,58.44,58.44,58.44,58.44,0,0.0
1690438657,58.45,58.45,58.45,58.45,500,29225.0
1690438658,58.45,58.45,58.45,58.45,0,0.0
1690438659,58.45,58.45,58.45,58.45,0,0.0
1690438660,58.45,58.45,58.45,58.45,0,0.0
1690438661,58.45,58.45,58.45,58.45,0,0.0
1690438662,58.45,58.45,58.45,58.45,0,0.0
1690438663,58.45,58.45,58.45,58.45,0,0.0
1690438664,58.45,58.45,58.45,58.45,0,0.0
1690438665,58.45,58.45,58.45,58.45,0,0.0
1690438666,58.44,58.44,58.44,58.44,2400,140256.0
1690438667,58.44,58.44,58.44,58.44,0,0.0
1690438668,58.45,58.45,58.45,58.45,400,23380.0
1690438669,58.45,58.45,58.45,58.45,0,0.0
1690438670,58.45,58.45,58.45,58.45,0,0.0
1690438671,58.45,58.45,58.45,58.45,2300,134435.0
1690438672,58.45,58.45,58.45,58.45,0,0.0
1690438673,58.45,58.45,58.45,58.45,0,0.0
1690438674,58.45,58.45,58.45,58.45,0,0.0
1690438675,58.45,58.45,58.45,58.45,0,0.0
1690438676,58.44,58.45,58.44,58.45,600,35068.0
1690438677,58.45,58.45,58.45,58.45,0,0.0
1690438678,58.45,58.45,58.45,58.45,0,0.0
1690438679,58.45,58.45,58.45,58.45,0,0.0
1690438680,58.45,58.45,58.45,58.45,0,0.0
1690438681,58.44,58.45,58.44,58.45,900,52603.0
1690438682,58.45,58.45,58.45,58.45,0,0.0
1690438683,58.45,58.45,58.45,58.45,0,0.0
1690438684,58.45,58.45,58.44,58.44,4700,274702.0
1690438685,58.45,58.45,58.45,58.45,3300,192885.0
1690438686,58.45,58.45,58.45,58.45,0,0.0
1690438687,58.45,58.45,58.45,58.45,0,0.0
1690438688,58.45,58.45,58.45,58.45,0,0.0
1690438689,58.45,58.45,58.45,58.45,0,0.0
1690438690,58.45,58.45,58.45,58.45,0,0.0
1690438691,58.45,58.45,58.45,58.45,0,0.0
1690438692,58.45,58.45,58.45,58.45,100,5845.0
1690438693,58.45,58.45,58.45,58.45,0,0.0
1690438694,58.45,58.45,58.45,58.45,0,0.0
1690438695,58.45,58.45,58.45,58.45,900,52605.0
1690438696,58.45,58.45,58.45,58.45,0,0.0
1690438697,58.45,58.45,58.45,58.45,0,0.0
1690438698,58.45,58.45,58.45,58.45,200,11690.0
1690438699,58.45,58.45,58.45,58.45,0,0.0
1690438700,58.45,58.45,58.45,58.45,700,40915.0
1690438701,58.45,58.45,58.45,58.45,300,17535.0
1690438702,58.45,58.45,58.45,58.45,0,0.0
1690438703,58.45,58.45,58.44,58.45,400,23379.0
1690438704,58.45,58.45,58.45,58.45,0,0.0
1690438705,58.45,58.45,58.45,58.45,0,0.0
1690438706,58.45,58.45,58.45,58.45,0,0.0
1690438707,58.45,58.45,58.45,58.45,0,0.0
1690438708,58.45,58.45,58.45,58.45,300,17535.0
1690438709,58.45,58.45,58.45,58.45,0,0.0
1690438710,58.45,58.45,58.45,58.45,0,0.0
1690438711,58.44,58.44,58.44,58.44,200,11688.0
1690438712,58.44,58.44,58.44,58.44,0,0.0
1690438713,58.44,58.44,58.44,58.44,0,0.0
1690438714,58.45,58.45,58.45,58.45,100,5845.0
1690438715,58.45,58.45,58.45,58.45,0,0.0
1690438716,58.45,58.45,58.45,58.45,600,35070.0
1690438717,58.45,58.45,58.45,58.45,0,0.0
1690438718,58.45,58.45,58.45,58.45,0,0.0
1690438719,58.45,58.45,58.45,58.45,100,5845.0
1690438720,58.44,58.44,58.44,58.44,400,23376.0
1690438721,58.44,58.44,58.44,58.44,0,0.0
1690438722,58.44,58.44,58.44,58.44,0,0.0
1690438723,58.44,58.44,58.44,58.44,0,0.0
1690438724,58.45,58.45,58.45,58.45,7100,414995.0
1690438725,58.45,58.45,58.45,58.45,900,52605.0
1690438726,58.45,58.45,58.45,58.45,0,0.0
1690438727,58.44,58.45,58.44,58.45,400,23379.0
1690438728,58.45,58.45,58.45,58.45,0,0.0
1690438729,58.45,58.45,58.45,58.45,0,0.0
1690438730,58.45,58.45,58.45,58.45,200,11690.0
1690438731,58.45,58.45,58.45,58.45,0,0.0
1690438732,58.45,58.45,58.45,58.45,100,5845.0
1690438733,58.45,58.45,58.45,58.45,200,11690.0
1690438734,58.45,58.45,58.45,58.45,0,0.0
1690438735,58.45,58.45,58.44,58.44,2200,128569.0
1690438736,58.45,58.45,58.45,58.45,800,46760.0
1690438737,58.45,58.45,58.45,58.45,0,0.0
1690438738,58.45,58.45,58.45,58.45,0,0.0
1690438739,58.45,58.45,58.45,58.45,0,0.0
1690438740,58.44,58.45,58.44,58.45,200,11689.0
1690438741,58.45,58.45,58.44,58.44,400,23377.0
1690438742,58.44,58.44,58.44,58.44,0,0.0
1690438743,58.45,58.45,58.45,58.45,2100,122745.0
1690438744,58.45,58.45,58.45,58.45,0,0.0
1690438745,58.45,58.45,58.45,58.45,0,0.0
1690438746,58.45,58.46,58.45,58.46,700,40916.0
1690438747,58.46,58.46,58.46,58.46,0,0.0
1690438748,58.46,58.46,58.46,58.46,0,0.0
1690438749,58.46,58.46,58.46,58.46,0,0.0
1690438750,58.46,58.46,58.46,58.46,0,0.0
1690438751,58.46,58.46,58.46,58.46,0,0.0
1690438752,58.45,58.45,58.45,58.45,800,46760.0
1690438753,58.45,58.45,58.45,58.45,0,0.0
1690438754,58.45,58.45,58.45,58.45,100,5845.0
1690438755,58.45,58.45,58.45,58.45,600,35070.0
1690438756,58.45,58.45,58.45,58.45,0,0.0
1690438757,58.45,58.45,58.45,58.45,600,35070.0
1690438758,58.45,58.45,58.45,58.45,0,0.0
1690438759,58.45,58.45,58.45,58.45,0,0.0
1690438760,58.45,58.45,58.45,58.45,0,0.0
1690438761,58.45,58.45,58.45,58.45,0,0.0
1690438762,58.45,58.45,58.45,58.45,0,0.0
1690438763,58.45,58.45,58.45,58.45,0,0.0
1690438764,58.45,58.45,58.45,58.45,0,0.0
1690438765,58.45,58.45,58.45,58.45,0,0.0
1690438766,58.45,58.45,58.45,58.45,0,0.0
1690438767,58.45,58.45,58.45,58.45,0,0.0
1690438768,58.46,58.46,58.46,58.46,100,5846.0
1690438769,58.46,58.46,58.46,58.46,0,0.0
1690438770,58.46,58.46,58.46,58.46,0,0.0
1690438771,58.46,58.46,58.46,58.46,0,0.0
1690438772,58.46,58.46,58.46,58.46,0,0.0
1690438773,58.46,58.46,58.46,58.46,0,0.0
1690438774,58.45,58.45,58.45,58.45,300,17535.0
1690438775,58.45,58.45,58.45,58.45,0,0.0
1690438776,58.45,58.45,58.45,58.45,0,0.0
1690438777,58.45,58.45,58.45,58.45,0,0.0
1690438778,58.45,58.45,58.45,58.45,500,29225.0
1690438779,58.45,58.45,58.45,58.45,0,0.0
1690438780,58.45,58.45,58.45,58.45,0,0.0
1690438781,58.45,58.45,58.45,58.45,0,0.0
1690438782,58.45,58.45,58.45,58.45,0,0.0
1690438783,58.45,58.45,58.45,58.45,0,0.0
1690438784,58.45,58.45,58.45,58.45,600,35070.0
1690438785,58.45,58.45,58.45,58.45,0,0.0
1690438786,58.44,58.44,58.44,58.44,200,11688.0
1690438787,58.44,58.44,58.44,58.44,0,0.0
1690438788,58.44,58.44,58.44,58.44,0,0.0
1690438789,58.44,58.44,58.44,58.44,0,0.0
1690438790,58.45,58.45,58.45,58.45,300,17535.0
1690438791,58.45,58.45,58.45,58.45,0,0.0
1690438792,58.44,58.45,58.44,58.45,2500,146101.0
1690438793,58.45,58.45,58.45,58.45,0,0.0
1690438794,58.45,58.45,58.45,58.45,0,0.0
1690438795,58.45,58.45,58.45,58.45,0,0.0
1690438796,58.45,58.45,58.45,58.45,0,0.0
1690438797,58.45,58.45,58.45,58.45,0,0.0
1690438798,58.45,58.45,58.45,58.45,0,0.0
1690438799,58.45,58.45,58.45,58.45,0,0.0
1690438800,58.45,58.45,58.45,58.45,0,0.0
1690438801,58.45,58.45,58.45,58.45,2000,116900.0
1690438802,58.45,58.45,58.45,58.45,0,0.0
1690438803,58.45,58.45,58.45,58.45,0,0.0
1690438804,58.45,58.45,58.45,58.45,0,0.0
1690438805,58.45,58.45,58.45,58.45,0,0.0
1690438806,58.45,58.45,58.45,58.45,0,0.0
1690438807,58.45,58.45,58.45,58.45,0,0.0
1690438808,58.45,58.45,58.45,58.45,300,17535.0
1690438809,58.45,58.45,58.45,58.45,100,5845.0
1690438810,58.45,58.45,58.45,58.45,0,0.0
1690438811,58.44,58.44,58.44,58.44,100,5844.0
1690438812,58.44,58.44,58.44,58.44,0,0.0
1690438813,58.44,58.44,58.44,58.44,0,0.0
1690438814,58.44,58.44,58.44,58.44,0,0.0
1690438815,58.44,58.44,58.44,58.44,0,0.0
1690438816,58.44,58.44,58.44,58.44,200,11688.0
1690438817,58.44,58.44,58.44,58.44,6000,350640.0
1690438818,58.44,58.44,58.44,58.44,0,0.0
1690438819,58.45,58.45,58.45,58.45,300,17535.0
1690438820,58.45,58.45,58.45,58.45,0,0.0
1690438821,58.44,58.44,58.44,58.44,100,5844.0
1690438822,58.45,58.45,58.45,58.45,1000,58450.0
1690438823,58.45,58.45,58.45,58.45,0,0.0
1690438824,58.45,58.45,58.45,58.45,0,0.0
1690438825,58.45,58.45,58.45,58.45,1100,64295.0
1690438826,58.45,58.45,58.45,58.45,0,0.0
1690438827,58.45,58.45,58.45,58.45,700,40915.0
1690438828,58.45,58.45,58.45,58.45,0,0.0
1690438829,58.44,58.44,58.44,58.44,10000,584400.0
1690438830,58.44,58.44,58.44,58.44,0,0.0
1690438831,58.44,58.44,58.44,58.44,0,0.0
1690438832,58.44,58.44,58.44,58.44,0,0.0
1690438833,58.45,58.45,58.45,58.45,300,17535.0
1690438834,58.45,58.45,58.45,58.45,0,0.0
1690438835,58.45,58.45,58.45,58.45,0,0.0
1690438836,58.45,58.45,58.45,58.45,0,0.0
1690438837,58.45,58.45,58.45,58.45,0,0.0
1690438838,58.44,58.44,58.44,58.44,300,17532.0
1690438839,58.44,58.44,58.44,58.44,0,0.0
1690438840,58.45,58.45,58.45,58.45,6000,350700.0
1690438841,58.45,58.45,58.45,58.45,2900,169505.0
1690438842,58.45,58.45,58.45,58.45,0,0.0
1690438843,58.45,58.45,58.45,58.45,0,0.0
1690438844,58.45,58.45,58.45,58.45,0,0.0
1690438845,58.45,58.45,58.45,58.45,0,0.0
1690438846,58.45,58.45,58.44,58.44,200,11689.0
1690438847,58.44,58.44,58.44,58.44,0,0.0
1690438848,58.44,58.44,58.44,58.44,0,0.0
1690438849,58.45,58.45,58.45,58.45,1400,81830.0
1690438850,58.45,58.45,58.45,58.45,0,0.0
1690438851,58.45,58.45,58.45,58.45,0,0.0
1690438852,58.45,58.45,58.45,58.45,0,0.0
1690438853,58.45,58.45,58.45,58.45,0,0.0
1690438854,58.45,58.45,58.45,58.45,0,0.0
1690438855,58.45,58.45,58.45,58.45,400,23380.0
1690438856,58.45,58.45,58.45,58.45,0,0.0
1690438857,58.46,58.46,58.46,58.46,400,23384.0
1690438858,58.46,58.46,58.46,58.46,0,0.0
1690438859,58.46,58.46,58.46,58.46,0,0.0
1690438860,58.46,58.46,58.46,58.46,0,0.0
1690438861,58.46,58.46,58.46,58.46,0,0.0
1690438862,58.46,58.46,58.46,58.46,0,0.0
1690438863,58.46,58.46,58.46,58.46,0,0.0
1690438864,58.46,58.46,58.46,58.46,0,0.0
1690438865,58.46,58.46,58.46,58.46,200,11692.0
1690438866,58.46,58.46,58.46,58.46,800,46768.0
1690438867,58.46,58.46,58.46,58.46,400,23384.0
1690438868,58.47,58.47,58.47,58.47,1000,58470.0
1690438869,58.47,58.47,58.47,58.47,0,0.0
1690438870,58.47,58.47,58.47,58.47,0,0.0
1690438871,58.47,58.47,58.47,58.47,0,0.0
1690438872,58.47,58.47,58.47,58.47,0,0.0
1690438873,58.47,58.47,58.47,58.47,800,46776.0
1690438874,58.47,58.47,58.47,58.47,0,0.0
1690438875,58.47,58.47,58.47,58.47,0,0.0
1690438876,58.46,58.46,58.46,58.46,200,11692.0
1690438877,58.46,58.46,58.46,58.46,0,0.0
1690438878,58.46,58.46,58.46,58.46,0,0.0
1690438879,58.46,58.46,58.46,58.46,0,0.0
1690438880,58.46,58.46,58.46,58.46,0,0.0
1690438881,58.47,58.47,58.47,58.47,800,46776.0
1690438882,58.47,58.47,58.47,58.47,500,29235.0
1690438883,58.47,58.47,58.47,58.47,0,0.0
1690438884,58.46,58.47,58.46,58.47,1500,87691.0
1690438885,58.47,58.47,58.47,58.47,0,0.0
1690438886,58.47,58.47,58.47,58.47,0,0.0
1690438887,58.47,58.47,58.47,58.47,0,0.0
1690438888,58.47,58.47,58.47,58.47,0,0.0
1690438889,58.47,58.47,58.47,58.47,0,0.0
1690438890,58.46,58.46,58.46,58.46,100,5846.0
1690438891,58.46,58.46,58.46,58.46,0,0.0
1690438892,58.46,58.46,58.46,58.46,0,0.0
1690438893,58.46,58.46,58.46,58.46,0,0.0
1690438894,58.46,58.46,58.46,58.46,0,0.0
1690438895,58.46,58.46,58.46,58.46,700,40922.0
1690438896,58.46,58.46,58.46,58.46,0,0.0
1690438897,58.46,58.46,58.46,58.46,0,0.0
1690438898,58.46,58.46,58.46,58.46,0,0.0
1690438899,58.46,58.46,58.46,58.46,0,0.0
1690438900,58.47,58.47,58.47,58.47,500,29235.0
1690438901,58.47,58.47,58.47,58.47,0,0.0
1690438902,58.47,58.47,58.47,58.47,0,0.0
1690438903,58.47,58.47,58.47,58.47,100,5847.0
1690438904,58.47,58.47,58.47,58.47,0,0.0
1690438905,58.47,58.47,58.47,58.47,0,0.0
1690438906,58.47,58.47,58.47,58.47,0,0.0
1690438907,58.47,58.47,58.47,58.47,0,0.0
1690438908,58.47,58.47,58.46,58.46,2800,163695.0
1690438909,58.46,58.46,58.46,58.46,0,0.0
1690438910,58.46,58.46,58.46,58.46,0,0.0
1690438911,58.46,58.46,58.46,58.46,0,0.0
1690438912,58.46,58.46,58.46,58.46,0,0.0
1690438913,58.46,58.46,58.46,58.46,0,0.0
1690438914,58.46,58.46,58.46,58.46,0,0.0
1690438915,58.46,58.46,58.46,58.46,0,0.0
1690438916,58.46,58.46,58.46,58.46,0,0.0
1690438917,58.46,58.46,58.46,58.46,0,0.0
1690438918,58.46,58.46,58.46,58.46,0,0.0
1690438919,58.46,58.46,58.46,58.46,2400,140304.0
1690438920,58.46,58.46,58.46,58.46,0,0.0
1690438921,58.46,58.46,58.46,58.46,300,17538.0
1690438922,58.46,58.46,58.46,58.46,0,0.0
1690438923,58.46,58.46,58.46,58.46,0,0.0
1690438924,58.46,58.46,58.46,58.46,0,0.0
1690438925,58.46,58.46,58.46,58.46,0,0.0
1690438926,58.46,58.46,58.46,58.46,0,0.0
1690438927,58.47,58.47,58.47,58.47,700,40929.0
1690438928,58.47,58.47,58.47,58.47,0,0.0
1690438929,58.46,58.46,58.46,58.46,100,5846.0
1690438930,58.46,58.46,58.46,58.46,0,0.0
1690438931,58.46,58.46,58.46,58.46,0,0.0
1690438932,58.47,58.47,58.47,58.47,100,5847.0
1690438933,58.46,58.46,58.46,58.46,100,5846.0
1690438934,58.46,58.46,58.46,58.46,0,0.0
1690438935,58.47,58.47,58.47,58.47,100,5847.0
1690438936,58.47,58.47,58.47,58.47,0,0.0
1690438937,58.47,58.47,58.47,58.47,0,0.0
1690438938,58.47,58.47,58.47,58.47,500,29235.0
1690438939,58.47,58.47,58.47,58.47,0,0.0
1690438940,58.47,58.47,58.47,58.47,0,0.0
1690438941,58.47,58.47,58.47,58.47,400,23388.0
1690438942,58.47,58.47,58.47,58.47,0,0.0
1690438943,58.47,58.47,58.47,58.47,0,0.0
1690438944,58.46,58.46,58.46,58.46,300,17538.0
1690438945,58.46,58.46,58.46,58.46,0,0.0
1690438946,58.46,58.46,58.46,58.46,0,0.0
1690438947,58.46,58.46,58.46,58.46,0,0.0
1690438948,58.46,58.46,58.46,58.46,0,0.0
1690438949,58.46,58.46,58.46,58.46,0,0.0
1690438950,58.46,58.46,58.46,58.46,0,0.0
1690438951,58.46,58.46,58.46,58.46,300,17538.0
1690438952,58.47,58.47,58.47,58.47,100,5847.0
1690438953,58.47,58.47,58.47,58.47,0,0.0
1690438954,58.46,58.46,58.46,58.46,1000,58460.0
1690438955,58.46,58.46,58.46,58.46,0,0.0
1690438956,58.46,58.46,58.46,58.46,0,0.0
1690438957,58.46,58.46,58.46,58.46,0,0.0
1690438958,58.46,58.46,58.46,58.46,0,0.0
1690438959,58.46,58.46,58.46,58.46,0,0.0
1690438960,58.46,58.46,58.46,58.46,0,0.0
1690438961,58.46,58.46,58.46,58.46,0,0.0
1690438962,58.46,58.46,58.46,58.46,0,0.0
1690438963,58.47,58.47,58.47,58.47,500,29235.0
1690438964,58.47,58.47,58.47,58.47,0,0.0
1690438965,58.46,58.46,58.46,58.46,1100,64306.0
1690438966,58.46,58.46,58.46,58.46,0,0.0
1690438967,58.46,58.46,58.46,58.46,0,0.0
1690438968,58.46,58.47,58.46,58.47,900,52622.0
1690438969,58.47,58.47,58.47,58.47,0,0.0
1690438970,58.46,58.46,58.46,58.46,100,5846.0
1690438971,58.46,58.46,58.46,58.46,0,0.0
1690438972,58.46,58.46,58.46,58.46,0,0.0
1690438973,58.46,58.46,58.46,58.46,0,0.0
1690438974,58.46,58.46,58.46,58.46,0,0.0
1690438975,58.46,58.46,58.46,58.46,0,0.0
1690438976,58.47,58.47,58.47,58.47,400,23388.0
1690438977,58.47,58.47,58.47,58.47,0,0.0
1690438978,58.47,58.47,58.47,58.47,0,0.0
1690438979,58.47,58.47,58.47,58.47,300,17541.0
1690438980,58.47,58.47,58.47,58.47,100,5847.0
1690438981,58.46,58.47,58.46,58.47,800,46773.0
1690438982,58.47,58.47,58.47,58.47,0,0.0
1690438983,58.47,58.47,58.47,58.47,0,0.0
1690438984,58.47,58.47,58.47,58.47,0,0.0
1690438985,58.47,58.47,58.47,58.47,0,0.0
1690438986,58.47,58.47,58.47,58.47,100,5847.0
1690438987,58.47,58.47,58.47,58.47,0,0.0
1690438988,58.47,58.47,58.47,58.47,0,0.0
1690438989,58.47,58.47,58.47,58.47,0,0.0
1690438990,58.47,58.47,58.47,58.47,0,0.0
1690438991,58.47,58.47,58.47,58.47,0,0.0
1690438992,58.47,58.47,58.47,58.47,0,0.0
1690438993,58.47,58.47,58.47,58.47,0,0.0
1690438994,58.47,58.47,58.47,58.47,0,0.0
1690438995,58.47,58.47,58.47,58.47,100,5847.0
1690438996,58.47,58.47,58.47,58.47,0,0.0
1690438997,58.47,58.47,58.47,58.47,0,0.0
1690438998,58.47,58.47,58.47,58.47,800,46776.0
1690438999,58.47,58.47,58.47,58.47,400,23388.0
1690439000,58.47,58.47,58.47,58.47,300,17541.0
1690439001,58.47,58.47,58.47,58.47,0,0.0
1690439002,58.47,58.47,58.47,58.47,100,5847.0
1690439003,58.47,58.47,58.47,58.47,100,5847.0
1690439004,58.47,58.47,58.47,58.47,0,0.0
1690439005,58.47,58.47,58.47,58.47,0,0.0
1690439006,58.47,58.47,58.47,58.47,0,0.0
1690439007,58.47,58.47,58.47,58.47,0,0.0
1690439008,58.46,58.46,58.46,58.46,200,11692.0
1690439009,58.46,58.46,58.46,58.46,0,0.0
1690439010,58.46,58.46,58.46,58.46,0,0.0
1690439011,58.46,58.46,58.46,58.46,300,17538.0
1690439012,58.46,58.46,58.46,58.46,0,0.0
1690439013,58.46,58.46,58.46,58.46,0,0.0
1690439014,58.46,58.46,58.46,58.46,100,5846.0
1690439015,58.46,58.46,58.46,58.46,0,0.0
1690439016,58.46,58.46,58.46,58.46,0,0.0
1690439017,58.46,58.46,58.46,58.46,0,0.0
1690439018,58.46,58.46,58.46,58.46,0,0.0
1690439019,58.47,58.47,58.47,58.47,300,17541.0
1690439020,58.47,58.47,58.47,58.47,0,0.0
1690439021,58.47,58.47,58.47,58.47,0,0.0
1690439022,58.47,58.47,58.47,58.47,100,5847.0
1690439023,58.47,58.47,58.47,58.47,0,0.0
1690439024,58.47,58.47,58.47,58.47,1800,105246.0
1690439025,58.47,58.47,58.47,58.47,500,29235.0
1690439026,58.47,58.47,58.47,58.47,400,23388.0
1690439027,58.47,58.47,58.47,58.47,0,0.0
1690439028,58.47,58.47,58.47,58.47,0,0.0
1690439029,58.47,58.47,58.47,58.47,0,0.0
1690439030,58.47,58.47,58.47,58.47,1000,58470.0
1690439031,58.47,58.47,58.47,58.47,0,0.0
1690439032,58.46,58.46,58.45,58.45,11100,648847.0
1690439033,58.45,58.45,58.45,58.45,0,0.0
1690439034,58.45,58.45,58.45,58.45,0,0.0
1690439035,58.46,58.46,58.46,58.46,200,11692.0
1690439036,58.46,58.46,58.46,58.46,0,0.0
1690439037,58.47,58.47,58.47,58.47,100,5847.0
1690439038,58.46,58.46,58.46,58.46,300,17538.0
1690439039,58.46,58.46,58.46,58.46,0,0.0
1690439040,58.47,58.47,58.47,58.47,100,5847.0
1690439041,58.47,58.47,58.47,58.47,0,0.0
1690439042,58.47,58.47,58.47,58.47,0,0.0
1690439043,58.46,58.46,58.46,58.46,2800,163688.0
1690439044,58.46,58.46,58.46,58.46,100,5846.0
1690439045,58.47,58.47,58.47,58.47,400,23388.0
1690439046,58.46,58.46,58.45,58.45,2300,134445.0
1690439047,58.45,58.45,58.45,58.45,0,0.0
1690439048,58.45,58.45,58.45,58.45,0,0.0
1690439049,58.45,58.45,58.45,58.45,0,0.0
1690439050,58.45,58.45,58.45,58.45,0,0.0
1690439051,58.45,58.45,58.45,58.45,0,0.0
1690439052,58.45,58.45,58.45,58.45,0,0.0
1690439053,58.45,58.45,58.45,58.45,0,0.0
1690439054,58.45,58.45,58.45,58.45,0,0.0
1690439055,58.45,58.45,58.45,58.45,0,0.0
1690439056,58.45,58.45,58.45,58.45,0,0.0
1690439057,58.47,58.47,58.46,58.46,300,17539.0
1690439058,58.46,58.46,58.46,58.46,0,0.0
1690439059,58.46,58.46,58.46,58.46,0,0.0
1690439060,58.45,58.45,58.45,58.45,100,5845.0
1690439061,58.47,58.47,58.47,58.47,100,5847.0
1690439062,58.47,58.47,58.47,58.47,0,0.0
1690439063,58.47,58.47,58.47,58.47,0,0.0
1690439064,58.47,58.47,58.47,58.47,0,0.0
1690439065,58.47,58.47,58.47,58.47,0,0.0
1690439066,58.47,58.47,58.47,58.47,0,0.0
1690439067,58.47,58.47,58.47,58.47,0,0.0
1690439068,58.47,58.47,58.47,58.47,0,0.0
1690439069,58.47,58.47,58.47,58.47,0,0.0
1690439070,58.47,58.47,58.47,58.47,0,0.0
1690439071,58.47,58.47,58.47,58.47,0,0.0
1690439072,58.47,58.47,58.47,58.47,0,0.0
1690439073,58.47,58.47,58.46,58.46,500,29232.0
1690439074,58.46,58.46,58.46,58.46,0,0.0
1690439075,58.46,58.46,58.46,58.46,0,0.0
1690439076,58.46,58.46,58.46,58.46,0,0.0
1690439077,58.46,58.46,58.46,58.46,0,0.0
1690439078,58.46,58.46,58.46,58.46,0,0.0
1690439079,58.46,58.46,58.46,58.46,0,0.0
1690439080,58.46,58.46,58.46,58.46,0,0.0
1690439081,58.46,58.46,58.46,58.46,0,0.0
1690439082,58.46,58.46,58.46,58.46,0,0.0
1690439083,58.46,58.46,58.46,58.46,0,0.0
1690439084,58.46,58.46,58.46,58.46,0,0.0
1690439085,58.46,58.46,58.46,58.46,0,0.0
1690439086,58.46,58.46,58.46,58.46,0,0.0
1690439087,58.46,58.47,58.46,58.47,200,11693.0
1690439088,58.47,58.47,58.47,58.47,0,0.0
1690439089,58.46,58.46,58.46,58.46,500,29230.0
1690439090,58.45,58.45,58.45,58.45,700,40915.0
1690439091,58.45,58.45,58.45,58.45,0,0.0
1690439092,58.46,58.46,58.46,58.46,100,5846.0
1690439093,58.46,58.46,58.46,58.46,0,0.0
1690439094,58.46,58.46,58.46,58.46,0,0.0
1690439095,58.46,58.46,58.46,58.46,500,29230.0
1690439096,58.46,58.46,58.46,58.46,0,0.0
1690439097,58.45,58.45,58.45,58.45,500,29225.0
1690439098,58.45,58.45,58.45,58.45,0,0.0
1690439099,58.45,58.45,58.45,58.45,0,0.0
1690439100,58.45,58.45,58.44,58.44,18700,1093012.0
1690439101,58.44,58.44,58.44,58.44,0,0.0
1690439102,58.44,58.44,58.44,58.44,2100,122724.0
1690439103,58.44,58.44,58.44,58.44,0,0.0
1690439104,58.44,58.44,58.44,58.44,0,0.0
1690439105,58.44,58.44,58.44,58.44,200,11688.0
1690439106,58.44,58.44,58.44,58.44,300,17532.0
1690439107,58.44,58.44,58.44,58.44,0,0.0
1690439108,58.45,58.45,58.45,58.45,100,5845.0
1690439109,58.45,58.45,58.45,58.45,0,0.0
1690439110,58.44,58.44,58.44,58.44,700,40908.0
1690439111,58.44,58.44,58.43,58.43,6100,356424.0
1690439112,58.43,58.43,58.43,58.43,0,0.0
1690439113,58.43,58.43,58.43,58.43,1000,58430.0
1690439114,58.43,58.43,58.43,58.43,2700,157761.0
1690439115,58.43,58.43,58.43,58.43,0,0.0
1690439116,58.43,58.43,58.43,58.43,0,0.0
1690439117,58.43,58.43,58.43,58.43,100,5843.0
1690439118,58.43,58.43,58.43,58.43,0,0.0
1690439119,58.43,58.43,58.43,58.43,500,29215.0
1690439120,58.43,58.43,58.43,58.43,0,0.0
1690439121,58.42,58.42,58.41,58.41,12800,747658.0
1690439122,58.41,58.41,58.41,58.41,0,0.0
1690439123,58.41,58.41,58.41,58.41,0,0.0
1690439124,58.41,58.42,58.41,58.42,1100,64261.0
1690439125,58.42,58.42,58.42,58.42,0,0.0
1690439126,58.41,58.42,58.41,58.42,6500,379670.0
1690439127,58.41,58.41,58.41,58.41,1500,87615.0
1690439128,58.41,58.41,58.41,58.41,0,0.0
1690439129,58.41,58.41,58.41,58.41,0,0.0
1690439130,58.4,58.4,58.4,58.4,3200,186880.0
1690439131,58.4,58.4,58.4,58.4,0,0.0
1690439132,58.4,58.4,58.4,58.4,200,11680.0
1690439133,58.4,58.4,58.4,58.4,600,35040.0
1690439134,58.4,58.4,58.4,58.4,0,0.0
1690439135,58.4,58.4,58.39,58.39,2000,116788.0
1690439136,58.39,58.39,58.39,58.39,0,0.0
1690439137,58.39,58.39,58.39,58.39,0,0.0
1690439138,58.4,58.4,58.4,58.4,100,5840.0
1690439139,58.4,58.4,58.4,58.4,0,0.0
1690439140,58.4,58.4,58.4,58.4,0,0.0
1690439141,58.4,58.4,58.4,58.4,1000,58400.0
1690439142,58.4,58.4,58.4,58.4,0,0.0
1690439143,58.4,58.4,58.4,58.4,100,5840.0
1690439144,58.4,58.4,58.4,58.4,0,0.0
1690439145,58.4,58.4,58.4,58.4,0,0.0
1690439146,58.4,58.4,58.39,58.39,300,17519.0
1690439147,58.39,58.39,58.39,58.39,0,0.0
1690439148,58.4,58.4,58.4,58.4,100,5840.0
1690439149,58.4,58.4,58.4,58.4,0,0.0
1690439150,58.4,58.4,58.4,58.4,0,0.0
1690439151,58.4,58.4,58.4,58.4,500,29200.0
1690439152,58.4,58.4,58.4,58.4,0,0.0
1690439153,58.4,58.4,58.4,58.4,0,0.0
1690439154,58.39,58.39,58.39,58.39,200,11678.0
1690439155,58.39,58.39,58.39,58.39,0,0.0
1690439156,58.39,58.39,58.39,58.39,0,0.0
1690439157,58.4,58.4,58.4,58.4,100,5840.0
1690439158,58.4,58.4,58.4,58.4,0,0.0
1690439159,58.4,58.4,58.4,58.4,500,29200.0
1690439160,58.4,58.4,58.4,58.4,0,0.0
1690439161,58.4,58.4,58.4,58.4,0,0.0
1690439162,58.4,58.4,58.4,58.4,0,0.0
1690439163,58.4,58.4,58.4,58.4,0,0.0
1690439164,58.4,58.4,58.4,58.4,0,0.0
1690439165,58.39,58.39,58.39,58.39,1300,75907.0
1690439166,58.39,58.39,58.39,58.39,0,0.0
1690439167,58.39,58.39,58.39,58.39,0,0.0
1690439168,58.39,58.39,58.39,58.39,0,0.0
1690439169,58.39,58.39,58.39,58.39,0,0.0
1690439170,58.39,58.39,58.39,58.39,0,0.0
1690439171,58.39,58.39,58.39,58.39,0,0.0
1690439172,58.39,58.4,58.39,58.4,2300,134298.0
1690439173,58.4,58.4,58.4,58.4,0,0.0
1690439174,58.4,58.4,58.4,58.4,0,0.0
1690439175,58.4,58.4,58.4,58.4,100,5840.0
1690439176,58.4,58.4,58.4,58.4,0,0.0
1690439177,58.4,58.4,58.4,58.4,0,0.0
1690439178,58.39,58.39,58.39,58.39,6600,385374.0
1690439179,58.39,58.39,58.39,58.39,0,0.0
1690439180,58.39,58.39,58.39,58.39,0,0.0
1690439181,58.39,58.39,58.39,58.39,100,5839.0
1690439182,58.39,58.39,58.39,58.39,0,0.0
1690439183,58.39,58.39,58.39,58.39,0,0.0
1690439184,58.39,58.39,58.39,58.39,0,0.0
1690439185,58.39,58.39,58.39,58.39,0,0.0
1690439186,58.39,58.39,58.39,58.39,0,0.0
1690439187,58.39,58.39,58.39,58.39,0,0.0
1690439188,58.39,58.39,58.39,58.39,0,0.0
1690439189,58.38,58.38,58.38,58.38,300,17514.0
1690439190,58.38,58.38,58.38,58.38,0,0.0
1690439191,58.38,58.38,58.38,58.38,100,5838.0
1690439192,58.39,58.39,58.39,58.39,400,23356.0
1690439193,58.39,58.39,58.39,58.39,0,0.0
1690439194,58.39,58.39,58.39,58.39,100,5839.0
1690439195,58.39,58.39,58.39,58.39,0,0.0
1690439196,58.39,58.39,58.39,58.39,0,0.0
1690439197,58.39,58.39,58.39,58.39,0,0.0
1690439198,58.39,58.39,58.39,58.39,100,5839.0
1690439199,58.39,58.39,58.39,58.39,0,0.0
1690439200,58.39,58.39,58.39,58.39,100,5839.0
1690439201,58.39,58.39,58.39,58.39,0,0.0
1690439202,58.38,58.38,58.38,58.38,1000,58380.0
1690439203,58.38,58.38,58.38,58.38,0,0.0
1690439204,58.38,58.38,58.38,58.38,0,0.0
1690439205,58.39,58.39,58.39,58.39,100,5839.0
1690439206,58.39,58.39,58.39,58.39,0,0.0
1690439207,58.39,58.39,58.39,58.39,0,0.0
1690439208,58.39,58.39,58.39,58.39,400,23356.0
1690439209,58.39,58.39,58.39,58.39,0,0.0
1690439210,58.39,58.39,58.39,58.39,0,0.0
1690439211,58.39,58.39,58.39,58.39,0,0.0
1690439212,58.39,58.39,58.39,58.39,0,0.0
1690439213,58.39,58.39,58.39,58.39,0,0.0
1690439214,58.39,58.39,58.39,58.39,200,11678.0
1690439215,58.39,58.39,58.39,58.39,0,0.0
1690439216,58.39,58.39,58.39,58.39,0,0.0
1690439217,58.39,58.39,58.39,58.39,0,0.0
1690439218,58.39,58.39,58.38,58.39,1200,70065.0
1690439219,58.39,58.39,58.39,58.39,400,23356.0
1690439220,58.39,58.39,58.39,58.39,0,0.0
1690439221,58.39,58.39,58.39,58.39,0,0.0
1690439222,58.39,58.39,58.39,58.39,0,0.0
1690439223,58.39,58.39,58.39,58.39,0,0.0
1690439224,58.39,58.39,58.39,58.39,0,0.0
1690439225,58.39,58.39,58.39,58.39,0,0.0
1690439226,58.39,58.39,58.39,58.39,0,0.0
1690439227,58.39,58.39,58.39,58.39,0,0.0
1690439228,58.39,58.39,58.39,58.39,0,0.0
1690439229,58.39,58.39,58.39,58.39,0,0.0
1690439230,58.39,58.39,58.39,58.39,0,0.0
1690439231,58.39,58.39,58.39,58.39,0,0.0
1690439232,58.4,58.4,58.4,58.4,100,5840.0
1690439233,58.4,58.4,58.4,58.4,0,0.0
1690439234,58.4,58.4,58.4,58.4,0,0.0
1690439235,58.4,58.4,58.4,58.4,0,0.0
1690439236,58.4,58.4,58.4,58.4,0,0.0
1690439237,58.4,58.4,58.4,58.4,0,0.0
1690439238,58.4,58.4,58.4,58.4,100,5840.0
1690439239,58.4,58.4,58.4,58.4,0,0.0
1690439240,58.4,58.4,58.4,58.4,100,5840.0
1690439241,58.4,58.4,58.4,58.4,0,0.0
1690439242,58.4,58.4,58.4,58.4,0,0.0
1690439243,58.4,58.4,58.4,58.4,0,0.0
1690439244,58.4,58.4,58.4,58.4,0,0.0
1690439245,58.4,58.4,58.4,58.4,0,0.0
1690439246,58.4,58.4,58.4,58.4,0,0.0
1690439247,58.4,58.4,58.4,58.4,0,0.0
1690439248,58.4,58.4,58.4,58.4,400,23360.0
1690439249,58.4,58.4,58.4,58.4,0,0.0
1690439250,58.4,58.4,58.4,58.4,0,0.0
1690439251,58.4,58.4,58.4,58.4,300,17520.0
1690439252,58.4,58.4,58.4,58.4,0,0.0
1690439253,58.4,58.4,58.4,58.4,0,0.0
1690439254,58.4,58.4,58.4,58.4,400,23360.0
1690439255,58.4,58.4,58.4,58.4,0,0.0
1690439256,58.39,58.39,58.39,58.39,2200,128458.0
1690439257,58.39,58.39,58.39,58.39,0,0.0
1690439258,58.39,58.39,58.39,58.39,0,0.0
1690439259,58.4,58.4,58.4,58.4,200,11680.0
1690439260,58.4,58.4,58.4,58.4,0,0.0
1690439261,58.4,58.4,58.4,58.4,0,0.0
1690439262,58.39,58.39,58.39,58.39,100,5839.0
1690439263,58.39,58.39,58.39,58.39,0,0.0
1690439264,58.4,58.4,58.39,58.39,1200,70071.0
1690439265,58.39,58.39,58.39,58.39,0,0.0
1690439266,58.39,58.39,58.39,58.39,0,0.0
1690439267,58.39,58.39,58.39,58.39,100,5839.0
1690439268,58.41,58.41,58.41,58.41,400,23364.0
1690439269,58.41,58.41,58.41,58.41,0,0.0
1690439270,58.41,58.41,58.41,58.41,0,0.0
1690439271,58.41,58.41,58.41,58.41,0,0.0
1690439272,58.41,58.41,58.41,58.41,0,0.0
1690439273,58.4,58.4,58.4,58.4,100,5840.0
1690439274,58.4,58.4,58.4,58.4,0,0.0
1690439275,58.41,58.41,58.41,58.41,500,29205.0
1690439276,58.41,58.41,58.41,58.41,0,0.0
1690439277,58.41,58.41,58.41,58.41,0,0.0
1690439278,58.41,58.41,58.41,58.41,300,17523.0
1690439279,58.41,58.41,58.41,58.41,0,0.0
1690439280,58.41,58.41,58.41,58.41,0,0.0
1690439281,58.41,58.41,58.41,58.41,0,0.0
1690439282,58.41,58.41,58.41,58.41,0,0.0
1690439283,58.41,58.41,58.41,58.41,0,0.0
1690439284,58.39,58.39,58.39,58.39,800,46712.0
1690439285,58.39,58.39,58.39,58.39,0,0.0
1690439286,58.41,58.41,58.41,58.41,2300,134343.0
1690439287,58.41,58.41,58.41,58.41,3000,175230.0
1690439288,58.41,58.41,58.41,58.41,0,0.0
1690439289,58.41,58.42,58.41,58.42,2400,140185.0
1690439290,58.42,58.42,58.42,58.42,0,0.0
1690439291,58.42,58.42,58.42,58.42,0,0.0
1690439292,58.42,58.42,58.42,58.42,0,0.0
1690439293,58.42,58.42,58.42,58.42,0,0.0
1690439294,58.41,58.41,58.41,58.41,800,46728.0
1690439295,58.41,58.41,58.41,58.41,0,0.0
1690439296,58.41,58.41,58.41,58.41,100,5841.0
1690439297,58.41,58.41,58.4,58.4,200,11681.0
1690439298,58.42,58.42,58.42,58.42,400,23368.0
1690439299,58.42,58.42,58.42,58.42,0,0.0
1690439300,58.42,58.42,58.42,58.42,0,0.0
1690439301,58.42,58.42,58.42,58.42,0,0.0
1690439302,58.42,58.42,58.42,58.42,0,0.0
1690439303,58.42,58.42,58.42,58.42,0,0.0
1690439304,58.41,58.41,58.41,58.41,100,5841.0
1690439305,58.41,58.42,58.41,58.42,1200,70098.0
1690439306,58.42,58.42,58.42,58.42,0,0.0
1690439307,58.42,58.42,58.42,58.42,0,0.0
1690439308,58.41,58.42,58.41,58.42,500,29209.0
1690439309,58.42,58.42,58.42,58.42,0,0.0
1690439310,58.42,58.42,58.42,58.42,0,0.0
1690439311,58.41,58.41,58.41,58.41,200,11682.0
1690439312,58.41,58.41,58.41,58.41,0,0.0
1690439313,58.41,58.41,58.41,58.41,200,11682.0
1690439314,58.41,58.41,58.41,58.41,0,0.0
1690439315,58.41,58.41,58.41,58.41,0,0.0
1690439316,58.41,58.41,58.41,58.41,200,11682.0
1690439317,58.41,58.41,58.41,58.41,0,0.0
1690439318,58.41,58.41,58.41,58.41,0,0.0
1690439319,58.41,58.41,58.41,58.41,0,0.0
1690439320,58.41,58.41,58.41,58.41,0,0.0
1690439321,58.41,58.41,58.41,58.41,500,29205.0
1690439322,58.41,58.41,58.41,58.41,100,5841.0
1690439323,58.41,58.41,58.41,58.41,0,0.0
1690439324,58.41,58.41,58.41,58.41,700,40887.0
1690439325,58.41,58.41,58.41,58.41,0,0.0
1690439326,58.42,58.42,58.42,58.42,200,11684.0
1690439327,58.42,58.42,58.42,58.42,0,0.0
1690439328,58.42,58.42,58.42,58.42,0,0.0
1690439329,58.41,58.42,58.41,58.42,800,46731.0
1690439330,58.42,58.42,58.42,58.42,0,0.0
1690439331,58.42,58.42,58.42,58.42,0,0.0
1690439332,58.41,58.41,58.41,58.41,100,5841.0
1690439333,58.41,58.41,58.41,58.41,0,0.0
1690439334,58.41,58.41,58.41,58.41,0,0.0
1690439335,58.41,58.41,58.41,58.41,0,0.0
1690439336,58.41,58.41,58.41,58.41,0,0.0
1690439337,58.41,58.41,58.41,58.41,0,0.0
1690439338,58.41,58.41,58.41,58.41,0,0.0
1690439339,58.41,58.41,58.41,58.41,0,0.0
1690439340,58.4,58.4,58.4,58.4,2000,116800.0
1690439341,58.4,58.4,58.4,58.4,0,0.0
1690439342,58.4,58.4,58.4,58.4,0,0.0
1690439343,58.4,58.4,58.4,58.4,0,0.0
1690439344,58.4,58.4,58.4,58.4,0,0.0
1690439345,58.41,58.41,58.41,58.41,5000,292050.0
1690439346,58.41,58.41,58.41,58.41,0,0.0
1690439347,58.41,58.41,58.41,58.41,0,0.0
1690439348,58.41,58.41,58.41,58.41,400,23364.0
1690439349,58.41,58.41,58.41,58.41,0,0.0
1690439350,58.41,58.41,58.41,58.41,0,0.0
1690439351,58.41,58.41,58.41,58.41,0,0.0
1690439352,58.41,58.41,58.41,58.41,0,0.0
1690439353,58.41,58.41,58.41,58.41,0,0.0
1690439354,58.41,58.41,58.39,58.39,6700,391261.0
1690439355,58.39,58.39,58.39,58.39,0,0.0
1690439356,58.39,58.39,58.39,58.39,0,0.0
1690439357,58.39,58.39,58.39,58.39,0,0.0
1690439358,58.39,58.39,58.39,58.39,0,0.0
1690439359,58.39,58.39,58.39,58.39,0,0.0
1690439360,58.39,58.39,58.39,58.39,0,0.0
1690439361,58.39,58.39,58.39,58.39,0,0.0
1690439362,58.39,58.39,58.39,58.39,0,0.0
1690439363,58.39,58.39,58.39,58.39,0,0.0
1690439364,58.4,58.4,58.4,58.4,100,5840.0
1690439365,58.4,58.4,58.4,58.4,100,5840.0
1690439366,58.4,58.4,58.4,58.4,0,0.0
1690439367,58.4,58.4,58.4,58.4,0,0.0
1690439368,58.4,58.4,58.4,58.4,0,0.0
1690439369,58.4,58.4,58.4,58.4,200,11680.0
1690439370,58.4,58.4,58.4,58.4,100,5840.0
1690439371,58.4,58.4,58.4,58.4,0,0.0
1690439372,58.39,58.39,58.39,58.39,5300,309467.0
1690439373,58.39,58.39,58.39,58.39,200,11678.0
1690439374,58.39,58.39,58.39,58.39,0,0.0
1690439375,58.39,58.39,58.38,58.38,7400,432083.0
1690439376,58.38,58.38,58.38,58.38,0,0.0
1690439377,58.38,58.38,58.38,58.38,0,0.0
1690439378,58.38,58.38,58.38,58.38,0,0.0
1690439379,58.38,58.38,58.38,58.38,0,0.0
1690439380,58.38,58.38,58.38,58.38,0,0.0
1690439381,58.38,58.38,58.38,58.38,0,0.0
1690439382,58.38,58.38,58.38,58.38,0,0.0
1690439383,58.38,58.38,58.38,58.38,0,0.0
1690439384,58.38,58.38,58.38,58.38,0,0.0
1690439385,58.38,58.38,58.38,58.38,0,0.0
1690439386,58.38,58.38,58.38,58.38,0,0.0
1690439387,58.39,58.39,58.39,58.39,200,11678.0
1690439388,58.39,58.39,58.39,58.39,0,0.0
1690439389,58.39,58.39,58.39,58.39,0,0.0
1690439390,58.39,58.39,58.39,58.39,0,0.0
1690439391,58.39,58.39,58.39,58.39,0,0.0
1690439392,58.38,58.38,58.38,58.38,1200,70056.0
1690439393,58.38,58.38,58.38,58.38,0,0.0
1690439394,58.38,58.39,58.38,58.39,1500,87573.0
1690439395,58.39,58.39,58.39,58.39,0,0.0
1690439396,58.39,58.39,58.39,58.39,0,0.0
1690439397,58.38,58.39,58.38,58.39,200,11677.0
1690439398,58.39,58.39,58.39,58.39,0,0.0
1690439399,58.38,58.39,58.38,58.39,200,11677.0
1690439400,58.39,58.39,58.39,58.39,0,0.0
1690439401,58.39,58.39,58.39,58.39,0,0.0
1690439402,58.39,58.39,58.39,58.39,0,0.0
1690439403,58.39,58.39,58.39,58.39,0,0.0
1690439404,58.39,58.39,58.39,58.39,0,0.0
1690439405,58.38,58.38,58.38,58.38,200,11676.0
1690439406,58.38,58.38,58.38,58.38,0,0.0
1690439407,58.38,58.38,58.38,58.38,0,0.0
1690439408,58.38,58.38,58.38,58.38,1200,70056.0
1690439409,58.38,58.38,58.38,58.38,0,0.0
1690439410,58.38,58.38,58.38,58.38,700,40866.0
1690439411,58.38,58.38,58.38,58.38,300,17514.0
1690439412,58.39,58.39,58.39,58.39,100,5839.0
1690439413,58.38,58.39,58.38,58.39,4400,256875.0
1690439414,58.39,58.39,58.39,58.39,0,0.0
1690439415,58.39,58.39,58.39,58.39,0,0.0
1690439416,58.39,58.39,58.39,58.39,0,0.0
1690439417,58.39,58.39,58.39,58.39,0,0.0
1690439418,58.39,58.39,58.39,58.39,0,0.0
1690439419,58.39,58.39,58.39,58.39,0,0.0
1690439420,58.39,58.39,58.39,58.39,0,0.0
1690439421,58.39,58.39,58.39,58.39,700,40873.0
1690439422,58.38,58.38,58.38,58.38,400,23352.0
1690439423,58.38,58.38,58.38,58.38,0,0.0
1690439424,58.38,58.38,58.38,58.38,4000,233520.0
1690439425,58.38,58.38,58.38,58.38,0,0.0
1690439426,58.38,58.38,58.38,58.38,900,52542.0
1690439427,58.38,58.38,58.38,58.38,0,0.0
1690439428,58.38,58.38,58.38,58.38,0,0.0
1690439429,58.38,58.38,58.38,58.38,0,0.0
1690439430,58.38,58.38,58.38,58.38,0,0.0
1690439431,58.38,58.38,58.38,58.38,0,0.0
1690439432,58.39,58.39,58.39,58.39,100,5839.0
1690439433,58.39,58.39,58.39,58.39,0,0.0
1690439434,58.39,58.39,58.39,58.39,300,17517.0
1690439435,58.39,58.39,58.39,58.39,0,0.0
1690439436,58.39,58.39,58.39,58.39,0,0.0
1690439437,58.39,58.39,58.39,58.39,700,40873.0
1690439438,58.39,58.39,58.39,58.39,0,0.0
1690439439,58.39,58.39,58.39,58.39,0,0.0
1690439440,58.39,58.39,58.39,58.39,0,0.0
1690439441,58.39,58.39,58.39,58.39,0,0.0
1690439442,58.39,58.39,58.39,58.39,0,0.0
1690439443,58.39,58.39,58.39,58.39,0,0.0
1690439444,58.39,58.39,58.39,58.39,0,0.0
1690439445,58.39,58.39,58.39,58.39,0,0.0
1690439446,58.39,58.39,58.39,58.39,0,0.0
1690439447,58.39,58.39,58.39,58.39,0,0.0
1690439448,58.39,58.39,58.39,58.39,3300,192687.0
1690439449,58.39,58.39,58.39,58.39,0,0.0
1690439450,58.39,58.39,58.39,58.39,0,0.0
1690439451,58.39,58.39,58.39,58.39,100,5839.0
1690439452,58.39,58.39,58.39,58.39,0,0.0
1690439453,58.39,58.39,58.39,58.39,0,0.0
1690439454,58.39,58.39,58.39,58.39,1000,58390.0
1690439455,58.39,58.39,58.39,58.39,0,0.0
1690439456,58.39,58.39,58.39,58.39,800,46712.0
1690439457,58.39,58.39,58.39,58.39,0,0.0
1690439458,58.39,58.39,58.39,58.39,0,0.0
1690439459,58.39,58.39,58.39,58.39,0,0.0
1690439460,58.39,58.39,58.39,58.39,0,0.0
1690439461,58.39,58.39,58.39,58.39,0,0.0
1690439462,58.39,58.39,58.39,58.39,200,11678.0
1690439463,58.39,58.39,58.39,58.39,0,0.0
1690439464,58.39,58.39,58.39,58.39,0,0.0
1690439465,58.4,58.4,58.4,58.4,4400,256960.0
1690439466,58.4,58.4,58.4,58.4,0,0.0
1690439467,58.39,58.4,58.38,58.4,2700,157637.0
1690439468,58.4,58.4,58.4,58.4,0,0.0
1690439469,58.4,58.4,58.4,58.4,0,0.0
1690439470,58.39,58.39,58.39,58.39,100,5839.0
1690439471,58.39,58.39,58.39,58.39,0,0.0
1690439472,58.38,58.38,58.38,58.38,100,5838.0
1690439473,58.38,58.38,58.38,58.38,0,0.0
1690439474,58.38,58.38,58.38,58.38,0,0.0
1690439475,58.39,58.39,58.39,58.39,100,5839.0
1690439476,58.39,58.39,58.39,58.39,0,0.0
1690439477,58.39,58.39,58.39,58.39,0,0.0
1690439478,58.39,58.39,58.39,58.39,0,0.0
1690439479,58.39,58.39,58.39,58.39,0,0.0
1690439480,58.39,58.39,58.39,58.39,0,0.0
1690439481,58.39,58.39,58.39,58.39,0,0.0
1690439482,58.39,58.39,58.39,58.39,0,0.0
1690439483,58.39,58.39,58.39,58.39,0,0.0
1690439484,58.39,58.39,58.39,58.39,1300,75907.0
1690439485,58.39,58.41,58.39,58.41,500,29202.0
1690439486,58.41,58.41,58.41,58.41,0,0.0
1690439487,58.41,58.41,58.41,58.41,700,40887.0
1690439488,58.41,58.41,58.41,58.41,0,0.0
1690439489,58.41,58.41,58.41,58.41,0,0.0
1690439490,58.41,58.41,58.41,58.41,0,0.0
1690439491,58.41,58.41,58.41,58.41,0,0.0
1690439492,58.41,58.41,58.41,58.41,0,0.0
1690439493,58.41,58.41,58.41,58.41,0,0.0
1690439494,58.41,58.41,58.41,58.41,300,17523.0
1690439495,58.41,58.41,58.41,58.41,0,0.0
1690439496,58.41,58.41,58.41,58.41,0,0.0
1690439497,58.41,58.41,58.41,58.41,0,0.0
1690439498,58.41,58.41,58.41,58.41,0,0.0
1690439499,58.41,58.41,58.41,58.41,0,0.0
1690439500,58.41,58.41,58.41,58.41,0,0.0
1690439501,58.41,58.41,58.41,58.41,0,0.0
1690439502,58.41,58.41,58.41,58.41,0,0.0
1690439503,58.41,58.41,58.41,58.41,0,0.0
1690439504,58.41,58.41,58.41,58.41,100,5841.0
1690439505,58.41,58.41,58.41,58.41,0,0.0
1690439506,58.41,58.41,58.41,58.41,0,0.0
1690439507,58.41,58.41,58.41,58.41,0,0.0
1690439508,58.41,58.41,58.41,58.41,400,23364.0
1690439509,58.41,58.41,58.41,58.41,0,0.0
1690439510,58.41,58.42,58.41,58.42,9100,531611.0
1690439511,58.42,58.42,58.42,58.42,0,0.0
1690439512,58.42,58.42,58.42,58.42,0,0.0
1690439513,58.42,58.42,58.42,58.42,0,0.0
1690439514,58.42,58.42,58.42,58.42,0,0.0
1690439515,58.42,58.42,58.42,58.42,0,0.0
1690439516,58.43,58.43,58.43,58.43,400,23372.0
1690439517,58.43,58.43,58.43,58.43,0,0.0
1690439518,58.42,58.42,58.42,58.42,400,23368.0
1690439519,58.42,58.42,58.42,58.42,1000,58420.0
1690439520,58.42,58.42,58.42,58.42,0,0.0
1690439521,58.43,58.44,58.43,58.44,500,29216.0
1690439522,58.44,58.44,58.44,58.44,0,0.0
1690439523,58.44,58.44,58.44,58.44,0,0.0
1690439524,58.44,58.44,58.44,58.44,1000,58440.0
1690439525,58.44,58.44,58.44,58.44,0,0.0
1690439526,58.44,58.44,58.44,58.44,0,0.0
1690439527,58.44,58.44,58.44,58.44,0,0.0
1690439528,58.44,58.44,58.44,58.44,0,0.0
1690439529,58.45,58.45,58.45,58.45,300,17535.0
1690439530,58.45,58.45,58.45,58.45,0,0.0
1690439531,58.44,58.44,58.44,58.44,200,11688.0
1690439532,58.44,58.45,58.43,58.45,2200,128566.0
1690439533,58.45,58.45,58.45,58.45,0,0.0
1690439534,58.45,58.45,58.45,58.45,0,0.0
1690439535,58.45,58.45,58.45,58.45,500,29225.0
1690439536,58.45,58.45,58.45,58.45,0,0.0
1690439537,58.44,58.44,58.44,58.44,500,29220.0
1690439538,58.44,58.44,58.44,58.44,0,0.0
1690439539,58.44,58.44,58.44,58.44,0,0.0
1690439540,58.44,58.44,58.44,58.44,800,46752.0
1690439541,58.44,58.44,58.44,58.44,0,0.0
1690439542,58.44,58.44,58.44,58.44,0,0.0
1690439543,58.44,58.44,58.44,58.44,0,0.0
1690439544,58.44,58.44,58.44,58.44,0,0.0
1690439545,58.44,58.44,58.44,58.44,0,0.0
1690439546,58.44,58.44,58.44,58.44,100,5844.0
1690439547,58.44,58.44,58.44,58.44,0,0.0
1690439548,58.44,58.45,58.44,58.44,600,35065.0
1690439549,58.44,58.44,58.44,58.44,0,0.0
1690439550,58.44,58.44,58.44,58.44,0,0.0
1690439551,58.44,58.44,58.44,58.44,0,0.0
1690439552,58.44,58.44,58.44,58.44,0,0.0
1690439553,58.44,58.44,58.44,58.44,300,17532.0
1690439554,58.44,58.44,58.44,58.44,200,11688.0
1690439555,58.44,58.44,58.44,58.44,0,0.0
1690439556,58.44,58.45,58.44,58.45,1300,75984.0
1690439557,58.45,58.45,58.45,58.45,0,0.0
1690439558,58.44,58.45,58.44,58.45,600,35069.0
1690439559,58.45,58.45,58.45,58.45,0,0.0
1690439560,58.45,58.45,58.45,58.45,0,0.0
1690439561,58.45,58.45,58.45,58.45,0,0.0
1690439562,58.43,58.45,58.43,58.45,3600,210400.0
1690439563,58.45,58.45,58.45,58.45,0,0.0
1690439564,58.45,58.45,58.45,58.45,0,0.0
1690439565,58.45,58.45,58.45,58.45,0,0.0
1690439566,58.45,58.45,58.45,58.45,0,0.0
1690439567,58.45,58.45,58.45,58.45,100,5845.0
1690439568,58.45,58.45,58.45,58.45,0,0.0
1690439569,58.44,58.44,58.44,58.44,100,5844.0
1690439570,58.44,58.44,58.44,58.44,0,0.0
1690439571,58.44,58.44,58.44,58.44,0,0.0
1690439572,58.45,58.45,58.45,58.45,300,17535.0
1690439573,58.45,58.45,58.45,58.45,0,0.0
1690439574,58.45,58.45,58.45,58.45,0,0.0
1690439575,58.45,58.45,58.45,58.45,0,0.0
1690439576,58.45,58.45,58.45,58.45,0,0.0
1690439577,58.45,58.45,58.45,58.45,0,0.0
1690439578,58.45,58.45,58.45,58.45,100,5845.0
1690439579,58.45,58.45,58.45,58.45,0,0.0
1690439580,58.45,58.45,58.45,58.45,0,0.0
1690439581,58.45,58.45,58.45,58.45,0,0.0
1690439582,58.45,58.45,58.45,58.45,0,0.0
1690439583,58.45,58.45,58.45,58.45,0,0.0
1690439584,58.45,58.45,58.45,58.45,300,17535.0
1690439585,58.45,58.45,58.45,58.45,0,0.0
1690439586,58.45,58.45,58.45,58.45,0,0.0
1690439587,58.45,58.45,58.45,58.45,0,0.0
1690439588,58.45,58.45,58.45,58.45,700,40915.0
1690439589,58.45,58.45,58.45,58.45,700,40915.0
1690439590,58.45,58.45,58.45,58.45,0,0.0
1690439591,58.45,58.45,58.45,58.45,0,0.0
1690439592,58.45,58.45,58.45,58.45,0,0.0
1690439593,58.44,58.44,58.44,58.44,2200,128568.0
1690439594,58.45,58.45,58.45,58.45,800,46760.0
1690439595,58.45,58.45,58.45,58.45,0,0.0
1690439596,58.45,58.45,58.45,58.45,0,0.0
1690439597,58.46,58.46,58.46,58.46,7400,432604.0
1690439598,58.46,58.46,58.46,58.46,0,0.0
1690439599,58.46,58.46,58.46,58.46,1000,58460.0
1690439600,58.46,58.46,58.46,58.46,0,0.0
1690439601,58.46,58.46,58.46,58.46,0,0.0
1690439602,58.46,58.46,58.46,58.46,0,0.0
1690439603,58.46,58.46,58.46,58.46,0,0.0
1690439604,58.46,58.46,58.46,58.46,0,0.0
1690439605,58.46,58.46,58.46,58.46,500,29230.0
1690439606,58.46,58.46,58.46,58.46,0,0.0
1690439607,58.46,58.46,58.46,58.46,0,0.0
1690439608,58.46,58.46,58.46,58.46,0,0.0
1690439609,58.46,58.46,58.46,58.46,0,0.0
1690439610,58.46,58.46,58.46,58.46,0,0.0
1690439611,58.46,58.46,58.46,58.46,0,0.0
1690439612,58.46,58.46,58.46,58.46,0,0.0
1690439613,58.46,58.46,58.46,58.46,0,0.0
1690439614,58.46,58.46,58.46,58.46,0,0.0
1690439615,58.46,58.46,58.46,58.46,0,0.0
1690439616,58.46,58.46,58.46,58.46,1000,58460.0
1690439617,58.46,58.46,58.46,58.46,0,0.0
1690439618,58.46,58.46,58.46,58.46,600,35076.0
1690439619,58.46,58.46,58.46,58.46,800,46768.0
1690439620,58.46,58.46,58.46,58.46,0,0.0
1690439621,58.46,58.46,58.45,58.45,400,23381.0
1690439622,58.45,58.45,58.45,58.45,0,0.0
1690439623,58.45,58.45,58.45,58.45,700,40915.0
1690439624,58.45,58.45,58.45,58.45,0,0.0
1690439625,58.45,58.45,58.45,58.45,0,0.0
1690439626,58.46,58.46,58.46,58.46,600,35076.0
1690439627,58.46,58.46,58.46,58.46,0,0.0
1690439628,58.46,58.46,58.46,58.46,0,0.0
1690439629,58.46,58.46,58.46,58.46,1800,105228.0
1690439630,58.45,58.45,58.45,58.45,600,35070.0
1690439631,58.45,58.45,58.45,58.45,100,5845.0
1690439632,58.46,58.46,58.46,58.46,400,23384.0
1690439633,58.46,58.46,58.46,58.46,0,0.0
1690439634,58.45,58.45,58.45,58.45,900,52605.0
1690439635,58.45,58.45,58.45,58.45,1000,58450.0
1690439636,58.45,58.45,58.45,58.45,0,0.0
1690439637,58.45,58.45,58.45,58.45,300,17535.0
1690439638,58.45,58.45,58.45,58.45,0,0.0
1690439639,58.45,58.45,58.45,58.45,0,0.0
1690439640,58.45,58.45,58.45,58.45,0,0.0
1690439641,58.45,58.45,58.45,58.45,0,0.0
1690439642,58.44,58.44,58.44,58.44,200,11688.0
1690439643,58.44,58.44,58.44,58.44,0,0.0
1690439644,58.44,58.44,58.44,58.44,0,0.0
1690439645,58.45,58.45,58.44,58.44,700,40914.0
1690439646,58.44,58.44,58.44,58.44,0,0.0
1690439647,58.44,58.44,58.44,58.44,0,0.0
1690439648,58.44,58.44,58.44,58.44,100,5844.0
1690439649,58.44,58.44,58.44,58.44,0,0.0
1690439650,58.44,58.44,58.44,58.44,0,0.0
1690439651,58.44,58.44,58.44,58.44,0,0.0
1690439652,58.44,58.44,58.44,58.44,0,0.0
1690439653,58.44,58.44,58.44,58.44,0,0.0
1690439654,58.44,58.44,58.44,58.44,0,0.0
1690439655,58.44,58.44,58.44,58.44,0,0.0
1690439656,58.44,58.44,58.44,58.44,500,29220.0
1690439657,58.44,58.44,58.44,58.44,300,17532.0
1690439658,58.44,58.44,58.44,58.44,0,0.0
1690439659,58.45,58.45,58.45,58.45,100,5845.0
1690439660,58.45,58.45,58.45,58.45,0,0.0
1690439661,58.45,58.45,58.45,58.45,0,0.0
1690439662,58.45,58.45,58.45,58.45,0,0.0
1690439663,58.45,58.45,58.45,58.45,0,0.0
1690439664,58.45,58.45,58.45,58.45,700,40915.0
1690439665,58.45,58.45,58.45,58.45,0,0.0
1690439666,58.45,58.45,58.45,58.45,0,0.0
1690439667,58.45,58.45,58.45,58.45,1000,58450.0
1690439668,58.45,58.45,58.45,58.45,0,0.0
1690439669,58.45,58.45,58.45,58.45,300,17535.0
1690439670,58.44,58.45,58.44,58.45,6500,379864.0
1690439671,58.45,58.45,58.45,58.45,0,0.0
1690439672,58.44,58.45,58.44,58.45,500,29224.0
1690439673,58.45,58.45,58.45,58.45,0,0.0
1690439674,58.45,58.45,58.45,58.45,0,0.0
1690439675,58.45,58.45,58.45,58.45,0,0.0
1690439676,58.45,58.45,58.45,58.45,0,0.0
1690439677,58.45,58.45,58.45,58.45,0,0.0
1690439678,58.45,58.45,58.45,58.45,0,0.0
1690439679,58.45,58.45,58.45,58.45,0,0.0
1690439680,58.45,58.45,58.45,58.45,0,0.0
1690439681,58.45,58.45,58.45,58.45,100,5845.0
1690439682,58.45,58.45,58.45,58.45,0,0.0
1690439683,58.45,58.45,58.45,58.45,0,0.0
1690439684,58.45,58.45,58.45,58.45,0,0.0
1690439685,58.45,58.45,58.45,58.45,0,0.0
1690439686,58.45,58.45,58.45,58.45,0,0.0
1690439687,58.45,58.45,58.45,58.45,0,0.0
1690439688,58.45,58.45,58.45,58.45,1400,81830.0
1690439689,58.45,58.45,58.45,58.45,0,0.0
1690439690,58.45,58.45,58.45,58.45,0,0.0
1690439691,58.45,58.45,58.45,58.45,0,0.0
1690439692,58.45,58.45,58.45,58.45,0,0.0
1690439693,58.45,58.45,58.45,58.45,0,0.0
1690439694,58.45,58.45,58.45,58.45,100,5845.0
1690439695,58.45,58.45,58.45,58.45,0,0.0
1690439696,58.45,58.45,58.45,58.45,0,0.0
1690439697,58.45,58.45,58.45,58.45,0,0.0
1690439698,58.45,58.45,58.45,58.45,0,0.0
1690439699,58.45,58.45,58.45,58.45,0,0.0
1690439700,58.45,58.45,58.45,58.45,0,0.0
1690439701,58.45,58.45,58.45,58.45,0,0.0
1690439702,58.44,58.45,58.44,58.45,1800,105202.0
1690439703,58.45,58.45,58.45,58.45,0,0.0
1690439704,58.45,58.45,58.45,58.45,0,0.0
1690439705,58.45,58.45,58.45,58.45,4900,286405.0
1690439706,58.45,58.45,58.45,58.45,0,0.0
1690439707,58.45,58.45,58.45,58.45,0,0.0
1690439708,58.45,58.45,58.45,58.45,900,52605.0
1690439709,58.45,58.45,58.45,58.45,0,0.0
1690439710,58.45,58.45,58.45,58.45,0,0.0
1690439711,58.45,58.45,58.45,58.45,0,0.0
1690439712,58.45,58.45,58.45,58.45,0,0.0
1690439713,58.45,58.45,58.45,58.45,0,0.0
1690439714,58.45,58.45,58.45,58.45,0,0.0
1690439715,58.45,58.45,58.45,58.45,500,29225.0
1690439716,58.44,58.44,58.44,58.44,400,23376.0
1690439717,58.44,58.44,58.44,58.44,0,0.0
1690439718,58.44,58.44,58.44,58.44,100,5844.0
1690439719,58.44,58.44,58.44,58.44,500,29220.0
1690439720,58.44,58.44,58.44,58.44,0,0.0
1690439721,58.44,58.44,58.44,58.44,200,11688.0
1690439722,58.44,58.44,58.44,58.44,0,0.0
1690439723,58.43,58.44,58.43,58.44,200,11687.0
1690439724,58.44,58.44,58.43,58.44,1700,99347.0
1690439725,58.44,58.44,58.44,58.44,0,0.0
1690439726,58.44,58.44,58.44,58.44,0,0.0
1690439727,58.44,58.44,58.44,58.44,700,40908.0
1690439728,58.44,58.44,58.44,58.44,0,0.0
1690439729,58.44,58.44,58.44,58.44,0,0.0
1690439730,58.44,58.44,58.44,58.44,0,0.0
1690439731,58.44,58.44,58.44,58.44,0,0.0
1690439732,58.44,58.44,58.44,58.44,0,0.0
1690439733,58.44,58.44,58.44,58.44,0,0.0
1690439734,58.44,58.44,58.44,58.44,100,5844.0
1690439735,58.44,58.44,58.44,58.44,0,0.0
1690439736,58.44,58.44,58.44,58.44,0,0.0
1690439737,58.44,58.44,58.44,58.44,0,0.0
1690439738,58.44,58.44,58.44,58.44,0,0.0
1690439739,58.44,58.44,58.44,58.44,0,0.0
1690439740,58.44,58.44,58.44,58.44,0,0.0
1690439741,58.44,58.44,58.44,58.44,0,0.0
1690439742,58.44,58.44,58.44,58.44,100,5844.0
1690439743,58.44,58.44,58.44,58.44,0,0.0
1690439744,58.44,58.44,58.44,58.44,0,0.0
1690439745,58.43,58.43,58.43,58.43,200,11686.0
1690439746,58.43,58.43,58.43,58.43,0,0.0
1690439747,58.43,58.43,58.43,58.43,0,0.0
1690439748,58.43,58.43,58.43,58.43,0,0.0
1690439749,58.43,58.43,58.43,58.43,0,0.0
1690439750,58.43,58.43,58.43,58.43,0,0.0
1690439751,58.43,58.43,58.43,58.43,0,0.0
1690439752,58.43,58.43,58.43,58.43,0,0.0
1690439753,58.43,58.43,58.43,58.43,0,0.0
1690439754,58.43,58.43,58.43,58.43,0,0.0
1690439755,58.43,58.43,58.43,58.43,0,0.0
1690439756,58.43,58.43,58.43,58.43,0,0.0
1690439757,58.43,58.43,58.43,58.43,0,0.0
1690439758,58.44,58.44,58.44,58.44,900,52596.0
1690439759,58.44,58.44,58.44,58.44,100,5844.0
1690439760,58.44,58.44,58.44,58.44,0,0.0
1690439761,58.44,58.44,58.44,58.44,0,0.0
1690439762,58.44,58.45,58.44,58.45,2400,140263.0
1690439763,58.45,58.45,58.45,58.45,0,0.0
1690439764,58.44,58.44,58.44,58.44,700,40908.0
1690439765,58.44,58.44,58.44,58.44,0,0.0
1690439766,58.44,58.44,58.44,58.44,0,0.0
1690439767,58.43,58.43,58.43,58.43,200,11686.0
1690439768,58.43,58.43,58.43,58.43,0,0.0
1690439769,58.43,58.43,58.43,58.43,0,0.0
1690439770,58.44,58.44,58.44,58.44,100,5844.0
1690439771,58.44,58.44,58.44,58.44,0,0.0
1690439772,58.44,58.44,58.44,58.44,0,0.0
1690439773,58.44,58.44,58.44,58.44,0,0.0
1690439774,58.43,58.43,58.43,58.43,1000,58430.0
1690439775,58.42,58.42,58.41,58.41,6200,362155.0
1690439776,58.41,58.41,58.41,58.41,0,0.0
1690439777,58.43,58.44,58.43,58.44,2200,128550.0
1690439778,58.44,58.44,58.44,58.44,0,0.0
1690439779,58.44,58.44,58.44,58.44,0,0.0
1690439780,58.43,58.43,58.41,58.41,2000,116858.0
1690439781,58.41,58.41,58.41,58.41,0,0.0
1690439782,58.41,58.41,58.41,58.41,0,0.0
1690439783,58.42,58.42,58.42,58.42,800,46736.0
1690439784,58.42,58.42,58.42,58.42,0,0.0
1690439785,58.42,58.42,58.42,58.42,400,23368.0
1690439786,58.41,58.41,58.4,58.4,3700,216105.0
1690439787,58.4,58.4,58.4,58.4,0,0.0
1690439788,58.4,58.4,58.4,58.4,0,0.0
1690439789,58.42,58.42,58.42,58.42,300,17526.0
1690439790,58.42,58.42,58.42,58.42,0,0.0
1690439791,58.41,58.42,58.41,58.42,1100,64252.0
1690439792,58.42,58.42,58.42,58.42,0,0.0
1690439793,58.42,58.42,58.42,58.42,0,0.0
1690439794,58.41,58.41,58.41,58.41,500,29205.0
1690439795,58.41,58.41,58.41,58.41,0,0.0
1690439796,58.41,58.41,58.41,58.41,0,0.0
1690439797,58.41,58.41,58.4,58.4,6500,379603.0
1690439798,58.4,58.4,58.4,58.4,0,0.0
1690439799,58.4,58.4,58.4,58.4,100,5840.0
1690439800,58.4,58.4,58.4,58.4,0,0.0
1690439801,58.41,58.42,58.41,58.42,1400,81787.0
1690439802,58.42,58.42,58.42,58.42,0,0.0
1690439803,58.42,58.42,58.42,58.42,0,0.0
1690439804,58.42,58.42,58.42,58.42,0,0.0
1690439805,58.42,58.42,58.42,58.42,0,0.0
1690439806,58.42,58.42,58.42,58.42,0,0.0
1690439807,58.45,58.45,58.41,58.45,500,29216.0
1690439808,58.45,58.45,58.45,58.45,0,0.0
1690439809,58.45,58.45,58.45,58.45,0,0.0
1690439810,58.45,58.45,58.45,58.45,0,0.0
1690439811,58.45,58.45,58.45,58.45,0,0.0
1690439812,58.44,58.44,58.44,58.44,300,17532.0
1690439813,58.44,58.44,58.44,58.44,0,0.0
1690439814,58.44,58.44,58.44,58.44,0,0.0
1690439815,58.44,58.44,58.44,58.44,0,0.0
1690439816,58.44,58.44,58.44,58.44,0,0.0
1690439817,58.44,58.44,58.44,58.44,0,0.0
1690439818,58.44,58.44,58.44,58.44,0,0.0
1690439819,58.44,58.44,58.44,58.44,0,0.0
1690439820,58.45,58.45,58.45,58.45,100,5845.0
1690439821,58.45,58.45,58.45,58.45,400,23380.0
1690439822,58.45,58.45,58.45,58.45,0,0.0
1690439823,58.45,58.45,58.45,58.45,0,0.0
1690439824,58.45,58.45,58.45,58.45,300,17535.0
1690439825,58.45,58.45,58.45,58.45,0,0.0
1690439826,58.45,58.45,58.45,58.45,0,0.0
1690439827,58.45,58.45,58.45,58.45,0,0.0
1690439828,58.45,58.45,58.45,58.45,0,0.0
1690439829,58.45,58.45,58.45,58.45,0,0.0
1690439830,58.45,58.45,58.45,58.45,0,0.0
1690439831,58.44,58.44,58.44,58.44,4600,268824.0
1690439832,58.44,58.44,58.44,58.44,0,0.0
1690439833,58.44,58.44,58.44,58.44,0,0.0
1690439834,58.44,58.44,58.44,58.44,1000,58440.0
1690439835,58.44,58.44,58.44,58.44,0,0.0
1690439836,58.44,58.44,58.44,58.44,0,0.0
1690439837,58.44,58.46,58.44,58.46,4800,280558.0
1690439838,58.46,58.46,58.46,58.46,0,0.0
1690439839,58.46,58.46,58.46,58.46,0,0.0
1690439840,58.46,58.46,58.46,58.46,0,0.0
1690439841,58.46,58.46,58.46,58.46,0,0.0
1690439842,58.46,58.46,58.46,58.46,0,0.0
1690439843,58.46,58.46,58.46,58.46,0,0.0
1690439844,58.46,58.46,58.46,58.46,0,0.0
1690439845,58.43,58.44,58.43,58.44,1800,105182.0
1690439846,58.44,58.44,58.44,58.44,0,0.0
1690439847,58.44,58.44,58.44,58.44,0,0.0
1690439848,58.43,58.43,58.43,58.43,300,17529.0
1690439849,58.43,58.43,58.43,58.43,0,0.0
1690439850,58.41,58.41,58.4,58.4,2100,122643.0
1690439851,58.4,58.4,58.4,58.4,200,11680.0
1690439852,58.4,58.4,58.4,58.4,0,0.0
1690439853,58.4,58.4,58.4,58.4,0,0.0
1690439854,58.4,58.4,58.4,58.4,0,0.0
1690439855,58.4,58.4,58.4,58.4,0,0.0
1690439856,58.42,58.42,58.42,58.42,500,29210.0
1690439857,58.42,58.42,58.42,58.42,0,0.0
1690439858,58.42,58.42,58.42,58.42,100,5842.0
1690439859,58.45,58.45,58.45,58.45,800,46760.0
1690439860,58.45,58.45,58.45,58.45,0,0.0
1690439861,58.45,58.45,58.45,58.45,0,0.0
1690439862,58.45,58.45,58.45,58.45,0,0.0
1690439863,58.45,58.45,58.45,58.45,0,0.0
1690439864,58.42,58.42,58.41,58.41,400,23367.0
1690439865,58.41,58.41,58.41,58.41,0,0.0
1690439866,58.41,58.41,58.41,58.41,0,0.0
1690439867,58.45,58.45,58.43,58.43,10800,631250.0
1690439868,58.43,58.43,58.43,58.43,0,0.0
1690439869,58.45,58.45,58.45,58.45,1000,58450.0
1690439870,58.45,58.45,58.45,58.45,0,0.0
1690439871,58.45,58.45,58.45,58.45,0,0.0
1690439872,58.45,58.45,58.45,58.45,0,0.0
1690439873,58.45,58.45,58.45,58.45,0,0.0
1690439874,58.45,58.45,58.45,58.45,0,0.0
1690439875,58.45,58.45,58.45,58.45,0,0.0
1690439876,58.45,58.45,58.45,58.45,0,0.0
1690439877,58.43,58.43,58.43,58.43,200,11686.0
1690439878,58.43,58.43,58.43,58.43,0,0.0
1690439879,58.43,58.43,58.43,58.43,0,0.0
1690439880,58.43,58.43,58.43,58.43,0,0.0
1690439881,58.43,58.43,58.43,58.43,0,0.0
1690439882,58.43,58.43,58.43,58.43,0,0.0
1690439883,58.44,58.44,58.44,58.44,100,5844.0
1690439884,58.44,58.44,58.44,58.44,0,0.0
1690439885,58.43,58.43,58.43,58.43,1100,64273.0
1690439886,58.43,58.43,58.43,58.43,0,0.0
1690439887,58.43,58.43,58.43,58.43,0,0.0
1690439888,58.42,58.42,58.42,58.42,900,52578.0
1690439889,58.42,58.42,58.42,58.42,0,0.0
1690439890,58.42,58.42,58.42,58.42,300,17526.0
1690439891,58.42,58.43,58.42,58.43,200,11685.0
1690439892,58.43,58.43,58.43,58.43,0,0.0
1690439893,58.43,58.43,58.43,58.43,0,0.0
1690439894,58.43,58.43,58.42,58.42,800,46741.0
1690439895,58.42,58.42,58.42,58.42,0,0.0
1690439896,58.43,58.43,58.43,58.43,100,5843.0
1690439897,58.43,58.43,58.43,58.43,0,0.0
1690439898,58.43,58.43,58.43,58.43,0,0.0
1690439899,58.43,58.43,58.43,58.43,0,0.0
1690439900,58.43,58.43,58.43,58.43,0,0.0
1690439901,58.43,58.43,58.43,58.43,0,0.0
1690439902,58.42,58.42,58.42,58.42,200,11684.0
1690439903,58.42,58.42,58.42,58.42,0,0.0
1690439904,58.42,58.42,58.42,58.42,0,0.0
1690439905,58.43,58.43,58.43,58.43,100,5843.0
1690439906,58.43,58.43,58.43,58.43,0,0.0
1690439907,58.43,58.43,58.43,58.43,0,0.0
1690439908,58.43,58.43,58.43,58.43,0,0.0
1690439909,58.43,58.43,58.43,58.43,0,0.0
1690439910,58.43,58.43,58.43,58.43,0,0.0
1690439911,58.43,58.43,58.43,58.43,0,0.0
1690439912,58.43,58.43,58.43,58.43,0,0.0
1690439913,58.43,58.43,58.43,58.43,0,0.0
1690439914,58.43,58.43,58.43,58.43,0,0.0
1690439915,58.43,58.43,58.43,58.43,0,0.0
1690439916,58.43,58.43,58.43,58.43,1400,81802.0
1690439917,58.43,58.43,58.43,58.43,0,0.0
1690439918,58.42,58.43,58.42,58.43,1300,75956.0
1690439919,58.43,58.43,58.43,58.43,0,0.0
1690439920,58.43,58.43,58.43,58.43,0,0.0
1690439921,58.43,58.43,58.43,58.43,0,0.0
1690439922,58.43,58.43,58.43,58.43,0,0.0
1690439923,58.43,58.43,58.43,58.43,0,0.0
1690439924,58.43,58.43,58.43,58.43,1200,70116.0
1690439925,58.43,58.43,58.43,58.43,0,0.0
1690439926,58.43,58.43,58.43,58.43,0,0.0
1690439927,58.43,58.43,58.43,58.43,0,0.0
1690439928,58.43,58.43,58.43,58.43,0,0.0
1690439929,58.43,58.43,58.43,58.43,0,0.0
1690439930,58.43,58.43,58.43,58.43,0,0.0
1690439931,58.43,58.43,58.43,58.43,0,0.0
1690439932,58.43,58.43,58.43,58.43,0,0.0
1690439933,58.42,58.42,58.42,58.42,100,5842.0
1690439934,58.42,58.42,58.42,58.42,400,23368.0
1690439935,58.42,58.42,58.42,58.42,0,0.0
1690439936,58.42,58.42,58.42,58.42,0,0.0
1690439937,58.42,58.42,58.42,58.42,800,46736.0
1690439938,58.42,58.42,58.42,58.42,0,0.0
1690439939,58.42,58.42,58.42,58.42,0,0.0
1690439940,58.42,58.42,58.42,58.42,0,0.0
1690439941,58.42,58.42,58.42,58.42,0,0.0
1690439942,58.42,58.42,58.42,58.42,100,5842.0
1690439943,58.42,58.42,58.42,58.42,0,0.0
1690439944,58.42,58.42,58.42,58.42,0,0.0
1690439945,58.42,58.42,58.42,58.42,800,46736.0
1690439946,58.42,58.42,58.42,58.42,0,0.0
1690439947,58.42,58.42,58.42,58.42,0,0.0
1690439948,58.42,58.42,58.42,58.42,0,0.0
1690439949,58.42,58.42,58.42,58.42,0,0.0
1690439950,58.42,58.42,58.42,58.42,0,0.0
1690439951,58.42,58.42,58.42,58.42,0,0.0
1690439952,58.42,58.42,58.42,58.42,0,0.0
1690439953,58.42,58.42,58.42,58.42,0,0.0
1690439954,58.42,58.42,58.42,58.42,0,0.0
1690439955,58.42,58.42,58.42,58.42,0,0.0
1690439956,58.42,58.42,58.42,58.42,2000,116840.0
1690439957,58.42,58.42,58.42,58.42,0,0.0
1690439958,58.42,58.42,58.42,58.42,0,0.0
1690439959,58.42,58.42,58.42,58.42,0,0.0
1690439960,58.42,58.42,58.42,58.42,0,0.0
1690439961,58.42,58.42,58.42,58.42,1000,58420.0
1690439962,58.42,58.42,58.42,58.42,0,0.0
1690439963,58.42,58.42,58.42,58.42,0,0.0
1690439964,58.42,58.42,58.42,58.42,400,23368.0
1690439965,58.42,58.42,58.42,58.42,0,0.0
1690439966,58.42,58.42,58.42,58.42,200,11684.0
1690439967,58.42,58.42,58.42,58.42,0,0.0
1690439968,58.42,58.42,58.42,58.42,0,0.0
1690439969,58.41,58.43,58.41,58.43,5100,297956.0
1690439970,58.43,58.43,58.43,58.43,0,0.0
1690439971,58.43,58.43,58.43,58.43,0,0.0
1690439972,58.41,58.41,58.41,58.41,300,17523.0
1690439973,58.41,58.41,58.41,58.41,0,0.0
1690439974,58.41,58.41,58.41,58.41,0,0.0
1690439975,58.41,58.41,58.41,58.41,100,5841.0
1690439976,58.41,58.41,58.41,58.41,0,0.0
1690439977,58.41,58.41,58.41,58.41,0,0.0
1690439978,58.41,58.41,58.41,58.41,0,0.0
1690439979,58.41,58.41,58.41,58.41,100,5841.0
1690439980,58.41,58.41,58.41,58.41,400,23364.0
1690439981,58.41,58.41,58.41,58.41,0,0.0
1690439982,58.41,58.41,58.41,58.41,0,0.0
1690439983,58.41,58.41,58.41,58.41,100,5841.0
1690439984,58.41,58.41,58.41,58.41,0,0.0
1690439985,58.41,58.41,58.41,58.41,0,0.0
1690439986,58.41,58.41,58.41,58.41,0,0.0
1690439987,58.41,58.41,58.41,58.41,0,0.0
1690439988,58.41,58.41,58.41,58.41,100,5841.0
1690439989,58.41,58.41,58.41,58.41,0,0.0
1690439990,58.41,58.41,58.41,58.41,500,29205.0
1690439991,58.41,58.41,58.41,58.41,100,5841.0
1690439992,58.41,58.41,58.41,58.41,0,0.0
1690439993,58.41,58.41,58.41,58.41,0,0.0
1690439994,58.4,58.4,58.4,58.4,400,23360.0
1690439995,58.4,58.4,58.4,58.4,0,0.0
1690439996,58.4,58.4,58.4,58.4,900,52560.0
1690439997,58.41,58.41,58.41,58.41,700,40887.0
1690439998,58.41,58.41,58.41,58.41,0,0.0
1690439999,58.4,58.41,58.4,58.41,300,17522.0
1690440000,58.41,58.41,58.41,58.41,0,0.0
1690440001,58.39,58.39,58.39,58.39,900,52551.0
1690440002,58.39,58.39,58.39,58.39,200,11678.0
1690440003,58.39,58.39,58.39,58.39,0,0.0
1690440004,58.4,58.4,58.39,58.39,3900,227736.0
1690440005,58.39,58.39,58.38,58.38,400,23355.0
1690440006,58.38,58.38,58.38,58.38,600,35028.0
1690440007,58.38,58.38,58.38,58.38,0,0.0
1690440008,58.38,58.38,58.38,58.38,0,0.0
1690440009,58.38,58.38,58.38,58.38,0,0.0
1690440010,58.37,58.38,58.37,58.37,1300,75882.0
1690440011,58.37,58.37,58.37,58.37,0,0.0
1690440012,58.37,58.37,58.36,58.36,1000,58366.0
1690440013,58.36,58.36,58.36,58.36,0,0.0
1690440014,58.36,58.36,58.36,58.36,0,0.0
1690440015,58.37,58.37,58.37,58.37,600,35022.0
1690440016,58.37,58.37,58.37,58.37,0,0.0
1690440017,58.37,58.37,58.37,58.37,900,52533.0
1690440018,58.37,58.37,58.37,58.37,0,0.0
1690440019,58.37,58.37,58.37,58.37,0,0.0
1690440020,58.36,58.36,58.36,58.36,200,11672.0
1690440021,58.36,58.36,58.36,58.36,100,5836.0
1690440022,58.36,58.36,58.36,58.36,0,0.0
1690440023,58.36,58.37,58.36,58.36,6400,373505.0
1690440024,58.37,58.37,58.37,58.37,1500,87555.0
1690440025,58.37,58.37,58.37,58.37,0,0.0
1690440026,58.36,58.36,58.36,58.36,1900,110884.0
1690440027,58.36,58.36,58.36,58.36,0,0.0
1690440028,58.36,58.36,58.36,58.36,0,0.0
1690440029,58.37,58.37,58.37,58.37,3600,210132.0
1690440030,58.37,58.37,58.37,58.37,0,0.0
1690440031,58.35,58.36,58.35,58.36,400,23342.0
1690440032,58.36,58.36,58.35,58.35,5600,326814.0
1690440033,58.35,58.35,58.35,58.35,0,0.0
1690440034,58.35,58.35,58.35,58.35,600,35010.0
1690440035,58.35,58.35,58.35,58.35,0,0.0
1690440036,58.35,58.35,58.35,58.35,300,17505.0
1690440037,58.35,58.35,58.35,58.35,100,5835.0
1690440038,58.35,58.35,58.35,58.35,0,0.0
1690440039,58.35,58.35,58.35,58.35,700,40845.0
1690440040,58.35,58.35,58.35,58.35,0,0.0
1690440041,58.35,58.35,58.35,58.35,0,0.0
1690440042,58.35,58.35,58.35,58.35,500,29175.0
1690440043,58.36,58.36,58.36,58.36,200,11672.0
1690440044,58.36,58.36,58.36,58.36,0,0.0
1690440045,58.35,58.35,58.35,58.35,600,35010.0
1690440046,58.35,58.35,58.35,58.35,0,0.0
1690440047,58.35,58.35,58.35,58.35,0,0.0
1690440048,58.36,58.36,58.36,58.36,100,5836.0
1690440049,58.36,58.36,58.36,58.36,0,0.0
1690440050,58.35,58.36,58.35,58.36,3800,221735.0
1690440051,58.35,58.35,58.35,58.35,200,11670.0
1690440052,58.35,58.35,58.35,58.35,0,0.0
1690440053,58.35,58.36,58.35,58.35,3200,186748.0
1690440054,58.35,58.35,58.35,58.35,0,0.0
1690440055,58.35,58.35,58.35,58.35,0,0.0
1690440056,58.36,58.36,58.35,58.35,600,35015.0
1690440057,58.35,58.35,58.35,58.35,0,0.0
1690440058,58.35,58.35,58.35,58.35,0,0.0
1690440059,58.36,58.36,58.35,58.35,2400,140059.0
1690440060,58.35,58.35,58.35,58.35,0,0.0
1690440061,58.36,58.36,58.36,58.36,100,5836.0
1690440062,58.36,58.36,58.36,58.36,0,0.0
1690440063,58.36,58.36,58.36,58.36,0,0.0
1690440064,58.37,58.37,58.37,58.37,500,29185.0
1690440065,58.37,58.37,58.37,58.37,0,0.0
1690440066,58.37,58.37,58.37,58.37,0,0.0
1690440067,58.37,58.37,58.37,58.37,0,0.0
1690440068,58.37,58.37,58.37,58.37,0,0.0
1690440069,58.37,58.37,58.37,58.37,900,52533.0
1690440070,58.37,58.37,58.37,58.37,0,0.0
1690440071,58.37,58.37,58.37,58.37,0,0.0
1690440072,58.37,58.37,58.37,58.37,0,0.0
1690440073,58.37,58.37,58.37,58.37,0,0.0
1690440074,58.38,58.38,58.38,58.38,100,5838.0
1690440075,58.38,58.38,58.38,58.38,0,0.0
1690440076,58.38,58.38,58.38,58.38,0,0.0
1690440077,58.37,58.37,58.36,58.36,1900,110902.0
1690440078,58.36,58.36,58.36,58.36,0,0.0
1690440079,58.36,58.36,58.36,58.36,0,0.0
1690440080,58.37,58.37,58.36,58.36,800,46691.0
1690440081,58.36,58.36,58.36,58.36,0,0.0
1690440082,58.36,58.36,58.36,58.36,1000,58360.0
1690440083,58.37,58.37,58.37,58.37,1400,81718.0
1690440084,58.37,58.37,58.37,58.37,0,0.0
1690440085,58.37,58.37,58.37,58.37,100,5837.0
1690440086,58.36,58.36,58.36,58.36,100,5836.0
1690440087,58.36,58.36,58.36,58.36,0,0.0
1690440088,58.37,58.38,58.37,58.38,10200,595435.0
1690440089,58.38,58.38,58.38,58.38,0,0.0
1690440090,58.38,58.38,58.38,58.38,0,0.0
1690440091,58.36,58.36,58.36,58.36,600,35016.0
1690440092,58.36,58.36,58.36,58.36,0,0.0
1690440093,58.36,58.36,58.36,58.36,0,0.0
1690440094,58.37,58.37,58.37,58.37,400,23348.0
1690440095,58.37,58.37,58.37,58.37,0,0.0
1690440096,58.37,58.37,58.37,58.37,100,5837.0
1690440097,58.37,58.37,58.37,58.37,0,0.0
1690440098,58.37,58.37,58.37,58.37,0,0.0
1690440099,58.37,58.37,58.37,58.37,0,0.0
1690440100,58.37,58.37,58.37,58.37,0,0.0
1690440101,58.37,58.37,58.37,58.37,300,17511.0
1690440102,58.37,58.37,58.37,58.37,0,0.0
1690440103,58.37,58.37,58.37,58.37,0,0.0
1690440104,58.38,58.38,58.38,58.38,200,11676.0
1690440105,58.38,58.38,58.38,58.38,300,17514.0
1690440106,58.38,58.38,58.38,58.38,400,23352.0
1690440107,58.38,58.38,58.38,58.38,500,29190.0
1690440108,58.38,58.38,58.38,58.38,0,0.0
1690440109,58.38,58.38,58.38,58.38,0,0.0
1690440110,58.38,58.38,58.38,58.38,0,0.0
1690440111,58.38,58.38,58.38,58.38,0,0.0
1690440112,58.38,58.38,58.38,58.38,200,11676.0
1690440113,58.38,58.38,58.38,58.38,100,5838.0
1690440114,58.38,58.38,58.38,58.38,0,0.0
1690440115,58.38,58.38,58.38,58.38,0,0.0
1690440116,58.39,58.39,58.39,58.39,100,5839.0
1690440117,58.39,58.39,58.39,58.39,0,0.0
1690440118,58.39,58.39,58.39,58.39,0,0.0
1690440119,58.39,58.39,58.39,58.39,0,0.0
1690440120,58.4,58.4,58.4,58.4,200,11680.0
1690440121,58.39,58.39,58.39,58.39,100,5839.0
1690440122,58.39,58.39,58.39,58.39,0,0.0
1690440123,58.41,58.41,58.41,58.41,300,17523.0
1690440124,58.41,58.41,58.41,58.41,0,0.0
1690440125,58.41,58.41,58.41,58.41,0,0.0
1690440126,58.41,58.41,58.41,58.41,0,0.0
1690440127,58.41,58.41,58.41,58.41,0,0.0
1690440128,58.41,58.41,58.41,58.41,0,0.0
1690440129,58.41,58.41,58.41,58.41,0,0.0
1690440130,58.41,58.41,58.41,58.41,0,0.0
1690440131,58.41,58.41,58.41,58.41,0,0.0
1690440132,58.41,58.41,58.41,58.41,0,0.0
1690440133,58.41,58.41,58.41,58.41,0,0.0
1690440134,58.41,58.41,58.41,58.41,600,35046.0
1690440135,58.41,58.41,58.41,58.41,0,0.0
1690440136,58.41,58.41,58.41,58.41,0,0.0
1690440137,58.41,58.41,58.41,58.41,2500,146025.0
1690440138,58.41,58.41,58.41,58.41,0,0.0
1690440139,58.41,58.41,58.41,58.41,800,46728.0
1690440140,58.41,58.41,58.41,58.41,100,5841.0
1690440141,58.41,58.41,58.41,58.41,0,0.0
1690440142,58.41,58.41,58.41,58.41,0,0.0
1690440143,58.43,58.43,58.43,58.43,900,52587.0
1690440144,58.43,58.44,58.43,58.44,2000,116861.0
1690440145,58.43,58.43,58.43,58.43,600,35058.0
1690440146,58.43,58.43,58.43,58.43,0,0.0
1690440147,58.43,58.43,58.43,58.43,0,0.0
1690440148,58.43,58.43,58.43,58.43,0,0.0
1690440149,58.43,58.43,58.43,58.43,0,0.0
1690440150,58.44,58.46,58.44,58.46,1000,58458.0
1690440151,58.46,58.46,58.46,58.46,0,0.0
1690440152,58.46,58.46,58.46,58.46,0,0.0
1690440153,58.46,58.46,58.46,58.46,0,0.0
1690440154,58.46,58.46,58.46,58.46,0,0.0
1690440155,58.46,58.46,58.46,58.46,0,0.0
1690440156,58.46,58.46,58.46,58.46,0,0.0
1690440157,58.46,58.46,58.46,58.46,0,0.0
1690440158,58.45,58.45,58.45,58.45,600,35070.0
1690440159,58.45,58.45,58.45,58.45,0,0.0
1690440160,58.45,58.45,58.45,58.45,0,0.0
1690440161,58.44,58.45,58.44,58.45,1000,58443.0
1690440162,58.45,58.45,58.45,58.45,0,0.0
1690440163,58.45,58.45,58.45,58.45,0,0.0
1690440164,58.44,58.45,58.44,58.45,2000,116886.0
1690440165,58.45,58.45,58.45,58.45,0,0.0
1690440166,58.44,58.44,58.44,58.44,100,5844.0
1690440167,58.44,58.44,58.44,58.44,200,11688.0
1690440168,58.44,58.44,58.44,58.44,0,0.0
1690440169,58.45,58.45,58.44,58.44,300,17533.0
1690440170,58.44,58.44,58.44,58.44,0,0.0
1690440171,58.44,58.44,58.44,58.44,0,0.0
1690440172,58.44,58.44,58.44,58.44,0,0.0
1690440173,58.44,58.44,58.44,58.44,0,0.0
1690440174,58.44,58.44,58.44,58.44,0,0.0
1690440175,58.44,58.44,58.44,58.44,0,0.0
1690440176,58.44,58.44,58.44,58.44,0,0.0
1690440177,58.45,58.45,58.45,58.45,300,17535.0
1690440178,58.45,58.45,58.45,58.45,400,23380.0
1690440179,58.45,58.45,58.45,58.45,0,0.0
1690440180,58.45,58.45,58.45,58.45,100,5845.0
1690440181,58.45,58.45,58.45,58.45,0,0.0
1690440182,58.43,58.43,58.43,58.43,100,5843.0
1690440183,58.44,58.44,58.44,58.44,300,17532.0
1690440184,58.44,58.44,58.44,58.44,0,0.0
1690440185,58.44,58.45,58.43,58.43,600,35066.0
1690440186,58.44,58.45,58.44,58.45,1400,81819.0
1690440187,58.45,58.45,58.45,58.45,0,0.0
1690440188,58.43,58.44,58.43,58.44,700,40903.0
1690440189,58.44,58.44,58.44,58.44,0,0.0
1690440190,58.44,58.44,58.44,58.44,0,0.0
1690440191,58.44,58.44,58.44,58.44,0,0.0
1690440192,58.44,58.44,58.44,58.44,0,0.0
1690440193,58.44,58.46,58.44,58.45,800,46765.0
1690440194,58.45,58.45,58.45,58.45,100,5845.0
1690440195,58.45,58.45,58.45,58.45,0,0.0
1690440196,58.45,58.45,58.45,58.45,0,0.0
1690440197,58.45,58.45,58.45,58.45,0,0.0
1690440198,58.45,58.45,58.45,58.45,0,0.0
1690440199,58.45,58.45,58.45,58.45,0,0.0
1690440200,58.45,58.45,58.45,58.45,0,0.0
1690440201,58.46,58.46,58.46,58.46,800,46768.0
1690440202,58.45,58.45,58.45,58.45,100,5845.0
1690440203,58.45,58.45,58.45,58.45,0,0.0
1690440204,58.45,58.45,58.45,58.45,100,5845.0
1690440205,58.45,58.45,58.45,58.45,0,0.0
1690440206,58.45,58.45,58.45,58.45,0,0.0
1690440207,58.46,58.46,58.46,58.46,300,17538.0
1690440208,58.46,58.46,58.46,58.46,0,0.0
1690440209,58.46,58.46,58.46,58.46,0,0.0
1690440210,58.46,58.46,58.46,58.46,0,0.0
1690440211,58.46,58.46,58.46,58.46,0,0.0
1690440212,58.45,58.46,58.45,58.46,200,11691.0
1690440213,58.46,58.46,58.46,58.46,0,0.0
1690440214,58.46,58.46,58.46,58.46,0,0.0
1690440215,58.46,58.46,58.46,58.46,0,0.0
1690440216,58.46,58.46,58.46,58.46,0,0.0
1690440217,58.46,58.46,58.46,58.46,0,0.0
1690440218,58.46,58.46,58.46,58.46,200,11692.0
1690440219,58.46,58.46,58.46,58.46,0,0.0
1690440220,58.46,58.46,58.46,58.46,900,52614.0
1690440221,58.46,58.46,58.46,58.46,0,0.0
1690440222,58.46,58.46,58.46,58.46,0,0.0
1690440223,58.45,58.45,58.45,58.45,600,35070.0
1690440224,58.45,58.45,58.45,58.45,0,0.0
1690440225,58.46,58.46,58.46,58.46,700,40922.0
1690440226,58.46,58.46,58.46,58.46,0,0.0
1690440227,58.46,58.46,58.46,58.46,0,0.0
1690440228,58.46,58.46,58.46,58.46,600,35076.0
1690440229,58.46,58.46,58.46,58.46,2400,140304.0
1690440230,58.46,58.46,58.46,58.46,0,0.0
1690440231,58.45,58.46,58.45,58.46,1200,70145.0
1690440232,58.46,58.46,58.46,58.46,0,0.0
1690440233,58.46,58.46,58.46,58.46,0,0.0
1690440234,58.46,58.46,58.46,58.46,600,35076.0
1690440235,58.46,58.46,58.46,58.46,0,0.0
1690440236,58.46,58.46,58.46,58.46,0,0.0
1690440237,58.46,58.46,58.46,58.46,0,0.0
1690440238,58.46,58.46,58.46,58.46,0,0.0
1690440239,58.46,58.46,58.46,58.46,0,0.0
1690440240,58.46,58.46,58.46,58.46,0,0.0
1690440241,58.46,58.46,58.46,58.46,0,0.0
1690440242,58.45,58.45,58.45,58.45,100,5845.0
1690440243,58.45,58.45,58.45,58.45,0,0.0
1690440244,58.45,58.45,58.45,58.45,0,0.0
1690440245,58.45,58.45,58.45,58.45,0,0.0
1690440246,58.45,58.45,58.45,58.45,0,0.0
1690440247,58.46,58.46,58.46,58.46,200,11692.0
1690440248,58.46,58.46,58.46,58.46,0,0.0
1690440249,58.46,58.46,58.46,58.46,0,0.0
1690440250,58.46,58.46,58.46,58.46,0,0.0
1690440251,58.46,58.46,58.46,58.46,0,0.0
1690440252,58.46,58.46,58.46,58.46,0,0.0
1690440253,58.46,58.46,58.46,58.46,0,0.0
1690440254,58.46,58.46,58.46,58.46,0,0.0
1690440255,58.46,58.46,58.46,58.46,0,0.0
1690440256,58.46,58.46,58.46,58.46,0,0.0
1690440257,58.46,58.46,58.46,58.46,0,0.0
1690440258,58.45,58.45,58.45,58.45,100,5845.0
1690440259,58.45,58.45,58.45,58.45,0,0.0
1690440260,58.44,58.44,58.44,58.44,100,5844.0
1690440261,58.44,58.44,58.44,58.44,0,0.0
1690440262,58.44,58.44,58.44,58.44,0,0.0
1690440263,58.44,58.44,58.44,58.44,100,5844.0
1690440264,58.44,58.44,58.44,58.44,100,5844.0
1690440265,58.44,58.44,58.44,58.44,0,0.0
1690440266,58.44,58.44,58.44,58.44,1600,93504.0
1690440267,58.44,58.44,58.44,58.44,0,0.0
1690440268,58.44,58.44,58.44,58.44,0,0.0
1690440269,58.45,58.45,58.44,58.44,3900,227950.0
1690440270,58.44,58.44,58.44,58.44,0,0.0
1690440271,58.44,58.44,58.44,58.44,0,0.0
1690440272,58.44,58.44,58.44,58.44,0,0.0
1690440273,58.44,58.44,58.44,58.44,0,0.0
1690440274,58.44,58.44,58.44,58.44,0,0.0
1690440275,58.44,58.44,58.44,58.44,0,0.0
1690440276,58.44,58.44,58.44,58.44,0,0.0
1690440277,58.45,58.45,58.45,58.45,900,52605.0
1690440278,58.45,58.45,58.45,58.45,0,0.0
1690440279,58.45,58.45,58.45,58.45,0,0.0
1690440280,58.45,58.45,58.45,58.45,0,0.0
1690440281,58.45,58.45,58.45,58.45,0,0.0
1690440282,58.45,58.45,58.45,58.45,0,0.0
1690440283,58.45,58.45,58.45,58.45,0,0.0
1690440284,58.46,58.46,58.46,58.46,200,11692.0
1690440285,58.46,58.46,58.46,58.46,0,0.0
1690440286,58.45,58.45,58.45,58.45,100,5845.0
1690440287,58.45,58.45,58.45,58.45,0,0.0
1690440288,58.46,58.46,58.46,58.46,500,29230.0
1690440289,58.46,58.46,58.46,58.46,0,0.0
1690440290,58.46,58.46,58.46,58.46,300,17538.0
1690440291,58.46,58.46,58.46,58.46,0,0.0
1690440292,58.46,58.46,58.46,58.46,0,0.0
1690440293,58.46,58.46,58.46,58.46,1300,75998.0
1690440294,58.46,58.46,58.46,58.46,1000,58460.0
1690440295,58.46,58.46,58.46,58.46,0,0.0
1690440296,58.47,58.47,58.47,58.47,100,5847.0
1690440297,58.47,58.47,58.47,58.47,0,0.0
1690440298,58.47,58.47,58.47,58.47,0,0.0
1690440299,58.47,58.47,58.47,58.47,400,23388.0
1690440300,58.47,58.47,58.47,58.47,0,0.0
1690440301,58.47,58.48,58.47,58.48,1100,64323.0
1690440302,58.47,58.47,58.47,58.47,300,17541.0
1690440303,58.48,58.48,58.48,58.48,100,5848.0
1690440304,58.48,58.48,58.48,58.48,100,5848.0
1690440305,58.48,58.48,58.48,58.48,0,0.0
1690440306,58.48,58.48,58.48,58.48,400,23392.0
1690440307,58.48,58.48,58.48,58.48,100,5848.0
1690440308,58.48,58.48,58.48,58.48,0,0.0
1690440309,58.48,58.48,58.48,58.48,0,0.0
1690440310,58.48,58.48,58.48,58.48,0,0.0
1690440311,58.48,58.48,58.48,58.48,0,0.0
1690440312,58.48,58.48,58.48,58.48,0,0.0
1690440313,58.48,58.48,58.48,58.48,0,0.0
1690440314,58.48,58.48,58.48,58.48,0,0.0
1690440315,58.48,58.48,58.48,58.48,0,0.0
1690440316,58.48,58.48,58.48,58.48,0,0.0
1690440317,58.5,58.5,58.5,58.5,6700,391950.0
1690440318,58.51,58.53,58.51,58.53,2300,134609.0
1690440319,58.53,58.53,58.53,58.53,0,0.0
1690440320,58.5,58.54,58.5,58.54,1300,76082.0
1690440321,58.54,58.54,58.54,58.54,0,0.0
1690440322,58.54,58.54,58.54,58.54,0,0.0
1690440323,58.53,58.53,58.53,58.53,100,5853.0
1690440324,58.53,58.53,58.53,58.53,0,0.0
1690440325,58.49,58.49,58.49,58.49,600,35094.0
1690440326,58.49,58.51,58.49,58.51,1200,70191.0
1690440327,58.51,58.51,58.51,58.51,0,0.0
1690440328,58.51,58.51,58.51,58.51,0,0.0
1690440329,58.51,58.51,58.51,58.51,0,0.0
1690440330,58.51,58.51,58.51,58.51,0,0.0
1690440331,58.51,58.51,58.51,58.51,0,0.0
1690440332,58.51,58.51,58.51,58.51,0,0.0
1690440333,58.51,58.51,58.51,58.51,0,0.0
1690440334,58.53,58.53,58.53,58.53,600,35118.0
1690440335,58.53,58.53,58.53,58.53,0,0.0
1690440336,58.53,58.53,58.53,58.53,0,0.0
1690440337,58.53,58.53,58.53,58.53,200,11706.0
1690440338,58.53,58.53,58.53,58.53,0,0.0
1690440339,58.53,58.53,58.53,58.53,0,0.0
1690440340,58.53,58.53,58.53,58.53,0,0.0
1690440341,58.53,58.53,58.53,58.53,0,0.0
1690440342,58.53,58.55,58.53,58.55,1200,70256.0
1690440343,58.55,58.55,58.55,58.55,0,0.0
1690440344,58.55,58.55,58.55,58.55,0,0.0
1690440345,58.55,58.55,58.55,58.55,0,0.0
1690440346,58.55,58.55,58.55,58.55,0,0.0
1690440347,58.49,58.5,58.49,58.49,600,35095.0
1690440348,58.51,58.51,58.51,58.51,300,17553.0
1690440349,58.45,58.45,58.45,58.45,7300,426685.0
1690440350,58.47,58.47,58.44,58.44,2100,122742.0
1690440351,58.44,58.44,58.44,58.44,0,0.0
1690440352,58.46,58.46,58.46,58.46,100,5846.0
1690440353,58.46,58.46,58.46,58.46,0,0.0
1690440354,58.46,58.46,58.46,58.46,0,0.0
1690440355,58.46,58.46,58.46,58.46,0,0.0
1690440356,58.46,58.46,58.46,58.46,0,0.0
1690440357,58.46,58.46,58.46,58.46,0,0.0
1690440358,58.46,58.46,58.46,58.46,0,0.0
1690440359,58.46,58.46,58.46,58.46,0,0.0
1690440360,58.5,58.5,58.5,58.5,1600,93600.0
1690440361,58.47,58.5,58.47,58.5,2500,146184.0
1690440362,58.5,58.5,58.5,58.5,0,0.0
1690440363,58.5,58.5,58.5,58.5,0,0.0
1690440364,58.5,58.5,58.5,58.5,0,0.0
1690440365,58.46,58.46,58.46,58.46,700,40922.0
1690440366,58.46,58.46,58.46,58.46,0,0.0
1690440367,58.46,58.46,58.46,58.46,0,0.0
1690440368,58.46,58.46,58.46,58.46,0,0.0
1690440369,58.46,58.46,58.46,58.46,0,0.0
1690440370,58.46,58.46,58.46,58.46,0,0.0
1690440371,58.5,58.51,58.5,58.51,2100,122859.0
1690440372,58.51,58.53,58.51,58.53,2100,122884.0
1690440373,58.53,58.53,58.53,58.53,0,0.0
1690440374,58.46,58.46,58.46,58.46,400,23384.0
1690440375,58.46,58.46,58.46,58.46,0,0.0
1690440376,58.46,58.46,58.46,58.46,0,0.0
1690440377,58.47,58.47,58.47,58.47,200,11694.0
1690440378,58.47,58.47,58.47,58.47,0,0.0
1690440379,58.47,58.47,58.47,58.47,0,0.0
1690440380,58.5,58.5,58.5,58.5,2100,122850.0
1690440381,58.5,58.5,58.5,58.5,0,0.0
1690440382,58.5,58.5,58.5,58.5,0,0.0
1690440383,58.5,58.5,58.5,58.5,0,0.0
1690440384,58.5,58.5,58.5,58.5,0,0.0
1690440385,58.48,58.48,58.48,58.48,1000,58480.0
1690440386,58.48,58.48,58.48,58.48,0,0.0
1690440387,58.48,58.48,58.48,58.48,0,0.0
1690440388,58.48,58.48,58.48,58.48,0,0.0
1690440389,58.48,58.48,58.48,58.48,0,0.0
1690440390,58.48,58.48,58.48,58.48,0,0.0
1690440391,58.48,58.48,58.48,58.48,0,0.0
1690440392,58.48,58.48,58.48,58.48,0,0.0
1690440393,58.5,58.5,58.5,58.5,200,11700.0
1690440394,58.5,58.5,58.5,58.5,0,0.0
1690440395,58.5,58.5,58.5,58.5,0,0.0
1690440396,58.5,58.5,58.5,58.5,200,11700.0
1690440397,58.5,58.5,58.5,58.5,0,0.0
1690440398,58.5,58.5,58.5,58.5,0,0.0
1690440399,58.5,58.5,58.5,58.5,100,5850.0
1690440400,58.5,58.5,58.5,58.5,0,0.0
1690440401,58.5,58.54,58.5,58.54,3900,228244.0
1690440402,58.54,58.54,58.54,58.54,0,0.0
1690440403,58.54,58.54,58.54,58.54,0,0.0
1690440404,58.49,58.5,58.49,58.5,1100,64345.0
1690440405,58.5,58.5,58.5,58.5,0,0.0
1690440406,58.5,58.5,58.5,58.5,0,0.0
1690440407,58.5,58.5,58.5,58.5,0,0.0
1690440408,58.5,58.5,58.5,58.5,0,0.0
1690440409,58.5,58.5,58.5,58.5,0,0.0
1690440410,58.5,58.5,58.5,58.5,0,0.0
1690440411,58.5,58.5,58.5,58.5,0,0.0
1690440412,58.5,58.5,58.5,58.5,300,17550.0
1690440413,58.5,58.5,58.5,58.5,0,0.0
1690440414,58.5,58.5,58.5,58.5,0,0.0
1690440415,58.5,58.5,58.5,58.5,0,0.0
1690440416,58.5,58.5,58.5,58.5,0,0.0
1690440417,58.5,58.5,58.5,58.5,0,0.0
1690440418,58.5,58.5,58.5,58.5,0,0.0
1690440419,58.5,58.5,58.5,58.5,0,0.0
1690440420,58.5,58.5,58.5,58.5,900,52650.0
1690440421,58.5,58.5,58.5,58.5,0,0.0
1690440422,58.51,58.51,58.51,58.51,1600,93616.0
1690440423,58.51,58.51,58.51,58.51,500,29255.0
1690440424,58.51,58.51,58.51,58.51,0,0.0
1690440425,58.51,58.51,58.51,58.51,0,0.0
1690440426,58.51,58.51,58.51,58.51,0,0.0
1690440427,58.51,58.51,58.51,58.51,0,0.0
1690440428,58.5,58.5,58.5,58.5,100,5850.0
1690440429,58.5,58.5,58.5,58.5,0,0.0
1690440430,58.51,58.51,58.51,58.51,600,35106.0
1690440431,58.51,58.54,58.5,58.5,2900,169717.0
1690440432,58.5,58.5,58.5,58.5,0,0.0
1690440433,58.5,58.5,58.5,58.5,0,0.0
1690440434,58.5,58.5,58.5,58.5,0,0.0
1690440435,58.5,58.5,58.5,58.5,0,0.0
1690440436,58.5,58.5,58.5,58.5,0,0.0
1690440437,58.5,58.5,58.5,58.5,0,0.0
1690440438,58.5,58.5,58.5,58.5,0,0.0
1690440439,58.5,58.5,58.5,58.5,0,0.0
1690440440,58.5,58.5,58.5,58.5,0,0.0
1690440441,58.5,58.5,58.5,58.5,0,0.0
1690440442,58.5,58.5,58.5,58.5,0,0.0
1690440443,58.5,58.5,58.5,58.5,0,0.0
1690440444,58.51,58.51,58.51,58.51,500,29255.0
1690440445,58.51,58.51,58.51,58.51,0,0.0
1690440446,58.51,58.51,58.51,58.51,0,0.0
1690440447,58.51,58.51,58.51,58.51,0,0.0
1690440448,58.51,58.51,58.51,58.51,0,0.0
1690440449,58.51,58.51,58.51,58.51,0,0.0
1690440450,58.51,58.51,58.51,58.51,0,0.0
1690440451,58.51,58.51,58.51,58.51,0,0.0
1690440452,58.51,58.51,58.51,58.51,0,0.0
1690440453,58.51,58.51,58.51,58.51,500,29255.0
1690440454,58.51,58.51,58.51,58.51,0,0.0
1690440455,58.51,58.51,58.51,58.51,100,5851.0
1690440456,58.51,58.51,58.51,58.51,0,0.0
1690440457,58.51,58.51,58.51,58.51,0,0.0
1690440458,58.51,58.51,58.51,58.51,100,5851.0
1690440459,58.51,58.51,58.51,58.51,0,0.0
1690440460,58.51,58.51,58.51,58.51,0,0.0
1690440461,58.5,58.51,58.5,58.51,2000,117010.0
1690440462,58.51,58.51,58.51,58.51,0,0.0
1690440463,58.51,58.51,58.51,58.51,400,23404.0
1690440464,58.51,58.51,58.51,58.51,1500,87765.0
1690440465,58.51,58.51,58.51,58.51,0,0.0
1690440466,58.51,58.51,58.51,58.51,0,0.0
1690440467,58.51,58.51,58.51,58.51,0,0.0
1690440468,58.52,58.52,58.52,58.52,900,52668.0
1690440469,58.52,58.52,58.52,58.52,0,0.0
1690440470,58.52,58.52,58.52,58.52,0,0.0
1690440471,58.51,58.51,58.51,58.51,300,17553.0
1690440472,58.51,58.51,58.51,58.51,0,0.0
1690440473,58.51,58.51,58.51,58.51,0,0.0
1690440474,58.51,58.51,58.51,58.51,0,0.0
1690440475,58.52,58.52,58.52,58.52,100,5852.0
1690440476,58.52,58.52,58.52,58.52,0,0.0
1690440477,58.52,58.52,58.52,58.52,800,46816.0
1690440478,58.52,58.52,58.52,58.52,0,0.0
1690440479,58.52,58.52,58.52,58.52,0,0.0
1690440480,58.52,58.52,58.52,58.52,100,5852.0
1690440481,58.52,58.52,58.52,58.52,0,0.0
1690440482,58.53,58.56,58.53,58.56,2600,152216.0
1690440483,58.53,58.53,58.53,58.53,700,40971.0
1690440484,58.53,58.53,58.53,58.53,0,0.0
1690440485,58.52,58.52,58.52,58.52,1400,81928.0
1690440486,58.52,58.52,58.52,58.52,0,0.0
1690440487,58.52,58.52,58.52,58.52,0,0.0
1690440488,58.52,58.52,58.52,58.52,100,5852.0
1690440489,58.52,58.52,58.52,58.52,0,0.0
1690440490,58.53,58.53,58.53,58.53,500,29265.0
1690440491,58.53,58.53,58.53,58.53,1700,99501.0
1690440492,58.53,58.53,58.53,58.53,100,5853.0
1690440493,58.52,58.55,58.52,58.55,2800,163873.0
1690440494,58.55,58.55,58.55,58.55,0,0.0
1690440495,58.55,58.55,58.55,58.55,0,0.0
1690440496,58.55,58.55,58.55,58.55,0,0.0
1690440497,58.55,58.55,58.55,58.55,0,0.0
1690440498,58.52,58.52,58.52,58.52,300,17556.0
1690440499,58.52,58.52,58.52,58.52,0,0.0
1690440500,58.52,58.52,58.52,58.52,0,0.0
1690440501,58.52,58.52,58.52,58.52,0,0.0
1690440502,58.52,58.52,58.52,58.52,0,0.0
1690440503,58.52,58.52,58.52,58.52,100,5852.0
1690440504,58.52,58.52,58.52,58.52,0,0.0
1690440505,58.52,58.52,58.52,58.52,0,0.0
1690440506,58.52,58.52,58.52,58.52,0,0.0
1690440507,58.52,58.52,58.52,58.52,0,0.0
1690440508,58.52,58.52,58.52,58.52,0,0.0
1690440509,58.51,58.55,58.5,58.5,2800,163871.0
1690440510,58.5,58.5,58.5,58.5,0,0.0
1690440511,58.5,58.5,58.5,58.5,0,0.0
1690440512,58.5,58.5,58.5,58.5,0,0.0
1690440513,58.5,58.5,58.5,58.5,0,0.0
1690440514,58.5,58.5,58.5,58.5,0,0.0
1690440515,58.53,58.53,58.53,58.53,1200,70236.0
1690440516,58.53,58.53,58.53,58.53,0,0.0
1690440517,58.53,58.53,58.52,58.52,400,23410.0
1690440518,58.53,58.54,58.5,58.5,2000,117054.0
1690440519,58.5,58.5,58.5,58.5,0,0.0
1690440520,58.52,58.54,58.52,58.52,1500,87796.0
1690440521,58.52,58.52,58.52,58.52,0,0.0
1690440522,58.5,58.5,58.5,58.5,100,5850.0
1690440523,58.52,58.53,58.52,58.53,800,46821.0
1690440524,58.53,58.53,58.53,58.53,0,0.0
1690440525,58.53,58.53,58.53,58.53,0,0.0
1690440526,58.53,58.53,58.53,58.53,0,0.0
1690440527,58.53,58.53,58.53,58.53,0,0.0
1690440528,58.51,58.51,58.51,58.51,100,5851.0
1690440529,58.51,58.51,58.51,58.51,0,0.0
1690440530,58.51,58.51,58.51,58.51,0,0.0
1690440531,58.51,58.51,58.51,58.51,0,0.0
1690440532,58.51,58.51,58.51,58.51,0,0.0
1690440533,58.51,58.51,58.51,58.51,0,0.0
1690440534,58.5,58.5,58.5,58.5,100,5850.0
1690440535,58.5,58.5,58.5,58.5,0,0.0
1690440536,58.51,58.51,58.51,58.51,100,5851.0
1690440537,58.51,58.51,58.51,58.51,0,0.0
1690440538,58.51,58.51,58.51,58.51,0,0.0
1690440539,58.5,58.5,58.5,58.5,900,52650.0
1690440540,58.5,58.5,58.5,58.5,0,0.0
1690440541,58.5,58.5,58.5,58.5,1800,105300.0
1690440542,58.5,58.5,58.5,58.5,100,5850.0
1690440543,58.5,58.5,58.5,58.5,0,0.0
1690440544,58.5,58.5,58.5,58.5,1500,87750.0
1690440545,58.5,58.5,58.5,58.5,0,0.0
1690440546,58.51,58.51,58.51,58.51,1000,58510.0
1690440547,58.51,58.51,58.51,58.51,0,0.0
1690440548,58.51,58.51,58.51,58.51,0,0.0
1690440549,58.51,58.51,58.51,58.51,100,5851.0
1690440550,58.51,58.51,58.51,58.51,0,0.0
1690440551,58.51,58.51,58.51,58.51,0,0.0
1690440552,58.51,58.51,58.51,58.51,0,0.0
1690440553,58.51,58.51,58.51,58.51,0,0.0
1690440554,58.51,58.51,58.51,58.51,0,0.0
1690440555,58.51,58.51,58.51,58.51,0,0.0
1690440556,58.51,58.51,58.51,58.51,0,0.0
1690440557,58.51,58.51,58.51,58.51,0,0.0
1690440558,58.51,58.51,58.51,58.51,0,0.0
1690440559,58.51,58.51,58.51,58.51,0,0.0
1690440560,58.5,58.5,58.5,58.5,100,5850.0
1690440561,58.5,58.5,58.5,58.5,0,0.0
1690440562,58.5,58.5,58.5,58.5,0,0.0
1690440563,58.51,58.51,58.51,58.51,200,11702.0
1690440564,58.51,58.51,58.51,58.51,0,0.0
1690440565,58.51,58.51,58.51,58.51,0,0.0
1690440566,58.51,58.51,58.51,58.51,0,0.0
1690440567,58.51,58.51,58.51,58.51,0,0.0
1690440568,58.51,58.51,58.51,58.51,0,0.0
1690440569,58.51,58.51,58.5,58.5,1700,99465.0
1690440570,58.5,58.5,58.5,58.5,0,0.0
1690440571,58.5,58.5,58.5,58.5,0,0.0
1690440572,58.5,58.5,58.5,58.5,0,0.0
1690440573,58.5,58.5,58.5,58.5,0,0.0
1690440574,58.5,58.51,58.5,58.51,500,29251.0
1690440575,58.51,58.51,58.51,58.51,0,0.0
1690440576,58.51,58.51,58.51,58.51,0,0.0
1690440577,58.5,58.5,58.5,58.5,100,5850.0
1690440578,58.5,58.5,58.5,58.5,0,0.0
1690440579,58.51,58.51,58.51,58.51,400,23404.0
1690440580,58.51,58.51,58.51,58.51,0,0.0
1690440581,58.51,58.51,58.51,58.51,0,0.0
1690440582,58.51,58.51,58.51,58.51,200,11702.0
1690440583,58.51,58.51,58.51,58.51,0,0.0
1690440584,58.51,58.51,58.51,58.51,0,0.0
1690440585,58.51,58.51,58.51,58.51,0,0.0
1690440586,58.51,58.51,58.51,58.51,0,0.0
1690440587,58.51,58.51,58.51,58.51,0,0.0
1690440588,58.51,58.51,58.51,58.51,100,5851.0
1690440589,58.51,58.51,58.51,58.51,0,0.0
1690440590,58.51,58.51,58.51,58.51,0,0.0
1690440591,58.51,58.51,58.51,58.51,0,0.0
1690440592,58.51,58.51,58.51,58.51,0,0.0
1690440593,58.51,58.51,58.51,58.51,600,35106.0
1690440594,58.51,58.51,58.51,58.51,0,0.0
1690440595,58.51,58.51,58.51,58.51,400,23404.0
1690440596,58.52,58.52,58.51,58.51,1600,93630.0
1690440597,58.51,58.51,58.51,58.51,0,0.0
1690440598,58.51,58.51,58.51,58.51,300,17553.0
1690440599,58.51,58.51,58.51,58.51,0,0.0
1690440600,58.51,58.51,58.51,58.51,0,0.0
1690440601,58.52,58.52,58.52,58.52,1200,70224.0
1690440602,58.52,58.52,58.52,58.52,0,0.0
1690440603,58.52,58.52,58.52,58.52,0,0.0
1690440604,58.52,58.52,58.52,58.52,700,40964.0
1690440605,58.52,58.52,58.52,58.52,0,0.0
1690440606,58.52,58.52,58.52,58.52,0,0.0
1690440607,58.52,58.52,58.52,58.52,0,0.0
1690440608,58.52,58.52,58.52,58.52,0,0.0
1690440609,58.51,58.51,58.51,58.51,300,17553.0
1690440610,58.51,58.51,58.51,58.51,0,0.0
1690440611,58.51,58.51,58.51,58.51,0,0.0
1690440612,58.51,58.51,58.51,58.51,0,0.0
1690440613,58.51,58.51,58.51,58.51,0,0.0
1690440614,58.51,58.51,58.51,58.51,0,0.0
1690440615,58.51,58.51,58.51,58.51,0,0.0
1690440616,58.51,58.51,58.51,58.51,0,0.0
1690440617,58.52,58.52,58.52,58.52,400,23408.0
1690440618,58.52,58.52,58.52,58.52,0,0.0
1690440619,58.52,58.52,58.52,58.52,0,0.0
1690440620,58.53,58.53,58.53,58.53,100,5853.0
1690440621,58.53,58.53,58.53,58.53,0,0.0
1690440622,58.53,58.53,58.53,58.53,0,0.0
1690440623,58.51,58.53,58.51,58.53,3300,193091.0
1690440624,58.53,58.53,58.53,58.53,0,0.0
1690440625,58.53,58.53,58.53,58.53,100,5853.0
1690440626,58.53,58.53,58.53,58.53,1400,81942.0
1690440627,58.53,58.53,58.53,58.53,100,5853.0
1690440628,58.53,58.53,58.53,58.53,0,0.0
1690440629,58.53,58.53,58.53,58.53,0,0.0
1690440630,58.53,58.53,58.53,58.53,0,0.0
1690440631,58.52,58.52,58.52,58.52,700,40964.0
1690440632,58.52,58.52,58.52,58.52,0,0.0
1690440633,58.52,58.52,58.52,58.52,0,0.0
1690440634,58.52,58.52,58.52,58.52,0,0.0
1690440635,58.52,58.52,58.52,58.52,0,0.0
1690440636,58.52,58.52,58.52,58.52,100,5852.0
1690440637,58.52,58.52,58.52,58.52,0,0.0
1690440638,58.53,58.53,58.53,58.53,1000,58530.0
1690440639,58.53,58.53,58.53,58.53,0,0.0
1690440640,58.53,58.53,58.53,58.53,0,0.0
1690440641,58.53,58.53,58.53,58.53,100,5853.0
1690440642,58.53,58.53,58.53,58.53,0,0.0
1690440643,58.53,58.53,58.53,58.53,0,0.0
1690440644,58.53,58.53,58.53,58.53,0,0.0
1690440645,58.53,58.53,58.53,58.53,0,0.0
1690440646,58.53,58.53,58.53,58.53,200,11706.0
1690440647,58.52,58.52,58.52,58.52,400,23408.0
1690440648,58.52,58.52,58.52,58.52,0,0.0
1690440649,58.52,58.52,58.52,58.52,0,0.0
1690440650,58.53,58.53,58.52,58.52,2200,128758.0
1690440651,58.52,58.52,58.52,58.52,0,0.0
1690440652,58.53,58.53,58.53,58.53,700,40971.0
1690440653,58.53,58.53,58.53,58.53,0,0.0
1690440654,58.53,58.53,58.53,58.53,0,0.0
1690440655,58.53,58.53,58.53,58.53,100,5853.0
1690440656,58.53,58.53,58.53,58.53,0,0.0
1690440657,58.53,58.53,58.53,58.53,0,0.0
1690440658,58.53,58.53,58.53,58.53,100,5853.0
1690440659,58.53,58.53,58.53,58.53,0,0.0
1690440660,58.53,58.53,58.53,58.53,0,0.0
1690440661,58.52,58.52,58.5,58.5,6000,351084.0
1690440662,58.5,58.5,58.5,58.5,0,0.0
1690440663,58.51,58.51,58.5,58.5,3200,187214.0
1690440664,58.5,58.5,58.5,58.5,0,0.0
1690440665,58.51,58.51,58.51,58.51,100,5851.0
1690440666,58.49,58.49,58.49,58.49,600,35094.0
1690440667,58.49,58.49,58.49,58.49,0,0.0
1690440668,58.49,58.49,58.49,58.49,1200,70188.0
1690440669,58.49,58.49,58.49,58.49,0,0.0
1690440670,58.49,58.49,58.49,58.49,0,0.0
1690440671,58.49,58.53,58.49,58.53,5700,333486.0
1690440672,58.53,58.53,58.53,58.53,0,0.0
1690440673,58.53,58.53,58.53,58.53,0,0.0
1690440674,58.5,58.5,58.5,58.5,600,35100.0
1690440675,58.5,58.5,58.5,58.5,0,0.0
1690440676,58.5,58.5,58.5,58.5,1000,58500.0
1690440677,58.5,58.5,58.5,58.5,0,0.0
1690440678,58.5,58.5,58.5,58.5,0,0.0
1690440679,58.5,58.5,58.5,58.5,0,0.0
1690440680,58.5,58.5,58.5,58.5,0,0.0
1690440681,58.5,58.5,58.5,58.5,0,0.0
1690440682,58.5,58.5,58.5,58.5,0,0.0
1690440683,58.5,58.5,58.5,58.5,0,0.0
1690440684,58.52,58.52,58.52,58.52,300,17556.0
1690440685,58.52,58.52,58.52,58.52,0,0.0
1690440686,58.52,58.52,58.52,58.52,0,0.0
1690440687,58.52,58.54,58.52,58.54,600,35114.0
1690440688,58.54,58.54,58.54,58.54,600,35124.0
1690440689,58.54,58.54,58.54,58.54,0,0.0
1690440690,58.53,58.53,58.53,58.53,700,40971.0
1690440691,58.53,58.53,58.53,58.53,0,0.0
1690440692,58.53,58.53,58.53,58.53,0,0.0
1690440693,58.53,58.53,58.53,58.53,200,11706.0
1690440694,58.53,58.53,58.53,58.53,0,0.0
1690440695,58.53,58.53,58.53,58.53,0,0.0
1690440696,58.53,58.53,58.53,58.53,0,0.0
1690440697,58.53,58.53,58.53,58.53,0,0.0
1690440698,58.54,58.54,58.54,58.54,1500,87810.0
1690440699,58.54,58.54,58.54,58.54,0,0.0
1690440700,58.54,58.54,58.54,58.54,0,0.0
1690440701,58.54,58.54,58.54,58.54,200,11708.0
1690440702,58.54,58.54,58.54,58.54,0,0.0
1690440703,58.55,58.55,58.54,58.54,500,29271.0
1690440704,58.54,58.54,58.54,58.54,1600,93664.0
1690440705,58.54,58.54,58.54,58.54,0,0.0
1690440706,58.54,58.54,58.54,58.54,0,0.0
1690440707,58.55,58.55,58.54,58.54,1600,93678.0
1690440708,58.54,58.54,58.54,58.54,0,0.0
1690440709,58.54,58.54,58.54,58.54,0,0.0
1690440710,58.54,58.54,58.54,58.54,0,0.0
1690440711,58.55,58.55,58.55,58.55,100,5855.0
1690440712,58.55,58.55,58.55,58.55,0,0.0
1690440713,58.55,58.55,58.55,58.55,0,0.0
1690440714,58.55,58.55,58.55,58.55,0,0.0
1690440715,58.55,58.55,58.55,58.55,0,0.0
1690440716,58.55,58.55,58.55,58.55,0,0.0
1690440717,58.55,58.55,58.55,58.55,0,0.0
1690440718,58.55,58.55,58.55,58.55,0,0.0
1690440719,58.55,58.55,58.55,58.55,100,5855.0
1690440720,58.55,58.55,58.55,58.55,100,5855.0
1690440721,58.55,58.55,58.55,58.55,0,0.0
1690440722,58.54,58.54,58.54,58.54,200,11708.0
1690440723,58.54,58.54,58.54,58.54,300,17562.0
1690440724,58.54,58.54,58.54,58.54,0,0.0
1690440725,58.53,58.54,58.52,58.52,600,35116.0
1690440726,58.52,58.52,58.52,58.52,0,0.0
1690440727,58.52,58.52,58.52,58.52,0,0.0
1690440728,58.53,58.54,58.53,58.54,1400,81953.0
1690440729,58.54,58.54,58.54,58.54,0,0.0
1690440730,58.54,58.54,58.54,58.54,0,0.0
1690440731,58.54,58.54,58.54,58.54,0,0.0
1690440732,58.54,58.54,58.54,58.54,0,0.0
1690440733,58.54,58.54,58.54,58.54,0,0.0
1690440734,58.51,58.51,58.51,58.51,1600,93616.0
1690440735,58.51,58.51,58.51,58.51,0,0.0
1690440736,58.5,58.5,58.5,58.5,200,11700.0
1690440737,58.5,58.5,58.5,58.5,0,0.0
1690440738,58.5,58.5,58.5,58.5,0,0.0
1690440739,58.5,58.5,58.5,58.5,0,0.0
1690440740,58.5,58.5,58.5,58.5,0,0.0
1690440741,58.5,58.5,58.5,58.5,0,0.0
1690440742,58.5,58.5,58.5,58.5,200,11700.0
1690440743,58.51,58.51,58.51,58.51,100,5851.0
1690440744,58.51,58.51,58.51,58.51,100,5851.0
1690440745,58.51,58.51,58.51,58.51,0,0.0
1690440746,58.51,58.51,58.51,58.51,0,0.0
1690440747,58.51,58.51,58.51,58.51,1000,58510.0
1690440748,58.51,58.51,58.51,58.51,0,0.0
1690440749,58.5,58.5,58.5,58.5,600,35100.0
1690440750,58.5,58.5,58.5,58.5,200,11700.0
1690440751,58.5,58.5,58.5,58.5,0,0.0
1690440752,58.5,58.5,58.5,58.5,0,0.0
1690440753,58.51,58.51,58.51,58.51,100,5851.0
1690440754,58.5,58.5,58.5,58.5,1400,81900.0
1690440755,58.51,58.51,58.51,58.51,200,11702.0
1690440756,58.51,58.51,58.51,58.51,0,0.0
1690440757,58.51,58.51,58.51,58.51,0,0.0
1690440758,58.51,58.51,58.5,58.51,1800,105316.0
1690440759,58.51,58.51,58.51,58.51,0,0.0
1690440760,58.51,58.51,58.51,58.51,1700,99467.0
1690440761,58.51,58.51,58.51,58.51,100,5851.0
1690440762,58.51,58.51,58.51,58.51,0,0.0
1690440763,58.51,58.51,58.51,58.51,0,0.0
1690440764,58.51,58.51,58.51,58.51,0,0.0
1690440765,58.51,58.51,58.51,58.51,400,23404.0
1690440766,58.51,58.51,58.51,58.51,0,0.0
1690440767,58.51,58.51,58.51,58.51,0,0.0
1690440768,58.51,58.51,58.51,58.51,0,0.0
1690440769,58.51,58.51,58.51,58.51,0,0.0
1690440770,58.51,58.51,58.51,58.51,0,0.0
1690440771,58.51,58.51,58.51,58.51,0,0.0
1690440772,58.51,58.51,58.51,58.51,0,0.0
1690440773,58.51,58.51,58.51,58.51,100,5851.0
1690440774,58.51,58.51,58.51,58.51,0,0.0
1690440775,58.51,58.51,58.51,58.51,0,0.0
1690440776,58.5,58.51,58.5,58.51,300,17551.0
1690440777,58.51,58.51,58.51,58.51,600,35106.0
1690440778,58.51,58.51,58.51,58.51,0,0.0
1690440779,58.51,58.51,58.5,58.5,5100,298358.0
1690440780,58.5,58.5,58.5,58.5,0,0.0
1690440781,58.5,58.5,58.5,58.5,0,0.0
1690440782,58.51,58.51,58.5,58.5,1800,105317.0
1690440783,58.5,58.5,58.5,58.5,0,0.0
1690440784,58.51,58.51,58.51,58.51,100,5851.0
1690440785,58.5,58.51,58.5,58.51,400,23401.0
1690440786,58.51,58.51,58.51,58.51,0,0.0
1690440787,58.5,58.5,58.5,58.5,1100,64350.0
1690440788,58.5,58.52,58.5,58.52,3250,190159.0
1690440789,58.52,58.52,58.52,58.52,0,0.0
1690440790,58.5,58.5,58.49,58.49,5000,292457.0
1690440791,58.49,58.49,58.49,58.49,0,0.0
1690440792,58.5,58.5,58.5,58.5,100,5850.0
1690440793,58.5,58.5,58.5,58.5,300,17550.0
1690440794,58.5,58.5,58.5,58.5,0,0.0
1690440795,58.52,58.52,58.52,58.52,300,17556.0
1690440796,58.52,58.52,58.52,58.52,0,0.0
1690440797,58.52,58.52,58.52,58.52,0,0.0
1690440798,58.51,58.52,58.51,58.52,400,23406.0
1690440799,58.52,58.52,58.52,58.52,0,0.0
1690440800,58.52,58.52,58.52,58.52,0,0.0
1690440801,58.51,58.52,58.51,58.52,600,35108.0
1690440802,58.52,58.52,58.52,58.52,0,0.0
1690440803,58.51,58.51,58.51,58.51,300,17553.0
1690440804,58.51,58.51,58.51,58.51,200,11702.0
1690440805,58.51,58.51,58.51,58.51,0,0.0
1690440806,58.51,58.52,58.51,58.51,700,40959.0
1690440807,58.51,58.51,58.51,58.51,0,0.0
1690440808,58.51,58.51,58.5,58.5,2000,117019.0
1690440809,58.5,58.52,58.5,58.52,700,40960.0
1690440810,58.52,58.52,58.52,58.52,0,0.0
1690440811,58.52,58.52,58.52,58.52,0,0.0
1690440812,58.52,58.52,58.52,58.52,0,0.0
1690440813,58.52,58.52,58.52,58.52,0,0.0
1690440814,58.51,58.51,58.5,58.5,1400,81907.0
1690440815,58.51,58.51,58.51,58.51,100,5851.0
1690440816,58.51,58.51,58.51,58.51,0,0.0
1690440817,58.5,58.5,58.5,58.5,200,11700.0
1690440818,58.5,58.5,58.5,58.5,0,0.0
1690440819,58.5,58.5,58.5,58.5,0,0.0
1690440820,58.5,58.5,58.5,58.5,0,0.0
1690440821,58.5,58.5,58.5,58.5,0,0.0
1690440822,58.5,58.5,58.5,58.5,0,0.0
1690440823,58.51,58.51,58.51,58.51,300,17553.0
1690440824,58.51,58.51,58.51,58.51,0,0.0
1690440825,58.51,58.51,58.5,58.5,200,11701.0
1690440826,58.5,58.5,58.5,58.5,0,0.0
1690440827,58.51,58.51,58.51,58.51,200,11702.0
1690440828,58.51,58.52,58.5,58.5,700,40956.0
1690440829,58.5,58.5,58.5,58.5,0,0.0
1690440830,58.51,58.51,58.5,58.51,3000,175502.0
1690440831,58.51,58.51,58.51,58.51,100,5851.0
1690440832,58.51,58.51,58.51,58.51,0,0.0
1690440833,58.52,58.52,58.52,58.52,2300,134596.0
1690440834,58.52,58.52,58.52,58.52,0,0.0
1690440835,58.52,58.52,58.52,58.52,0,0.0
1690440836,58.5,58.52,58.5,58.52,1500,87772.0
1690440837,58.52,58.52,58.52,58.52,0,0.0
1690440838,58.52,58.52,58.52,58.52,100,5852.0
1690440839,58.51,58.51,58.49,58.49,200,11700.0
1690440840,58.49,58.49,58.49,58.49,0,0.0
1690440841,58.5,58.5,58.49,58.49,200,11699.0
1690440842,58.5,58.5,58.5,58.5,300,17550.0
1690440843,58.5,58.5,58.5,58.5,100,5850.0
1690440844,58.5,58.5,58.5,58.5,0,0.0
1690440845,58.5,58.5,58.5,58.5,0,0.0
1690440846,58.5,58.5,58.49,58.49,1100,64348.0
1690440847,58.52,58.52,58.52,58.52,2200,128744.0
1690440848,58.52,58.52,58.52,58.52,0,0.0
1690440849,58.5,58.5,58.5,58.5,100,5850.0
1690440850,58.5,58.5,58.5,58.5,0,0.0
1690440851,58.5,58.5,58.5,58.5,0,0.0
1690440852,58.5,58.5,58.5,58.5,0,0.0
1690440853,58.5,58.5,58.5,58.5,0,0.0
1690440854,58.5,58.5,58.5,58.5,0,0.0
1690440855,58.5,58.5,58.5,58.5,0,0.0
1690440856,58.5,58.5,58.5,58.5,0,0.0
1690440857,58.5,58.51,58.5,58.51,400,23401.0
1690440858,58.5,58.5,58.5,58.5,2000,117000.0
1690440859,58.5,58.5,58.5,58.5,0,0.0
1690440860,58.5,58.51,58.5,58.5,2800,163824.0
1690440861,58.5,58.5,58.5,58.5,0,0.0
1690440862,58.5,58.5,58.5,58.5,0,0.0
1690440863,58.51,58.51,58.5,58.51,1100,64359.0
1690440864,58.51,58.51,58.51,58.51,0,0.0
1690440865,58.51,58.51,58.51,58.51,0,0.0
1690440866,58.51,58.51,58.51,58.51,100,5851.0
1690440867,58.51,58.51,58.51,58.51,0,0.0
1690440868,58.51,58.51,58.51,58.51,0,0.0
1690440869,58.51,58.51,58.51,58.51,1300,76063.0
1690440870,58.51,58.51,58.51,58.51,0,0.0
1690440871,58.5,58.51,58.5,58.5,2100,122860.0
1690440872,58.5,58.5,58.5,58.5,0,0.0
1690440873,58.5,58.5,58.5,58.5,0,0.0
1690440874,58.5,58.5,58.5,58.5,300,17550.0
1690440875,58.5,58.5,58.5,58.5,0,0.0
1690440876,58.5,58.5,58.5,58.5,0,0.0
1690440877,58.5,58.5,58.5,58.5,0,0.0
1690440878,58.5,58.5,58.5,58.5,0,0.0
1690440879,58.5,58.5,58.5,58.5,0,0.0
1690440880,58.5,58.5,58.5,58.5,0,0.0
1690440881,58.51,58.51,58.5,58.51,4500,263265.0
1690440882,58.51,58.51,58.51,58.51,4400,257444.0
1690440883,58.51,58.51,58.51,58.51,0,0.0
1690440884,58.51,58.51,58.51,58.51,0,0.0
1690440885,58.51,58.51,58.51,58.51,0,0.0
1690440886,58.51,58.51,58.51,58.51,0,0.0
1690440887,58.51,58.51,58.51,58.51,0,0.0
1690440888,58.51,58.51,58.51,58.51,0,0.0
1690440889,58.51,58.51,58.51,58.51,0,0.0
1690440890,58.51,58.51,58.51,58.51,100,5851.0
1690440891,58.51,58.51,58.51,58.51,0,0.0
1690440892,58.51,58.51,58.51,58.51,0,0.0
1690440893,58.52,58.52,58.52,58.52,2400,140448.0
1690440894,58.52,58.52,58.52,58.52,0,0.0
1690440895,58.52,58.52,58.52,58.52,0,0.0
1690440896,58.51,58.52,58.51,58.52,2200,128742.0
1690440897,58.5,58.5,58.5,58.5,100,5850.0
1690440898,58.5,58.5,58.5,58.5,0,0.0
1690440899,58.5,58.5,58.5,58.5,0,0.0
1690440900,58.5,58.5,58.5,58.5,0,0.0
1690440901,58.5,58.5,58.5,58.5,5000,292500.0
1690440902,58.5,58.5,58.5,58.5,0,0.0
1690440903,58.5,58.5,58.49,58.49,2100,122846.0
1690440904,58.49,58.49,58.49,58.49,0,0.0
1690440905,58.49,58.49,58.49,58.49,0,0.0
1690440906,58.5,58.53,58.5,58.53,1100,64356.0
1690440907,58.53,58.53,58.53,58.53,0,0.0
1690440908,58.53,58.53,58.53,58.53,0,0.0
1690440909,58.49,58.51,58.49,58.51,200,11699.0
1690440910,58.51,58.51,58.51,58.51,0,0.0
1690440911,58.49,58.49,58.49,58.49,100,5849.0
1690440912,58.49,58.49,58.49,58.49,0,0.0
1690440913,58.49,58.49,58.49,58.49,0,0.0
1690440914,58.49,58.49,58.49,58.49,0,0.0
1690440915,58.49,58.49,58.49,58.49,0,0.0
1690440916,58.53,58.53,58.51,58.53,400,23410.0
1690440917,58.51,58.53,58.51,58.53,800,46822.0
1690440918,58.53,58.53,58.53,58.53,0,0.0
1690440919,58.51,58.51,58.5,58.5,500,29254.0
1690440920,58.5,58.5,58.5,58.5,0,0.0
1690440921,58.5,58.5,58.5,58.5,0,0.0
1690440922,58.5,58.52,58.5,58.52,200,11702.0
1690440923,58.53,58.53,58.53,58.53,700,40971.0
1690440924,58.53,58.53,58.53,58.53,0,0.0
1690440925,58.53,58.53,58.53,58.53,0,0.0
1690440926,58.53,58.53,58.53,58.53,0,0.0
1690440927,58.52,58.52,58.52,58.52,600,35112.0
1690440928,58.52,58.52,58.52,58.52,0,0.0
1690440929,58.52,58.52,58.52,58.52,0,0.0
1690440930,58.53,58.53,58.53,58.53,1500,87795.0
1690440931,58.53,58.53,58.53,58.53,300,17559.0
1690440932,58.53,58.53,58.53,58.53,0,0.0
1690440933,58.52,58.53,58.52,58.53,400,23410.0
1690440934,58.53,58.53,58.53,58.53,0,0.0
1690440935,58.53,58.53,58.53,58.53,0,0.0
1690440936,58.53,58.53,58.53,58.53,0,0.0
1690440937,58.53,58.53,58.53,58.53,0,0.0
1690440938,58.53,58.53,58.53,58.53,0,0.0
1690440939,58.53,58.53,58.53,58.53,200,11706.0
1690440940,58.53,58.53,58.53,58.53,100,5853.0
1690440941,58.5,58.5,58.49,58.49,400,23399.0
1690440942,58.49,58.49,58.49,58.49,0,0.0
1690440943,58.49,58.49,58.49,58.49,0,0.0
1690440944,58.49,58.49,58.49,58.49,0,0.0
1690440945,58.49,58.49,58.49,58.49,0,0.0
1690440946,58.49,58.49,58.49,58.49,0,0.0
1690440947,58.5,58.5,58.5,58.5,200,11700.0
1690440948,58.5,58.5,58.5,58.5,0,0.0
1690440949,58.49,58.5,58.49,58.5,400,23397.0
1690440950,58.5,58.5,58.5,58.5,0,0.0
1690440951,58.5,58.5,58.5,58.5,0,0.0
1690440952,58.5,58.5,58.5,58.5,0,0.0
1690440953,58.5,58.5,58.5,58.5,0,0.0
1690440954,58.5,58.5,58.5,58.5,100,5850.0
1690440955,58.5,58.5,58.5,58.5,0,0.0
1690440956,58.5,58.5,58.5,58.5,0,0.0
1690440957,58.5,58.5,58.5,58.5,1000,58500.0
1690440958,58.5,58.5,58.5,58.5,0,0.0
1690440959,58.5,58.5,58.5,58.5,0,0.0
1690440960,58.5,58.5,58.5,58.5,100,5850.0
1690440961,58.5,58.5,58.5,58.5,0,0.0
1690440962,58.5,58.5,58.5,58.5,0,0.0
1690440963,58.5,58.5,58.5,58.5,0,0.0
1690440964,58.5,58.5,58.5,58.5,0,0.0
1690440965,58.5,58.5,58.5,58.5,0,0.0
1690440966,58.49,58.49,58.49,58.49,500,29245.0
1690440967,58.49,58.49,58.49,58.49,0,0.0
1690440968,58.5,58.5,58.5,58.5,800,46800.0
1690440969,58.49,58.49,58.49,58.49,200,11698.0
1690440970,58.49,58.49,58.49,58.49,0,0.0
1690440971,58.5,58.5,58.5,58.5,14600,854100.0
1690440972,58.5,58.5,58.5,58.5,0,0.0
1690440973,58.49,58.49,58.49,58.49,2000,116980.0
1690440974,58.49,58.49,58.49,58.49,0,0.0
1690440975,58.49,58.49,58.49,58.49,0,0.0
1690440976,58.5,58.5,58.5,58.5,1200,70200.0
1690440977,58.5,58.5,58.5,58.5,0,0.0
1690440978,58.49,58.49,58.49,58.49,4400,257356.0
1690440979,58.5,58.5,58.49,58.49,400,23397.0
1690440980,58.49,58.49,58.49,58.49,0,0.0
1690440981,58.5,58.5,58.5,58.5,300,17550.0
1690440982,58.5,58.5,58.5,58.5,100,5850.0
1690440983,58.5,58.5,58.5,58.5,0,0.0
1690440984,58.49,58.49,58.49,58.49,1000,58490.0
1690440985,58.49,58.49,58.49,58.49,100,5849.0
1690440986,58.49,58.49,58.49,58.49,0,0.0
1690440987,58.49,58.49,58.49,58.49,0,0.0
1690440988,58.49,58.49,58.49,58.49,0,0.0
1690440989,58.5,58.5,58.5,58.5,500,29250.0
1690440990,58.5,58.5,58.5,58.5,100,5850.0
1690440991,58.5,58.5,58.5,58.5,0,0.0
1690440992,58.5,58.5,58.5,58.5,0,0.0
1690440993,58.51,58.51,58.51,58.51,1200,70212.0
1690440994,58.51,58.51,58.51,58.51,0,0.0
1690440995,58.5,58.5,58.5,58.5,3100,181350.0
1690440996,58.5,58.5,58.5,58.5,0,0.0
1690440997,58.5,58.5,58.5,58.5,0,0.0
1690440998,58.5,58.5,58.5,58.5,0,0.0
1690440999,58.5,58.5,58.5,58.5,0,0.0
1690441000,58.5,58.5,58.5,58.5,0,0.0
1690441001,58.5,58.5,58.5,58.5,100,5850.0
1690441002,58.5,58.5,58.5,58.5,0,0.0
1690441003,58.5,58.5,58.5,58.5,1100,64350.0
1690441004,58.5,58.5,58.5,58.5,0,0.0
1690441005,58.5,58.5,58.5,58.5,0,0.0
1690441006,58.5,58.5,58.5,58.5,500,29250.0
1690441007,58.5,58.5,58.5,58.5,0,0.0
1690441008,58.5,58.5,58.5,58.5,0,0.0
1690441009,58.49,58.49,58.49,58.49,300,17547.0
1690441010,58.49,58.49,58.49,58.49,0,0.0
1690441011,58.49,58.49,58.49,58.49,0,0.0
1690441012,58.49,58.49,58.49,58.49,0,0.0
1690441013,58.49,58.49,58.49,58.49,0,0.0
1690441014,58.49,58.49,58.49,58.49,1400,81886.0
1690441015,58.49,58.49,58.49,58.49,0,0.0
1690441016,58.49,58.49,58.49,58.49,0,0.0
1690441017,58.49,58.49,58.49,58.49,0,0.0
1690441018,58.49,58.49,58.49,58.49,0,0.0
1690441019,58.49,58.49,58.49,58.49,0,0.0
1690441020,58.49,58.49,58.49,58.49,0,0.0
1690441021,58.49,58.49,58.49,58.49,0,0.0
1690441022,58.49,58.49,58.49,58.49,0,0.0
1690441023,58.49,58.49,58.49,58.49,0,0.0
1690441024,58.49,58.49,58.49,58.49,0,0.0
1690441025,58.49,58.49,58.49,58.49,0,0.0
1690441026,58.49,58.49,58.49,58.49,0,0.0
1690441027,58.49,58.49,58.49,58.49,0,0.0
1690441028,58.49,58.49,58.49,58.49,0,0.0
1690441029,58.49,58.49,58.49,58.49,0,0.0
1690441030,58.49,58.49,58.49,58.49,0,0.0
1690441031,58.49,58.49,58.49,58.49,0,0.0
1690441032,58.49,58.49,58.49,58.49,0,0.0
1690441033,58.49,58.49,58.49,58.49,0,0.0
1690441034,58.49,58.49,58.49,58.49,0,0.0
1690441035,58.49,58.49,58.49,58.49,0,0.0
1690441036,58.49,58.49,58.49,58.49,0,0.0
1690441037,58.49,58.49,58.49,58.49,0,0.0
1690441038,58.49,58.49,58.49,58.49,0,0.0
1690441039,58.49,58.49,58.49,58.49,0,0.0
1690441040,58.49,58.49,58.49,58.49,0,0.0
1690441041,58.49,58.49,58.49,58.49,0,0.0
1690441042,58.49,58.49,58.49,58.49,0,0.0
1690441043,58.49,58.49,58.49,58.49,0,0.0
1690441044,58.49,58.49,58.49,58.49,0,0.0
1690441045,58.49,58.49,58.49,58.49,0,0.0
1690441046,58.49,58.49,58.49,58.49,0,0.0
1690441047,58.49,58.49,58.49,58.49,0,0.0
1690441048,58.49,58.49,58.49,58.49,0,0.0
1690441049,58.49,58.49,58.49,58.49,0,0.0
1690441050,58.49,58.49,58.49,58.49,0,0.0
1690441051,58.49,58.49,58.49,58.49,0,0.0
1690441052,58.49,58.49,58.49,58.49,0,0.0
1690441053,58.49,58.49,58.49,58.49,0,0.0
1690441054,58.49,58.49,58.49,58.49,0,0.0
1690441055,58.49,58.49,58.49,58.49,0,0.0
1690441056,58.49,58.49,58.49,58.49,0,0.0
1690441057,58.49,58.49,58.49,58.49,0,0.0
1690441058,58.49,58.49,58.49,58.49,0,0.0
1690441059,58.49,58.49,58.49,58.49,0,0.0
1690441060,58.49,58.49,58.49,58.49,0,0.0
1690441061,58.49,58.49,58.49,58.49,0,0.0
1690441062,58.49,58.49,58.49,58.49,0,0.0
1690441063,58.49,58.49,58.49,58.49,0,0.0
1690441064,58.49,58.49,58.49,58.49,0,0.0
1690441065,58.49,58.49,58.49,58.49,0,0.0
1690441066,58.49,58.49,58.49,58.49,0,0.0
1690441067,58.49,58.49,58.49,58.49,0,0.0
1690441068,58.49,58.49,58.49,58.49,0,0.0
1690441069,58.49,58.49,58.49,58.49,0,0.0
1690441070,58.49,58.49,58.49,58.49,0,0.0
1690441071,58.49,58.49,58.49,58.49,0,0.0
1690441072,58.49,58.49,58.49,58.49,0,0.0
1690441073,58.49,58.49,58.49,58.49,0,0.0
1690441074,58.49,58.49,58.49,58.49,0,0.0
1690441075,58.49,58.49,58.49,58.49,0,0.0
1690441076,58.49,58.49,58.49,58.49,0,0.0
1690441077,58.49,58.49,58.49,58.49,0,0.0
1690441078,58.49,58.49,58.49,58.49,0,0.0
1690441079,58.49,58.49,58.49,58.49,0,0.0
1690441080,58.49,58.49,58.49,58.49,0,0.0
1690441081,58.49,58.49,58.49,58.49,0,0.0
1690441082,58.49,58.49,58.49,58.49,0,0.0
1690441083,58.49,58.49,58.49,58.49,0,0.0
1690441084,58.49,58.49,58.49,58.49,0,0.0
1690441085,58.49,58.49,58.49,58.49,0,0.0
1690441086,58.49,58.49,58.49,58.49,0,0.0
1690441087,58.49,58.49,58.49,58.49,0,0.0
1690441088,58.49,58.49,58.49,58.49,0,0.0
1690441089,58.49,58.49,58.49,58.49,0,0.0
1690441090,58.49,58.49,58.49,58.49,0,0.0
1690441091,58.49,58.49,58.49,58.49,0,0.0
1690441092,58.49,58.49,58.49,58.49,0,0.0
1690441093,58.49,58.49,58.49,58.49,0,0.0
1690441094,58.49,58.49,58.49,58.49,0,0.0
1690441095,58.49,58.49,58.49,58.49,0,0.0
1690441096,58.49,58.49,58.49,58.49,0,0.0
1690441097,58.49,58.49,58.49,58.49,0,0.0
1690441098,58.49,58.49,58.49,58.49,0,0.0
1690441099,58.49,58.49,58.49,58.49,0,0.0
1690441100,58.49,58.49,58.49,58.49,0,0.0
1690441101,58.49,58.49,58.49,58.49,0,0.0
1690441102,58.49,58.49,58.49,58.49,0,0.0
1690441103,58.49,58.49,58.49,58.49,0,0.0
1690441104,58.49,58.49,58.49,58.49,0,0.0
1690441105,58.49,58.49,58.49,58.49,0,0.0
1690441106,58.49,58.49,58.49,58.49,0,0.0
1690441107,58.49,58.49,58.49,58.49,0,0.0
1690441108,58.49,58.49,58.49,58.49,0,0.0
1690441109,58.49,58.49,58.49,58.49,0,0.0
1690441110,58.49,58.49,58.49,58.49,0,0.0
1690441111,58.49,58.49,58.49,58.49,0,0.0
1690441112,58.49,58.49,58.49,58.49,0,0.0
1690441113,58.49,58.49,58.49,58.49,0,0.0
1690441114,58.49,58.49,58.49,58.49,0,0.0
1690441115,58.49,58.49,58.49,58.49,0,0.0
1690441116,58.49,58.49,58.49,58.49,0,0.0
1690441117,58.49,58.49,58.49,58.49,0,0.0
1690441118,58.49,58.49,58.49,58.49,0,0.0
1690441119,58.49,58.49,58.49,58.49,0,0.0
1690441120,58.49,58.49,58.49,58.49,0,0.0
1690441121,58.49,58.49,58.49,58.49,0,0.0
1690441122,58.49,58.49,58.49,58.49,0,0.0
1690441123,58.49,58.49,58.49,58.49,0,0.0
1690441124,58.49,58.49,58.49,58.49,0,0.0
1690441125,58.49,58.49,58.49,58.49,0,0.0
1690441126,58.49,58.49,58.49,58.49,0,0.0
1690441127,58.49,58.49,58.49,58.49,0,0.0
1690441128,58.49,58.49,58.49,58.49,0,0.0
1690441129,58.49,58.49,58.49,58.49,0,0.0
1690441130,58.49,58.49,58.49,58.49,0,0.0
1690441131,58.49,58.49,58.49,58.49,0,0.0
1690441132,58.49,58.49,58.49,58.49,0,0.0
1690441133,58.49,58.49,58.49,58.49,0,0.0
1690441134,58.49,58.49,58.49,58.49,0,0.0
1690441135,58.49,58.49,58.49,58.49,0,0.0
1690441136,58.49,58.49,58.49,58.49,0,0.0
1690441137,58.49,58.49,58.49,58.49,0,0.0
1690441138,58.49,58.49,58.49,58.49,0,0.0
1690441139,58.49,58.49,58.49,58.49,0,0.0
1690441140,58.49,58.49,58.49,58.49,0,0.0
1690441141,58.49,58.49,58.49,58.49,0,0.0
1690441142,58.49,58.49,58.49,58.49,0,0.0
1690441143,58.49,58.49,58.49,58.49,0,0.0
1690441144,58.49,58.49,58.49,58.49,0,0.0
1690441145,58.49,58.49,58.49,58.49,0,0.0
1690441146,58.49,58.49,58.49,58.49,0,0.0
1690441147,58.49,58.49,58.49,58.49,0,0.0
1690441148,58.49,58.49,58.49,58.49,0,0.0
1690441149,58.49,58.49,58.49,58.49,0,0.0
1690441150,58.49,58.49,58.49,58.49,0,0.0
1690441151,58.49,58.49,58.49,58.49,0,0.0
1690441152,58.49,58.49,58.49,58.49,0,0.0
1690441153,58.49,58.49,58.49,58.49,0,0.0
1690441154,58.49,58.49,58.49,58.49,0,0.0
1690441155,58.49,58.49,58.49,58.49,0,0.0
1690441156,58.49,58.49,58.49,58.49,0,0.0
1690441157,58.49,58.49,58.49,58.49,0,0.0
1690441158,58.49,58.49,58.49,58.49,0,0.0
1690441159,58.49,58.49,58.49,58.49,0,0.0
1690441160,58.49,58.49,58.49,58.49,0,0.0
1690441161,58.49,58.49,58.49,58.49,0,0.0
1690441162,58.49,58.49,58.49,58.49,0,0.0
1690441163,58.49,58.49,58.49,58.49,0,0.0
1690441164,58.49,58.49,58.49,58.49,0,0.0
1690441165,58.49,58.49,58.49,58.49,0,0.0
1690441166,58.49,58.49,58.49,58.49,0,0.0
1690441167,58.49,58.49,58.49,58.49,0,0.0
1690441168,58.49,58.49,58.49,58.49,0,0.0
1690441169,58.49,58.49,58.49,58.49,0,0.0
1690441170,58.49,58.49,58.49,58.49,0,0.0
1690441171,58.49,58.49,58.49,58.49,0,0.0
1690441172,58.49,58.49,58.49,58.49,0,0.0
1690441173,58.49,58.49,58.49,58.49,0,0.0
1690441174,58.49,58.49,58.49,58.49,0,0.0
1690441175,58.49,58.49,58.49,58.49,0,0.0
1690441176,58.49,58.49,58.49,58.49,0,0.0
1690441177,58.49,58.49,58.49,58.49,0,0.0
1690441178,58.49,58.49,58.49,58.49,0,0.0
1690441179,58.49,58.49,58.49,58.49,0,0.0
1690441180,58.49,58.49,58.49,58.49,0,0.0
1690441181,58.49,58.49,58.49,58.49,0,0.0
1690441182,58.49,58.49,58.49,58.49,0,0.0
1690441183,58.49,58.49,58.49,58.49,0,0.0
1690441184,58.49,58.49,58.49,58.49,0,0.0
1690441185,58.49,58.49,58.49,58.49,0,0.0
1690441186,58.49,58.49,58.49,58.49,0,0.0
1690441187,58.49,58.49,58.49,58.49,0,0.0
1690441188,58.49,58.49,58.49,58.49,0,0.0
1690441189,58.49,58.49,58.49,58.49,0,0.0
1690441190,58.49,58.49,58.49,58.49,0,0.0
1690441191,58.49,58.49,58.49,58.49,0,0.0
1690441192,58.49,58.49,58.49,58.49,0,0.0
1690441193,58.49,58.49,58.49,58.49,0,0.0
1690441194,58.49,58.49,58.49,58.49,0,0.0
1690441195,58.49,58.49,58.49,58.49,0,0.0
1690441196,58.49,58.49,58.49,58.49,0,0.0
1690441197,58.49,58.49,58.49,58.49,0,0.0
1690441198,58.49,58.49,58.49,58.49,0,0.0
1690441199,58.49,58.49,58.49,58.49,0,0.0
1690441200,58.49,58.49,58.49,58.49,0,0.0
